med: 246682.5078250899/desvio: 3397.849371015659


Funcoes: 

Erros: 

1 : 

x <- c(244867.34280797266, 244867.34280797266, 244867.34280797266, 244867.34280797266, 244867.34280797266, 244867.34280797266, 244867.34280797266, 244867.34280797266, 244867.34280797266, 244867.34280797266, 244867.34280797266, 244867.34280797266, 244867.34280797266, 244867.34280797266, 244867.34280797266, 244867.34280797266, 244867.34280797266, 244867.34280797266, 244867.34280797266, 244867.34280797266, 244867.34280797266, 244867.34280797266, 244867.34280797266, 244867.34280797266, 244867.34280797266, 244867.34280797266, 244867.34280797266, 244867.34280797266, 244867.34280797266, 244867.34280797266, 244867.34280797266, 244867.34280797266, 244867.34280797266, 244867.34280797266, 244867.34280797266, 244867.34280797266, 244867.34280797266, 244867.34280797266, 244867.34280797266, 244867.34280797266, 244867.34280797266, 244867.34280797266, 244867.34280797266, 244867.34280797266, 244867.34280797266, 244867.34280797266, 244867.34280797266, 244867.34280797266, 244867.34280797266, 244867.34280797266, 244867.34280797266, 244867.34280797266, 244867.34280797266, 244867.34280797266, 244867.34280797266, 244867.34280797266, 244867.34280797266, 244867.34280797266, 244867.34280797266, 244867.34280797266, 244867.34280797266, 244867.34280797266, 244867.34280797266, 244867.34280797266, 244867.34280797266, 244867.34280797266, 244867.34280797266, 244867.34280797266, 244867.34280797266, 244867.34280797266, 244867.34280797266, 244867.34280797266, 244867.34280797266, 244867.34280797266, 244867.34280797266, 244867.34280797266, 244867.34280797266, 244867.34280797266, 244867.34280797266, 244867.34280797266, 244867.34280797266, 244867.34280797266, 244867.34280797266, 244867.34280797266, 244867.34280797266, 244867.34280797266, 244867.34280797266, 244867.34280797266, 244867.34280797266, 244867.34280797266, 244867.34280797266, 244867.34280797266, 244867.34280797266, 244867.34280797266, 244867.34280797266, 244867.34280797266, 244867.34280797266, 244867.34280797266, 244867.34280797266, 244867.34280797266) 

2 : 

x <- c(243680.90301156385, 243680.90301156385, 243680.90301156385, 243680.90301156385, 243680.90301156385, 243680.90301156385, 243680.90301156385, 243680.90301156385, 243680.90301156385, 243680.90301156385, 243680.90301156385, 243680.90301156385, 243680.90301156385, 243680.90301156385, 243680.90301156385, 243680.90301156385, 243680.90301156385, 243680.90301156385, 243680.90301156385, 243680.90301156385, 243680.90301156385, 243680.90301156385, 243680.90301156385, 243680.90301156385, 243680.90301156385, 243680.90301156385, 243680.90301156385, 243680.90301156385, 243680.90301156385, 243680.90301156385, 243680.90301156385, 243680.90301156385, 243680.90301156385, 243680.90301156385, 243680.90301156385, 243680.90301156385, 243680.90301156385, 243680.90301156385, 243680.90301156385, 243680.90301156385, 243680.90301156385, 243680.90301156385, 243680.90301156385, 243680.90301156385, 243680.90301156385, 243680.90301156385, 243680.90301156385, 243680.90301156385, 243680.90301156385, 243680.90301156385, 243680.90301156385, 243680.90301156385, 243680.90301156385, 243680.90301156385, 243680.90301156385, 243680.90301156385, 243680.90301156385, 243680.90301156385, 243680.90301156385, 243680.90301156385, 243680.90301156385, 243680.90301156385, 243680.90301156385, 243680.90301156385, 243680.90301156385, 243680.90301156385, 243680.90301156385, 243680.90301156385, 243680.90301156385, 243680.90301156385, 243680.90301156385, 243680.90301156385, 243680.90301156385, 243680.90301156385, 243680.90301156385, 243680.90301156385, 243680.90301156385, 243680.90301156385, 243680.90301156385, 243680.90301156385, 243680.90301156385, 243680.90301156385, 243680.90301156385, 243680.90301156385, 243680.90301156385, 243680.90301156385, 243680.90301156385, 243680.90301156385, 243680.90301156385, 243680.90301156385, 243680.90301156385, 243680.90301156385, 243680.90301156385, 243680.90301156385, 243680.90301156385, 243680.90301156385, 243680.90301156385, 243680.90301156385, 243680.90301156385, 243680.90301156385) 

3 : 

x <- c(243151.04098853524, 243151.04098853524, 243151.04098853524, 243151.04098853524, 243151.04098853524, 243151.04098853524, 243151.04098853524, 243151.04098853524, 243151.04098853524, 243151.04098853524, 243151.04098853524, 243151.04098853524, 243151.04098853524, 243151.04098853524, 243151.04098853524, 243151.04098853524, 243151.04098853524, 243151.04098853524, 243151.04098853524, 243151.04098853524, 243151.04098853524, 243151.04098853524, 243151.04098853524, 243151.04098853524, 243151.04098853524, 243151.04098853524, 243151.04098853524, 243151.04098853524, 243151.04098853524, 243151.04098853524, 243151.04098853524, 243151.04098853524, 243151.04098853524, 243151.04098853524, 243151.04098853524, 243151.04098853524, 243151.04098853524, 243151.04098853524, 243151.04098853524, 243151.04098853524, 243151.04098853524, 243151.04098853524, 243151.04098853524, 243151.04098853524, 243151.04098853524, 243151.04098853524, 243151.04098853524, 243151.04098853524, 243151.04098853524, 243151.04098853524, 243151.04098853524, 243151.04098853524, 243151.04098853524, 243151.04098853524, 243151.04098853524, 243151.04098853524, 243151.04098853524, 243151.04098853524, 243151.04098853524, 243151.04098853524, 243151.04098853524, 243151.04098853524, 243151.04098853524, 243151.04098853524, 243151.04098853524, 243151.04098853524, 243151.04098853524, 243151.04098853524, 243151.04098853524, 243151.04098853524, 243151.04098853524, 243151.04098853524, 243151.04098853524, 243151.04098853524, 243151.04098853524, 243151.04098853524, 243151.04098853524, 243151.04098853524, 243151.04098853524, 243151.04098853524, 243151.04098853524, 243151.04098853524, 243151.04098853524, 243151.04098853524, 243151.04098853524, 243151.04098853524, 243151.04098853524, 243151.04098853524, 243151.04098853524, 243151.04098853524, 243151.04098853524, 243151.04098853524, 243151.04098853524, 243151.04098853524, 243151.04098853524, 243151.04098853524, 243151.04098853524, 243151.04098853524, 243151.04098853524, 243151.04098853524) 

4 : 

x <- c(243767.44813028863, 243767.44813028863, 243767.44813028863, 243767.44813028863, 243767.44813028863, 243767.44813028863, 243767.44813028863, 243767.44813028863, 243767.44813028863, 243767.44813028863, 243767.44813028863, 243767.44813028863, 243767.44813028863, 243767.44813028863, 243767.44813028863, 243767.44813028863, 243767.44813028863, 243767.44813028863, 243767.44813028863, 243767.44813028863, 243767.44813028863, 243767.44813028863, 243767.44813028863, 243767.44813028863, 243767.44813028863, 243767.44813028863, 243767.44813028863, 243767.44813028863, 243767.44813028863, 243767.44813028863, 243767.44813028863, 243767.44813028863, 243767.44813028863, 243767.44813028863, 243767.44813028863, 243767.44813028863, 243767.44813028863, 243767.44813028863, 243767.44813028863, 243767.44813028863, 243767.44813028863, 243767.44813028863, 243767.44813028863, 243767.44813028863, 243767.44813028863, 243767.44813028863, 243767.44813028863, 243767.44813028863, 243767.44813028863, 243767.44813028863, 243767.44813028863, 243767.44813028863, 243767.44813028863, 243767.44813028863, 243767.44813028863, 243767.44813028863, 243767.44813028863, 243767.44813028863, 243767.44813028863, 243767.44813028863, 243767.44813028863, 243767.44813028863, 243767.44813028863, 243767.44813028863, 243767.44813028863, 243767.44813028863, 243767.44813028863, 243767.44813028863, 243767.44813028863, 243767.44813028863, 243767.44813028863, 243767.44813028863, 243767.44813028863, 243767.44813028863, 243767.44813028863, 243767.44813028863, 243767.44813028863, 243767.44813028863, 243767.44813028863, 243767.44813028863, 243767.44813028863, 243767.44813028863, 243767.44813028863, 243767.44813028863, 243767.44813028863, 243767.44813028863, 243767.44813028863, 243767.44813028863, 243767.44813028863, 243767.44813028863, 243767.44813028863, 243767.44813028863, 243767.44813028863, 243767.44813028863, 243767.44813028863, 243767.44813028863, 243767.44813028863, 243767.44813028863, 243767.44813028863, 243767.44813028863) 

5 : 

x <- c(251251.65067839826, 251251.65067839826, 251251.65067839826, 251251.65067839826, 251251.65067839826, 251251.65067839826, 251251.65067839826, 251251.65067839826, 251251.65067839826, 251251.65067839826, 251251.65067839826, 251251.65067839826, 251251.65067839826, 251251.65067839826, 251251.65067839826, 251251.65067839826, 251251.65067839826, 251251.65067839826, 251251.65067839826, 251251.65067839826, 251251.65067839826, 251251.65067839826, 251251.65067839826, 251251.65067839826, 251251.65067839826, 251251.65067839826, 251251.65067839826, 251251.65067839826, 251251.65067839826, 251251.65067839826, 251251.65067839826, 251251.65067839826, 251251.65067839826, 251251.65067839826, 251251.65067839826, 251251.65067839826, 251251.65067839826, 251251.65067839826, 251251.65067839826, 251251.65067839826, 251251.65067839826, 251251.65067839826, 251251.65067839826, 251251.65067839826, 251251.65067839826, 251251.65067839826, 251251.65067839826, 251251.65067839826, 251251.65067839826, 251251.65067839826, 251251.65067839826, 251251.65067839826, 251251.65067839826, 251251.65067839826, 251251.65067839826, 251251.65067839826, 251251.65067839826, 251251.65067839826, 251251.65067839826, 251251.65067839826, 251251.65067839826, 251251.65067839826, 251251.65067839826, 251251.65067839826, 251251.65067839826, 251251.65067839826, 251251.65067839826, 251251.65067839826, 251251.65067839826, 251251.65067839826, 251251.65067839826, 251251.65067839826, 251251.65067839826, 251251.65067839826, 251251.65067839826, 251251.65067839826, 251251.65067839826, 251251.65067839826, 251251.65067839826, 251251.65067839826, 251251.65067839826, 251251.65067839826, 251251.65067839826, 251251.65067839826, 251251.65067839826, 251251.65067839826, 251251.65067839826, 251251.65067839826, 251251.65067839826, 251251.65067839826, 251251.65067839826, 251251.65067839826, 251251.65067839826, 251251.65067839826, 251251.65067839826, 251251.65067839826, 251251.65067839826, 251251.65067839826, 251251.65067839826, 251251.65067839826) 

6 : 

x <- c(249614.6805254296, 249614.6805254296, 249614.6805254296, 249614.6805254296, 249614.6805254296, 249614.6805254296, 249614.6805254296, 249614.6805254296, 249614.6805254296, 249614.6805254296, 249614.6805254296, 249614.6805254296, 249614.6805254296, 249614.6805254296, 249614.6805254296, 249614.6805254296, 249614.6805254296, 249614.6805254296, 249614.6805254296, 249614.6805254296, 249614.6805254296, 249614.6805254296, 249614.6805254296, 249614.6805254296, 249614.6805254296, 249614.6805254296, 249614.6805254296, 249614.6805254296, 249614.6805254296, 249614.6805254296, 249614.6805254296, 249614.6805254296, 249614.6805254296, 249614.6805254296, 249614.6805254296, 249614.6805254296, 249614.6805254296, 249614.6805254296, 249614.6805254296, 249614.6805254296, 249614.6805254296, 249614.6805254296, 249614.6805254296, 249614.6805254296, 249614.6805254296, 249614.6805254296, 249614.6805254296, 249614.6805254296, 249614.6805254296, 249614.6805254296, 249614.6805254296, 249614.6805254296, 249614.6805254296, 249614.6805254296, 249614.6805254296, 249614.6805254296, 249614.6805254296, 249614.6805254296, 249614.6805254296, 249614.6805254296, 249614.6805254296, 249614.6805254296, 249614.6805254296, 249614.6805254296, 249614.6805254296, 249614.6805254296, 249614.6805254296, 249614.6805254296, 249614.6805254296, 249614.6805254296, 249614.6805254296, 249614.6805254296, 249614.6805254296, 249614.6805254296, 249614.6805254296, 249614.6805254296, 249614.6805254296, 249614.6805254296, 249614.6805254296, 249614.6805254296, 249614.6805254296, 249614.6805254296, 249614.6805254296, 249614.6805254296, 249614.6805254296, 249614.6805254296, 249614.6805254296, 249614.6805254296, 249614.6805254296, 249614.6805254296, 249614.6805254296, 249614.6805254296, 249614.6805254296, 249614.6805254296, 249614.6805254296, 249614.6805254296, 249614.6805254296, 249614.6805254296, 249614.6805254296, 249614.6805254296) 

7 : 

x <- c(253077.680230793, 253077.680230793, 253077.680230793, 253077.680230793, 253077.680230793, 253077.680230793, 253077.680230793, 253077.680230793, 253077.680230793, 253077.680230793, 253077.680230793, 253077.680230793, 253077.680230793, 253077.680230793, 253077.680230793, 253077.680230793, 253077.680230793, 253077.680230793, 253077.680230793, 253077.680230793, 253077.680230793, 253077.680230793, 253077.680230793, 253077.680230793, 253077.680230793, 253077.680230793, 253077.680230793, 253077.680230793, 253077.680230793, 253077.680230793, 253077.680230793, 253077.680230793, 253077.680230793, 253077.680230793, 253077.680230793, 253077.680230793, 253077.680230793, 253077.680230793, 253077.680230793, 253077.680230793, 253077.680230793, 253077.680230793, 253077.680230793, 253077.680230793, 253077.680230793, 253077.680230793, 253077.680230793, 253077.680230793, 253077.680230793, 253077.680230793, 253077.680230793, 253077.680230793, 253077.680230793, 253077.680230793, 253077.680230793, 253077.680230793, 253077.680230793, 253077.680230793, 253077.680230793, 253077.680230793, 253077.680230793, 253077.680230793, 253077.680230793, 253077.680230793, 253077.680230793, 253077.680230793, 253077.680230793, 253077.680230793, 253077.680230793, 253077.680230793, 253077.680230793, 253077.680230793, 253077.680230793, 253077.680230793, 253077.680230793, 253077.680230793, 253077.680230793, 253077.680230793, 253077.680230793, 253077.680230793, 253077.680230793, 253077.680230793, 253077.680230793, 253077.680230793, 253077.680230793, 253077.680230793, 253077.680230793, 253077.680230793, 253077.680230793, 253077.680230793, 253077.680230793, 253077.680230793, 253077.680230793, 253077.680230793, 253077.680230793, 253077.680230793, 253077.680230793, 253077.680230793, 253077.680230793, 253077.680230793) 

8 : 

x <- c(243984.63491759312, 243984.63491759312, 243984.63491759312, 243984.63491759312, 243984.63491759312, 243984.63491759312, 243984.63491759312, 243984.63491759312, 243984.63491759312, 243984.63491759312, 243984.63491759312, 243984.63491759312, 243984.63491759312, 243984.63491759312, 243984.63491759312, 243984.63491759312, 243984.63491759312, 243984.63491759312, 243984.63491759312, 243984.63491759312, 243984.63491759312, 243984.63491759312, 243984.63491759312, 243984.63491759312, 243984.63491759312, 243984.63491759312, 243984.63491759312, 243984.63491759312, 243984.63491759312, 243984.63491759312, 243984.63491759312, 243984.63491759312, 243984.63491759312, 243984.63491759312, 243984.63491759312, 243984.63491759312, 243984.63491759312, 243984.63491759312, 243984.63491759312, 243984.63491759312, 243984.63491759312, 243984.63491759312, 243984.63491759312, 243984.63491759312, 243984.63491759312, 243984.63491759312, 243984.63491759312, 243984.63491759312, 243984.63491759312, 243984.63491759312, 243984.63491759312, 243984.63491759312, 243984.63491759312, 243984.63491759312, 243984.63491759312, 243984.63491759312, 243984.63491759312, 243984.63491759312, 243984.63491759312, 243984.63491759312, 243984.63491759312, 243984.63491759312, 243984.63491759312, 243984.63491759312, 243984.63491759312, 243984.63491759312, 243984.63491759312, 243984.63491759312, 243984.63491759312, 243984.63491759312, 243984.63491759312, 243984.63491759312, 243984.63491759312, 243984.63491759312, 243984.63491759312, 243984.63491759312, 243984.63491759312, 243984.63491759312, 243984.63491759312, 243984.63491759312, 243984.63491759312, 243984.63491759312, 243984.63491759312, 243984.63491759312, 243984.63491759312, 243984.63491759312, 243984.63491759312, 243984.63491759312, 243984.63491759312, 243984.63491759312, 243984.63491759312, 243984.63491759312, 243984.63491759312, 243984.63491759312, 243984.63491759312, 243984.63491759312, 243984.63491759312, 243984.63491759312, 243984.63491759312, 243984.63491759312) 

9 : 

x <- c(251552.35996533374, 251552.35996533374, 251552.35996533374, 251552.35996533374, 251552.35996533374, 251552.35996533374, 251552.35996533374, 251552.35996533374, 251552.35996533374, 251552.35996533374, 251552.35996533374, 251552.35996533374, 251552.35996533374, 251552.35996533374, 251552.35996533374, 251552.35996533374, 251552.35996533374, 251552.35996533374, 251552.35996533374, 251552.35996533374, 251552.35996533374, 251552.35996533374, 251552.35996533374, 251552.35996533374, 251552.35996533374, 251552.35996533374, 251552.35996533374, 251552.35996533374, 251552.35996533374, 251552.35996533374, 251552.35996533374, 251552.35996533374, 251552.35996533374, 251552.35996533374, 251552.35996533374, 251552.35996533374, 251552.35996533374, 251552.35996533374, 251552.35996533374, 251552.35996533374, 251552.35996533374, 251552.35996533374, 251552.35996533374, 251552.35996533374, 251552.35996533374, 251552.35996533374, 251552.35996533374, 251552.35996533374, 251552.35996533374, 251552.35996533374, 251552.35996533374, 251552.35996533374, 251552.35996533374, 251552.35996533374, 251552.35996533374, 251552.35996533374, 251552.35996533374, 251552.35996533374, 251552.35996533374, 251552.35996533374, 251552.35996533374, 251552.35996533374, 251552.35996533374, 251552.35996533374, 251552.35996533374, 251552.35996533374, 251552.35996533374, 251552.35996533374, 251552.35996533374, 251552.35996533374, 251552.35996533374, 251552.35996533374, 251552.35996533374, 251552.35996533374, 251552.35996533374, 251552.35996533374, 251552.35996533374, 251552.35996533374, 251552.35996533374, 251552.35996533374, 251552.35996533374, 251552.35996533374, 251552.35996533374, 251552.35996533374, 251552.35996533374, 251552.35996533374, 251552.35996533374, 251552.35996533374, 251552.35996533374, 251552.35996533374, 251552.35996533374, 251552.35996533374, 251552.35996533374, 251552.35996533374, 251552.35996533374, 251552.35996533374, 251552.35996533374, 251552.35996533374, 251552.35996533374, 251552.35996533374) 

10 : 

x <- c(243118.73412726072, 243118.73412726072, 243118.73412726072, 243118.73412726072, 243118.73412726072, 243118.73412726072, 243118.73412726072, 243118.73412726072, 243118.73412726072, 243118.73412726072, 243118.73412726072, 243118.73412726072, 243118.73412726072, 243118.73412726072, 243118.73412726072, 243118.73412726072, 243118.73412726072, 243118.73412726072, 243118.73412726072, 243118.73412726072, 243118.73412726072, 243118.73412726072, 243118.73412726072, 243118.73412726072, 243118.73412726072, 243118.73412726072, 243118.73412726072, 243118.73412726072, 243118.73412726072, 243118.73412726072, 243118.73412726072, 243118.73412726072, 243118.73412726072, 243118.73412726072, 243118.73412726072, 243118.73412726072, 243118.73412726072, 243118.73412726072, 243118.73412726072, 243118.73412726072, 243118.73412726072, 243118.73412726072, 243118.73412726072, 243118.73412726072, 243118.73412726072, 243118.73412726072, 243118.73412726072, 243118.73412726072, 243118.73412726072, 243118.73412726072, 243118.73412726072, 243118.73412726072, 243118.73412726072, 243118.73412726072, 243118.73412726072, 243118.73412726072, 243118.73412726072, 243118.73412726072, 243118.73412726072, 243118.73412726072, 243118.73412726072, 243118.73412726072, 243118.73412726072, 243118.73412726072, 243118.73412726072, 243118.73412726072, 243118.73412726072, 243118.73412726072, 243118.73412726072, 243118.73412726072, 243118.73412726072, 243118.73412726072, 243118.73412726072, 243118.73412726072, 243118.73412726072, 243118.73412726072, 243118.73412726072, 243118.73412726072, 243118.73412726072, 243118.73412726072, 243118.73412726072, 243118.73412726072, 243118.73412726072, 243118.73412726072, 243118.73412726072, 243118.73412726072, 243118.73412726072, 243118.73412726072, 243118.73412726072, 243118.73412726072, 243118.73412726072, 243118.73412726072, 243118.73412726072, 243118.73412726072, 243118.73412726072, 243118.73412726072, 243118.73412726072, 243118.73412726072, 243118.73412726072, 243118.73412726072) 

11 : 

x <- c(243134.11794460524, 243134.11794460524, 243134.11794460524, 243134.11794460524, 243134.11794460524, 243134.11794460524, 243134.11794460524, 243134.11794460524, 243134.11794460524, 243134.11794460524, 243134.11794460524, 243134.11794460524, 243134.11794460524, 243134.11794460524, 243134.11794460524, 243134.11794460524, 243134.11794460524, 243134.11794460524, 243134.11794460524, 243134.11794460524, 243134.11794460524, 243134.11794460524, 243134.11794460524, 243134.11794460524, 243134.11794460524, 243134.11794460524, 243134.11794460524, 243134.11794460524, 243134.11794460524, 243134.11794460524, 243134.11794460524, 243134.11794460524, 243134.11794460524, 243134.11794460524, 243134.11794460524, 243134.11794460524, 243134.11794460524, 243134.11794460524, 243134.11794460524, 243134.11794460524, 243134.11794460524, 243134.11794460524, 243134.11794460524, 243134.11794460524, 243134.11794460524, 243134.11794460524, 243134.11794460524, 243134.11794460524, 243134.11794460524, 243134.11794460524, 243134.11794460524, 243134.11794460524, 243134.11794460524, 243134.11794460524, 243134.11794460524, 243134.11794460524, 243134.11794460524, 243134.11794460524, 243134.11794460524, 243134.11794460524, 243134.11794460524, 243134.11794460524, 243134.11794460524, 243134.11794460524, 243134.11794460524, 243134.11794460524, 243134.11794460524, 243134.11794460524, 243134.11794460524, 243134.11794460524, 243134.11794460524, 243134.11794460524, 243134.11794460524, 243134.11794460524, 243134.11794460524, 243134.11794460524, 243134.11794460524, 243134.11794460524, 243134.11794460524, 243134.11794460524, 243134.11794460524, 243134.11794460524, 243134.11794460524, 243134.11794460524, 243134.11794460524, 243134.11794460524, 243134.11794460524, 243134.11794460524, 243134.11794460524, 243134.11794460524, 243134.11794460524, 243134.11794460524, 243134.11794460524, 243134.11794460524, 243134.11794460524, 243134.11794460524, 243134.11794460524, 243134.11794460524, 243134.11794460524, 243134.11794460524) 

12 : 

x <- c(246079.95204926777, 246079.95204926777, 246079.95204926777, 246079.95204926777, 246079.95204926777, 246079.95204926777, 246079.95204926777, 246079.95204926777, 246079.95204926777, 246079.95204926777, 246079.95204926777, 246079.95204926777, 246079.95204926777, 246079.95204926777, 246079.95204926777, 246079.95204926777, 246079.95204926777, 246079.95204926777, 246079.95204926777, 246079.95204926777, 246079.95204926777, 246079.95204926777, 246079.95204926777, 246079.95204926777, 246079.95204926777, 246079.95204926777, 246079.95204926777, 246079.95204926777, 246079.95204926777, 246079.95204926777, 246079.95204926777, 246079.95204926777, 246079.95204926777, 246079.95204926777, 246079.95204926777, 246079.95204926777, 246079.95204926777, 246079.95204926777, 246079.95204926777, 246079.95204926777, 246079.95204926777, 246079.95204926777, 246079.95204926777, 246079.95204926777, 246079.95204926777, 246079.95204926777, 246079.95204926777, 246079.95204926777, 246079.95204926777, 246079.95204926777, 246079.95204926777, 246079.95204926777, 246079.95204926777, 246079.95204926777, 246079.95204926777, 246079.95204926777, 246079.95204926777, 246079.95204926777, 246079.95204926777, 246079.95204926777, 246079.95204926777, 246079.95204926777, 246079.95204926777, 246079.95204926777, 246079.95204926777, 246079.95204926777, 246079.95204926777, 246079.95204926777, 246079.95204926777, 246079.95204926777, 246079.95204926777, 246079.95204926777, 246079.95204926777, 246079.95204926777, 246079.95204926777, 246079.95204926777, 246079.95204926777, 246079.95204926777, 246079.95204926777, 246079.95204926777, 246079.95204926777, 246079.95204926777, 246079.95204926777, 246079.95204926777, 246079.95204926777, 246079.95204926777, 246079.95204926777, 246079.95204926777, 246079.95204926777, 246079.95204926777, 246079.95204926777, 246079.95204926777, 246079.95204926777, 246079.95204926777, 246079.95204926777, 246079.95204926777, 246079.95204926777, 246079.95204926777, 246079.95204926777, 246079.95204926777) 

13 : 

x <- c(242365.1262419154, 242365.1262419154, 242365.1262419154, 242365.1262419154, 242365.1262419154, 242365.1262419154, 242365.1262419154, 242365.1262419154, 242365.1262419154, 242365.1262419154, 242365.1262419154, 242365.1262419154, 242365.1262419154, 242365.1262419154, 242365.1262419154, 242365.1262419154, 242365.1262419154, 242365.1262419154, 242365.1262419154, 242365.1262419154, 242365.1262419154, 242365.1262419154, 242365.1262419154, 242365.1262419154, 242365.1262419154, 242365.1262419154, 242365.1262419154, 242365.1262419154, 242365.1262419154, 242365.1262419154, 242365.1262419154, 242365.1262419154, 242365.1262419154, 242365.1262419154, 242365.1262419154, 242365.1262419154, 242365.1262419154, 242365.1262419154, 242365.1262419154, 242365.1262419154, 242365.1262419154, 242365.1262419154, 242365.1262419154, 242365.1262419154, 242365.1262419154, 242365.1262419154, 242365.1262419154, 242365.1262419154, 242365.1262419154, 242365.1262419154, 242365.1262419154, 242365.1262419154, 242365.1262419154, 242365.1262419154, 242365.1262419154, 242365.1262419154, 242365.1262419154, 242365.1262419154, 242365.1262419154, 242365.1262419154, 242365.1262419154, 242365.1262419154, 242365.1262419154, 242365.1262419154, 242365.1262419154, 242365.1262419154, 242365.1262419154, 242365.1262419154, 242365.1262419154, 242365.1262419154, 242365.1262419154, 242365.1262419154, 242365.1262419154, 242365.1262419154, 242365.1262419154, 242365.1262419154, 242365.1262419154, 242365.1262419154, 242365.1262419154, 242365.1262419154, 242365.1262419154, 242365.1262419154, 242365.1262419154, 242365.1262419154, 242365.1262419154, 242365.1262419154, 242365.1262419154, 242365.1262419154, 242365.1262419154, 242365.1262419154, 242365.1262419154, 242365.1262419154, 242365.1262419154, 242365.1262419154, 242365.1262419154, 242365.1262419154, 242365.1262419154, 242365.1262419154, 242365.1262419154, 242365.1262419154) 

14 : 

x <- c(247011.0066370052, 247011.0066370052, 247011.0066370052, 247011.0066370052, 247011.0066370052, 247011.0066370052, 247011.0066370052, 247011.0066370052, 247011.0066370052, 247011.0066370052, 247011.0066370052, 247011.0066370052, 247011.0066370052, 247011.0066370052, 247011.0066370052, 247011.0066370052, 247011.0066370052, 247011.0066370052, 247011.0066370052, 247011.0066370052, 247011.0066370052, 247011.0066370052, 247011.0066370052, 247011.0066370052, 247011.0066370052, 247011.0066370052, 247011.0066370052, 247011.0066370052, 247011.0066370052, 247011.0066370052, 247011.0066370052, 247011.0066370052, 247011.0066370052, 247011.0066370052, 247011.0066370052, 247011.0066370052, 247011.0066370052, 247011.0066370052, 247011.0066370052, 247011.0066370052, 247011.0066370052, 247011.0066370052, 247011.0066370052, 247011.0066370052, 247011.0066370052, 247011.0066370052, 247011.0066370052, 247011.0066370052, 247011.0066370052, 247011.0066370052, 247011.0066370052, 247011.0066370052, 247011.0066370052, 247011.0066370052, 247011.0066370052, 247011.0066370052, 247011.0066370052, 247011.0066370052, 247011.0066370052, 247011.0066370052, 247011.0066370052, 247011.0066370052, 247011.0066370052, 247011.0066370052, 247011.0066370052, 247011.0066370052, 247011.0066370052, 247011.0066370052, 247011.0066370052, 247011.0066370052, 247011.0066370052, 247011.0066370052, 247011.0066370052, 247011.0066370052, 247011.0066370052, 247011.0066370052, 247011.0066370052, 247011.0066370052, 247011.0066370052, 247011.0066370052, 247011.0066370052, 247011.0066370052, 247011.0066370052, 247011.0066370052, 247011.0066370052, 247011.0066370052, 247011.0066370052, 247011.0066370052, 247011.0066370052, 247011.0066370052, 247011.0066370052, 247011.0066370052, 247011.0066370052, 247011.0066370052, 247011.0066370052, 247011.0066370052, 247011.0066370052, 247011.0066370052, 247011.0066370052, 247011.0066370052) 

15 : 

x <- c(253423.3672691143, 253423.3672691143, 253423.3672691143, 253423.3672691143, 253423.3672691143, 253423.3672691143, 253423.3672691143, 253423.3672691143, 253423.3672691143, 253423.3672691143, 253423.3672691143, 253423.3672691143, 253423.3672691143, 253423.3672691143, 253423.3672691143, 253423.3672691143, 253423.3672691143, 253423.3672691143, 253423.3672691143, 253423.3672691143, 253423.3672691143, 253423.3672691143, 253423.3672691143, 253423.3672691143, 253423.3672691143, 253423.3672691143, 253423.3672691143, 253423.3672691143, 253423.3672691143, 253423.3672691143, 253423.3672691143, 253423.3672691143, 253423.3672691143, 253423.3672691143, 253423.3672691143, 253423.3672691143, 253423.3672691143, 253423.3672691143, 253423.3672691143, 253423.3672691143, 253423.3672691143, 253423.3672691143, 253423.3672691143, 253423.3672691143, 253423.3672691143, 253423.3672691143, 253423.3672691143, 253423.3672691143, 253423.3672691143, 253423.3672691143, 253423.3672691143, 253423.3672691143, 253423.3672691143, 253423.3672691143, 253423.3672691143, 253423.3672691143, 253423.3672691143, 253423.3672691143, 253423.3672691143, 253423.3672691143, 253423.3672691143, 253423.3672691143, 253423.3672691143, 253423.3672691143, 253423.3672691143, 253423.3672691143, 253423.3672691143, 253423.3672691143, 253423.3672691143, 253423.3672691143, 253423.3672691143, 253423.3672691143, 253423.3672691143, 253423.3672691143, 253423.3672691143, 253423.3672691143, 253423.3672691143, 253423.3672691143, 253423.3672691143, 253423.3672691143, 253423.3672691143, 253423.3672691143, 253423.3672691143, 253423.3672691143, 253423.3672691143, 253423.3672691143, 253423.3672691143, 253423.3672691143, 253423.3672691143, 253423.3672691143, 253423.3672691143, 253423.3672691143, 253423.3672691143, 253423.3672691143, 253423.3672691143, 253423.3672691143, 253423.3672691143, 253423.3672691143, 253423.3672691143, 253423.3672691143) 

16 : 

x <- c(242768.78041938305, 242768.78041938305, 242768.78041938305, 242768.78041938305, 242768.78041938305, 242768.78041938305, 242768.78041938305, 242768.78041938305, 242768.78041938305, 242768.78041938305, 242768.78041938305, 242768.78041938305, 242768.78041938305, 242768.78041938305, 242768.78041938305, 242768.78041938305, 242768.78041938305, 242768.78041938305, 242768.78041938305, 242768.78041938305, 242768.78041938305, 242768.78041938305, 242768.78041938305, 242768.78041938305, 242768.78041938305, 242768.78041938305, 242768.78041938305, 242768.78041938305, 242768.78041938305, 242768.78041938305, 242768.78041938305, 242768.78041938305, 242768.78041938305, 242768.78041938305, 242768.78041938305, 242768.78041938305, 242768.78041938305, 242768.78041938305, 242768.78041938305, 242768.78041938305, 242768.78041938305, 242768.78041938305, 242768.78041938305, 242768.78041938305, 242768.78041938305, 242768.78041938305, 242768.78041938305, 242768.78041938305, 242768.78041938305, 242768.78041938305, 242768.78041938305, 242768.78041938305, 242768.78041938305, 242768.78041938305, 242768.78041938305, 242768.78041938305, 242768.78041938305, 242768.78041938305, 242768.78041938305, 242768.78041938305, 242768.78041938305, 242768.78041938305, 242768.78041938305, 242768.78041938305, 242768.78041938305, 242768.78041938305, 242768.78041938305, 242768.78041938305, 242768.78041938305, 242768.78041938305, 242768.78041938305, 242768.78041938305, 242768.78041938305, 242768.78041938305, 242768.78041938305, 242768.78041938305, 242768.78041938305, 242768.78041938305, 242768.78041938305, 242768.78041938305, 242768.78041938305, 242768.78041938305, 242768.78041938305, 242768.78041938305, 242768.78041938305, 242768.78041938305, 242768.78041938305, 242768.78041938305, 242768.78041938305, 242768.78041938305, 242768.78041938305, 242768.78041938305, 242768.78041938305, 242768.78041938305, 242768.78041938305, 242768.78041938305, 242768.78041938305, 242768.78041938305, 242768.78041938305, 242768.78041938305) 

17 : 

x <- c(250779.76879434427, 250779.76879434427, 250779.76879434427, 250779.76879434427, 250779.76879434427, 250779.76879434427, 250779.76879434427, 250779.76879434427, 250779.76879434427, 250779.76879434427, 250779.76879434427, 250779.76879434427, 250779.76879434427, 250779.76879434427, 250779.76879434427, 250779.76879434427, 250779.76879434427, 250779.76879434427, 250779.76879434427, 250779.76879434427, 250779.76879434427, 250779.76879434427, 250779.76879434427, 250779.76879434427, 250779.76879434427, 250779.76879434427, 250779.76879434427, 250779.76879434427, 250779.76879434427, 250779.76879434427, 250779.76879434427, 250779.76879434427, 250779.76879434427, 250779.76879434427, 250779.76879434427, 250779.76879434427, 250779.76879434427, 250779.76879434427, 250779.76879434427, 250779.76879434427, 250779.76879434427, 250779.76879434427, 250779.76879434427, 250779.76879434427, 250779.76879434427, 250779.76879434427, 250779.76879434427, 250779.76879434427, 250779.76879434427, 250779.76879434427, 250779.76879434427, 250779.76879434427, 250779.76879434427, 250779.76879434427, 250779.76879434427, 250779.76879434427, 250779.76879434427, 250779.76879434427, 250779.76879434427, 250779.76879434427, 250779.76879434427, 250779.76879434427, 250779.76879434427, 250779.76879434427, 250779.76879434427, 250779.76879434427, 250779.76879434427, 250779.76879434427, 250779.76879434427, 250779.76879434427, 250779.76879434427, 250779.76879434427, 250779.76879434427, 250779.76879434427, 250779.76879434427, 250779.76879434427, 250779.76879434427, 250779.76879434427, 250779.76879434427, 250779.76879434427, 250779.76879434427, 250779.76879434427, 250779.76879434427, 250779.76879434427, 250779.76879434427, 250779.76879434427, 250779.76879434427, 250779.76879434427, 250779.76879434427, 250779.76879434427, 250779.76879434427, 250779.76879434427, 250779.76879434427, 250779.76879434427, 250779.76879434427, 250779.76879434427, 250779.76879434427, 250779.76879434427, 250779.76879434427, 250779.76879434427) 

18 : 

x <- c(248138.07853683247, 248138.07853683247, 248138.07853683247, 248138.07853683247, 248138.07853683247, 248138.07853683247, 248138.07853683247, 248138.07853683247, 248138.07853683247, 248138.07853683247, 248138.07853683247, 248138.07853683247, 248138.07853683247, 248138.07853683247, 248138.07853683247, 248138.07853683247, 248138.07853683247, 248138.07853683247, 248138.07853683247, 248138.07853683247, 248138.07853683247, 248138.07853683247, 248138.07853683247, 248138.07853683247, 248138.07853683247, 248138.07853683247, 248138.07853683247, 248138.07853683247, 248138.07853683247, 248138.07853683247, 248138.07853683247, 248138.07853683247, 248138.07853683247, 248138.07853683247, 248138.07853683247, 248138.07853683247, 248138.07853683247, 248138.07853683247, 248138.07853683247, 248138.07853683247, 248138.07853683247, 248138.07853683247, 248138.07853683247, 248138.07853683247, 248138.07853683247, 248138.07853683247, 248138.07853683247, 248138.07853683247, 248138.07853683247, 248138.07853683247, 248138.07853683247, 248138.07853683247, 248138.07853683247, 248138.07853683247, 248138.07853683247, 248138.07853683247, 248138.07853683247, 248138.07853683247, 248138.07853683247, 248138.07853683247, 248138.07853683247, 248138.07853683247, 248138.07853683247, 248138.07853683247, 248138.07853683247, 248138.07853683247, 248138.07853683247, 248138.07853683247, 248138.07853683247, 248138.07853683247, 248138.07853683247, 248138.07853683247, 248138.07853683247, 248138.07853683247, 248138.07853683247, 248138.07853683247, 248138.07853683247, 248138.07853683247, 248138.07853683247, 248138.07853683247, 248138.07853683247, 248138.07853683247, 248138.07853683247, 248138.07853683247, 248138.07853683247, 248138.07853683247, 248138.07853683247, 248138.07853683247, 248138.07853683247, 248138.07853683247, 248138.07853683247, 248138.07853683247, 248138.07853683247, 248138.07853683247, 248138.07853683247, 248138.07853683247, 248138.07853683247, 248138.07853683247, 248138.07853683247, 248138.07853683247) 

19 : 

x <- c(246775.56303945594, 246775.56303945594, 246775.56303945594, 246775.56303945594, 246775.56303945594, 246775.56303945594, 246775.56303945594, 246775.56303945594, 246775.56303945594, 246775.56303945594, 246775.56303945594, 246775.56303945594, 246775.56303945594, 246775.56303945594, 246775.56303945594, 246775.56303945594, 246775.56303945594, 246775.56303945594, 246775.56303945594, 246775.56303945594, 246775.56303945594, 246775.56303945594, 246775.56303945594, 246775.56303945594, 246775.56303945594, 246775.56303945594, 246775.56303945594, 246775.56303945594, 246775.56303945594, 246775.56303945594, 246775.56303945594, 246775.56303945594, 246775.56303945594, 246775.56303945594, 246775.56303945594, 246775.56303945594, 246775.56303945594, 246775.56303945594, 246775.56303945594, 246775.56303945594, 246775.56303945594, 246775.56303945594, 246775.56303945594, 246775.56303945594, 246775.56303945594, 246775.56303945594, 246775.56303945594, 246775.56303945594, 246775.56303945594, 246775.56303945594, 246775.56303945594, 246775.56303945594, 246775.56303945594, 246775.56303945594, 246775.56303945594, 246775.56303945594, 246775.56303945594, 246775.56303945594, 246775.56303945594, 246775.56303945594, 246775.56303945594, 246775.56303945594, 246775.56303945594, 246775.56303945594, 246775.56303945594, 246775.56303945594, 246775.56303945594, 246775.56303945594, 246775.56303945594, 246775.56303945594, 246775.56303945594, 246775.56303945594, 246775.56303945594, 246775.56303945594, 246775.56303945594, 246775.56303945594, 246775.56303945594, 246775.56303945594, 246775.56303945594, 246775.56303945594, 246775.56303945594, 246775.56303945594, 246775.56303945594, 246775.56303945594, 246775.56303945594, 246775.56303945594, 246775.56303945594, 246775.56303945594, 246775.56303945594, 246775.56303945594, 246775.56303945594, 246775.56303945594, 246775.56303945594, 246775.56303945594, 246775.56303945594, 246775.56303945594, 246775.56303945594, 246775.56303945594, 246775.56303945594, 246775.56303945594) 

20 : 

x <- c(249961.1285139286, 249961.1285139286, 249961.1285139286, 249961.1285139286, 249961.1285139286, 249961.1285139286, 249961.1285139286, 249961.1285139286, 249961.1285139286, 249961.1285139286, 249961.1285139286, 249961.1285139286, 249961.1285139286, 249961.1285139286, 249961.1285139286, 249961.1285139286, 249961.1285139286, 249961.1285139286, 249961.1285139286, 249961.1285139286, 249961.1285139286, 249961.1285139286, 249961.1285139286, 249961.1285139286, 249961.1285139286, 249961.1285139286, 249961.1285139286, 249961.1285139286, 249961.1285139286, 249961.1285139286, 249961.1285139286, 249961.1285139286, 249961.1285139286, 249961.1285139286, 249961.1285139286, 249961.1285139286, 249961.1285139286, 249961.1285139286, 249961.1285139286, 249961.1285139286, 249961.1285139286, 249961.1285139286, 249961.1285139286, 249961.1285139286, 249961.1285139286, 249961.1285139286, 249961.1285139286, 249961.1285139286, 249961.1285139286, 249961.1285139286, 249961.1285139286, 249961.1285139286, 249961.1285139286, 249961.1285139286, 249961.1285139286, 249961.1285139286, 249961.1285139286, 249961.1285139286, 249961.1285139286, 249961.1285139286, 249961.1285139286, 249961.1285139286, 249961.1285139286, 249961.1285139286, 249961.1285139286, 249961.1285139286, 249961.1285139286, 249961.1285139286, 249961.1285139286, 249961.1285139286, 249961.1285139286, 249961.1285139286, 249961.1285139286, 249961.1285139286, 249961.1285139286, 249961.1285139286, 249961.1285139286, 249961.1285139286, 249961.1285139286, 249961.1285139286, 249961.1285139286, 249961.1285139286, 249961.1285139286, 249961.1285139286, 249961.1285139286, 249961.1285139286, 249961.1285139286, 249961.1285139286, 249961.1285139286, 249961.1285139286, 249961.1285139286, 249961.1285139286, 249961.1285139286, 249961.1285139286, 249961.1285139286, 249961.1285139286, 249961.1285139286, 249961.1285139286, 249961.1285139286, 249961.1285139286) 

21 : 

x <- c(246470.533072367, 246470.533072367, 246470.533072367, 246470.533072367, 246470.533072367, 246470.533072367, 246470.533072367, 246470.533072367, 246470.533072367, 246470.533072367, 246470.533072367, 246470.533072367, 246470.533072367, 246470.533072367, 246470.533072367, 246470.533072367, 246470.533072367, 246470.533072367, 246470.533072367, 246470.533072367, 246470.533072367, 246470.533072367, 246470.533072367, 246470.533072367, 246470.533072367, 246470.533072367, 246470.533072367, 246470.533072367, 246470.533072367, 246470.533072367, 246470.533072367, 246470.533072367, 246470.533072367, 246470.533072367, 246470.533072367, 246470.533072367, 246470.533072367, 246470.533072367, 246470.533072367, 246470.533072367, 246470.533072367, 246470.533072367, 246470.533072367, 246470.533072367, 246470.533072367, 246470.533072367, 246470.533072367, 246470.533072367, 246470.533072367, 246470.533072367, 246470.533072367, 246470.533072367, 246470.533072367, 246470.533072367, 246470.533072367, 246470.533072367, 246470.533072367, 246470.533072367, 246470.533072367, 246470.533072367, 246470.533072367, 246470.533072367, 246470.533072367, 246470.533072367, 246470.533072367, 246470.533072367, 246470.533072367, 246470.533072367, 246470.533072367, 246470.533072367, 246470.533072367, 246470.533072367, 246470.533072367, 246470.533072367, 246470.533072367, 246470.533072367, 246470.533072367, 246470.533072367, 246470.533072367, 246470.533072367, 246470.533072367, 246470.533072367, 246470.533072367, 246470.533072367, 246470.533072367, 246470.533072367, 246470.533072367, 246470.533072367, 246470.533072367, 246470.533072367, 246470.533072367, 246470.533072367, 246470.533072367, 246470.533072367, 246470.533072367, 246470.533072367, 246470.533072367, 246470.533072367, 246470.533072367, 246470.533072367) 

22 : 

x <- c(251305.23452306044, 251305.23452306044, 251305.23452306044, 251305.23452306044, 251305.23452306044, 251305.23452306044, 251305.23452306044, 251305.23452306044, 251305.23452306044, 251305.23452306044, 251305.23452306044, 251305.23452306044, 251305.23452306044, 251305.23452306044, 251305.23452306044, 251305.23452306044, 251305.23452306044, 251305.23452306044, 251305.23452306044, 251305.23452306044, 251305.23452306044, 251305.23452306044, 251305.23452306044, 251305.23452306044, 251305.23452306044, 251305.23452306044, 251305.23452306044, 251305.23452306044, 251305.23452306044, 251305.23452306044, 251305.23452306044, 251305.23452306044, 251305.23452306044, 251305.23452306044, 251305.23452306044, 251305.23452306044, 251305.23452306044, 251305.23452306044, 251305.23452306044, 251305.23452306044, 251305.23452306044, 251305.23452306044, 251305.23452306044, 251305.23452306044, 251305.23452306044, 251305.23452306044, 251305.23452306044, 251305.23452306044, 251305.23452306044, 251305.23452306044, 251305.23452306044, 251305.23452306044, 251305.23452306044, 251305.23452306044, 251305.23452306044, 251305.23452306044, 251305.23452306044, 251305.23452306044, 251305.23452306044, 251305.23452306044, 251305.23452306044, 251305.23452306044, 251305.23452306044, 251305.23452306044, 251305.23452306044, 251305.23452306044, 251305.23452306044, 251305.23452306044, 251305.23452306044, 251305.23452306044, 251305.23452306044, 251305.23452306044, 251305.23452306044, 251305.23452306044, 251305.23452306044, 251305.23452306044, 251305.23452306044, 251305.23452306044, 251305.23452306044, 251305.23452306044, 251305.23452306044, 251305.23452306044, 251305.23452306044, 251305.23452306044, 251305.23452306044, 251305.23452306044, 251305.23452306044, 251305.23452306044, 251305.23452306044, 251305.23452306044, 251305.23452306044, 251305.23452306044, 251305.23452306044, 251305.23452306044, 251305.23452306044, 251305.23452306044, 251305.23452306044, 251305.23452306044, 251305.23452306044, 251305.23452306044) 

23 : 

x <- c(243849.86886238577, 243849.86886238577, 243849.86886238577, 243849.86886238577, 243849.86886238577, 243849.86886238577, 243849.86886238577, 243849.86886238577, 243849.86886238577, 243849.86886238577, 243849.86886238577, 243849.86886238577, 243849.86886238577, 243849.86886238577, 243849.86886238577, 243849.86886238577, 243849.86886238577, 243849.86886238577, 243849.86886238577, 243849.86886238577, 243849.86886238577, 243849.86886238577, 243849.86886238577, 243849.86886238577, 243849.86886238577, 243849.86886238577, 243849.86886238577, 243849.86886238577, 243849.86886238577, 243849.86886238577, 243849.86886238577, 243849.86886238577, 243849.86886238577, 243849.86886238577, 243849.86886238577, 243849.86886238577, 243849.86886238577, 243849.86886238577, 243849.86886238577, 243849.86886238577, 243849.86886238577, 243849.86886238577, 243849.86886238577, 243849.86886238577, 243849.86886238577, 243849.86886238577, 243849.86886238577, 243849.86886238577, 243849.86886238577, 243849.86886238577, 243849.86886238577, 243849.86886238577, 243849.86886238577, 243849.86886238577, 243849.86886238577, 243849.86886238577, 243849.86886238577, 243849.86886238577, 243849.86886238577, 243849.86886238577, 243849.86886238577, 243849.86886238577, 243849.86886238577, 243849.86886238577, 243849.86886238577, 243849.86886238577, 243849.86886238577, 243849.86886238577, 243849.86886238577, 243849.86886238577, 243849.86886238577, 243849.86886238577, 243849.86886238577, 243849.86886238577, 243849.86886238577, 243849.86886238577, 243849.86886238577, 243849.86886238577, 243849.86886238577, 243849.86886238577, 243849.86886238577, 243849.86886238577, 243849.86886238577, 243849.86886238577, 243849.86886238577, 243849.86886238577, 243849.86886238577, 243849.86886238577, 243849.86886238577, 243849.86886238577, 243849.86886238577, 243849.86886238577, 243849.86886238577, 243849.86886238577, 243849.86886238577, 243849.86886238577, 243849.86886238577, 243849.86886238577, 243849.86886238577, 243849.86886238577) 

24 : 

x <- c(242614.83778169443, 242614.83778169443, 242614.83778169443, 242614.83778169443, 242614.83778169443, 242614.83778169443, 242614.83778169443, 242614.83778169443, 242614.83778169443, 242614.83778169443, 242614.83778169443, 242614.83778169443, 242614.83778169443, 242614.83778169443, 242614.83778169443, 242614.83778169443, 242614.83778169443, 242614.83778169443, 242614.83778169443, 242614.83778169443, 242614.83778169443, 242614.83778169443, 242614.83778169443, 242614.83778169443, 242614.83778169443, 242614.83778169443, 242614.83778169443, 242614.83778169443, 242614.83778169443, 242614.83778169443, 242614.83778169443, 242614.83778169443, 242614.83778169443, 242614.83778169443, 242614.83778169443, 242614.83778169443, 242614.83778169443, 242614.83778169443, 242614.83778169443, 242614.83778169443, 242614.83778169443, 242614.83778169443, 242614.83778169443, 242614.83778169443, 242614.83778169443, 242614.83778169443, 242614.83778169443, 242614.83778169443, 242614.83778169443, 242614.83778169443, 242614.83778169443, 242614.83778169443, 242614.83778169443, 242614.83778169443, 242614.83778169443, 242614.83778169443, 242614.83778169443, 242614.83778169443, 242614.83778169443, 242614.83778169443, 242614.83778169443, 242614.83778169443, 242614.83778169443, 242614.83778169443, 242614.83778169443, 242614.83778169443, 242614.83778169443, 242614.83778169443, 242614.83778169443, 242614.83778169443, 242614.83778169443, 242614.83778169443, 242614.83778169443, 242614.83778169443, 242614.83778169443, 242614.83778169443, 242614.83778169443, 242614.83778169443, 242614.83778169443, 242614.83778169443, 242614.83778169443, 242614.83778169443, 242614.83778169443, 242614.83778169443, 242614.83778169443, 242614.83778169443, 242614.83778169443, 242614.83778169443, 242614.83778169443, 242614.83778169443, 242614.83778169443, 242614.83778169443, 242614.83778169443, 242614.83778169443, 242614.83778169443, 242614.83778169443, 242614.83778169443, 242614.83778169443, 242614.83778169443, 242614.83778169443) 

25 : 

x <- c(243633.7107026243, 243633.7107026243, 243633.7107026243, 243633.7107026243, 243633.7107026243, 243633.7107026243, 243633.7107026243, 243633.7107026243, 243633.7107026243, 243633.7107026243, 243633.7107026243, 243633.7107026243, 243633.7107026243, 243633.7107026243, 243633.7107026243, 243633.7107026243, 243633.7107026243, 243633.7107026243, 243633.7107026243, 243633.7107026243, 243633.7107026243, 243633.7107026243, 243633.7107026243, 243633.7107026243, 243633.7107026243, 243633.7107026243, 243633.7107026243, 243633.7107026243, 243633.7107026243, 243633.7107026243, 243633.7107026243, 243633.7107026243, 243633.7107026243, 243633.7107026243, 243633.7107026243, 243633.7107026243, 243633.7107026243, 243633.7107026243, 243633.7107026243, 243633.7107026243, 243633.7107026243, 243633.7107026243, 243633.7107026243, 243633.7107026243, 243633.7107026243, 243633.7107026243, 243633.7107026243, 243633.7107026243, 243633.7107026243, 243633.7107026243, 243633.7107026243, 243633.7107026243, 243633.7107026243, 243633.7107026243, 243633.7107026243, 243633.7107026243, 243633.7107026243, 243633.7107026243, 243633.7107026243, 243633.7107026243, 243633.7107026243, 243633.7107026243, 243633.7107026243, 243633.7107026243, 243633.7107026243, 243633.7107026243, 243633.7107026243, 243633.7107026243, 243633.7107026243, 243633.7107026243, 243633.7107026243, 243633.7107026243, 243633.7107026243, 243633.7107026243, 243633.7107026243, 243633.7107026243, 243633.7107026243, 243633.7107026243, 243633.7107026243, 243633.7107026243, 243633.7107026243, 243633.7107026243, 243633.7107026243, 243633.7107026243, 243633.7107026243, 243633.7107026243, 243633.7107026243, 243633.7107026243, 243633.7107026243, 243633.7107026243, 243633.7107026243, 243633.7107026243, 243633.7107026243, 243633.7107026243, 243633.7107026243, 243633.7107026243, 243633.7107026243, 243633.7107026243, 243633.7107026243, 243633.7107026243) 

26 : 

x <- c(248466.1340838452, 248466.1340838452, 248466.1340838452, 248466.1340838452, 248466.1340838452, 248466.1340838452, 248466.1340838452, 248466.1340838452, 248466.1340838452, 248466.1340838452, 248466.1340838452, 248466.1340838452, 248466.1340838452, 248466.1340838452, 248466.1340838452, 248466.1340838452, 248466.1340838452, 248466.1340838452, 248466.1340838452, 248466.1340838452, 248466.1340838452, 248466.1340838452, 248466.1340838452, 248466.1340838452, 248466.1340838452, 248466.1340838452, 248466.1340838452, 248466.1340838452, 248466.1340838452, 248466.1340838452, 248466.1340838452, 248466.1340838452, 248466.1340838452, 248466.1340838452, 248466.1340838452, 248466.1340838452, 248466.1340838452, 248466.1340838452, 248466.1340838452, 248466.1340838452, 248466.1340838452, 248466.1340838452, 248466.1340838452, 248466.1340838452, 248466.1340838452, 248466.1340838452, 248466.1340838452, 248466.1340838452, 248466.1340838452, 248466.1340838452, 248466.1340838452, 248466.1340838452, 248466.1340838452, 248466.1340838452, 248466.1340838452, 248466.1340838452, 248466.1340838452, 248466.1340838452, 248466.1340838452, 248466.1340838452, 248466.1340838452, 248466.1340838452, 248466.1340838452, 248466.1340838452, 248466.1340838452, 248466.1340838452, 248466.1340838452, 248466.1340838452, 248466.1340838452, 248466.1340838452, 248466.1340838452, 248466.1340838452, 248466.1340838452, 248466.1340838452, 248466.1340838452, 248466.1340838452, 248466.1340838452, 248466.1340838452, 248466.1340838452, 248466.1340838452, 248466.1340838452, 248466.1340838452, 248466.1340838452, 248466.1340838452, 248466.1340838452, 248466.1340838452, 248466.1340838452, 248466.1340838452, 248466.1340838452, 248466.1340838452, 248466.1340838452, 248466.1340838452, 248466.1340838452, 248466.1340838452, 248466.1340838452, 248466.1340838452, 248466.1340838452, 248466.1340838452, 248466.1340838452, 248466.1340838452) 

27 : 

x <- c(246672.81527691305, 246672.81527691305, 246672.81527691305, 246672.81527691305, 246672.81527691305, 246672.81527691305, 246672.81527691305, 246672.81527691305, 246672.81527691305, 246672.81527691305, 246672.81527691305, 246672.81527691305, 246672.81527691305, 246672.81527691305, 246672.81527691305, 246672.81527691305, 246672.81527691305, 246672.81527691305, 246672.81527691305, 246672.81527691305, 246672.81527691305, 246672.81527691305, 246672.81527691305, 246672.81527691305, 246672.81527691305, 246672.81527691305, 246672.81527691305, 246672.81527691305, 246672.81527691305, 246672.81527691305, 246672.81527691305, 246672.81527691305, 246672.81527691305, 246672.81527691305, 246672.81527691305, 246672.81527691305, 246672.81527691305, 246672.81527691305, 246672.81527691305, 246672.81527691305, 246672.81527691305, 246672.81527691305, 246672.81527691305, 246672.81527691305, 246672.81527691305, 246672.81527691305, 246672.81527691305, 246672.81527691305, 246672.81527691305, 246672.81527691305, 246672.81527691305, 246672.81527691305, 246672.81527691305, 246672.81527691305, 246672.81527691305, 246672.81527691305, 246672.81527691305, 246672.81527691305, 246672.81527691305, 246672.81527691305, 246672.81527691305, 246672.81527691305, 246672.81527691305, 246672.81527691305, 246672.81527691305, 246672.81527691305, 246672.81527691305, 246672.81527691305, 246672.81527691305, 246672.81527691305, 246672.81527691305, 246672.81527691305, 246672.81527691305, 246672.81527691305, 246672.81527691305, 246672.81527691305, 246672.81527691305, 246672.81527691305, 246672.81527691305, 246672.81527691305, 246672.81527691305, 246672.81527691305, 246672.81527691305, 246672.81527691305, 246672.81527691305, 246672.81527691305, 246672.81527691305, 246672.81527691305, 246672.81527691305, 246672.81527691305, 246672.81527691305, 246672.81527691305, 246672.81527691305, 246672.81527691305, 246672.81527691305, 246672.81527691305, 246672.81527691305, 246672.81527691305, 246672.81527691305, 246672.81527691305) 

28 : 

x <- c(245495.13583275094, 245495.13583275094, 245495.13583275094, 245495.13583275094, 245495.13583275094, 245495.13583275094, 245495.13583275094, 245495.13583275094, 245495.13583275094, 245495.13583275094, 245495.13583275094, 245495.13583275094, 245495.13583275094, 245495.13583275094, 245495.13583275094, 245495.13583275094, 245495.13583275094, 245495.13583275094, 245495.13583275094, 245495.13583275094, 245495.13583275094, 245495.13583275094, 245495.13583275094, 245495.13583275094, 245495.13583275094, 245495.13583275094, 245495.13583275094, 245495.13583275094, 245495.13583275094, 245495.13583275094, 245495.13583275094, 245495.13583275094, 245495.13583275094, 245495.13583275094, 245495.13583275094, 245495.13583275094, 245495.13583275094, 245495.13583275094, 245495.13583275094, 245495.13583275094, 245495.13583275094, 245495.13583275094, 245495.13583275094, 245495.13583275094, 245495.13583275094, 245495.13583275094, 245495.13583275094, 245495.13583275094, 245495.13583275094, 245495.13583275094, 245495.13583275094, 245495.13583275094, 245495.13583275094, 245495.13583275094, 245495.13583275094, 245495.13583275094, 245495.13583275094, 245495.13583275094, 245495.13583275094, 245495.13583275094, 245495.13583275094, 245495.13583275094, 245495.13583275094, 245495.13583275094, 245495.13583275094, 245495.13583275094, 245495.13583275094, 245495.13583275094, 245495.13583275094, 245495.13583275094, 245495.13583275094, 245495.13583275094, 245495.13583275094, 245495.13583275094, 245495.13583275094, 245495.13583275094, 245495.13583275094, 245495.13583275094, 245495.13583275094, 245495.13583275094, 245495.13583275094, 245495.13583275094, 245495.13583275094, 245495.13583275094, 245495.13583275094, 245495.13583275094, 245495.13583275094, 245495.13583275094, 245495.13583275094, 245495.13583275094, 245495.13583275094, 245495.13583275094, 245495.13583275094, 245495.13583275094, 245495.13583275094, 245495.13583275094, 245495.13583275094, 245495.13583275094, 245495.13583275094, 245495.13583275094) 

29 : 

x <- c(248386.67217092836, 248386.67217092836, 248386.67217092836, 248386.67217092836, 248386.67217092836, 248386.67217092836, 248386.67217092836, 248386.67217092836, 248386.67217092836, 248386.67217092836, 248386.67217092836, 248386.67217092836, 248386.67217092836, 248386.67217092836, 248386.67217092836, 248386.67217092836, 248386.67217092836, 248386.67217092836, 248386.67217092836, 248386.67217092836, 248386.67217092836, 248386.67217092836, 248386.67217092836, 248386.67217092836, 248386.67217092836, 248386.67217092836, 248386.67217092836, 248386.67217092836, 248386.67217092836, 248386.67217092836, 248386.67217092836, 248386.67217092836, 248386.67217092836, 248386.67217092836, 248386.67217092836, 248386.67217092836, 248386.67217092836, 248386.67217092836, 248386.67217092836, 248386.67217092836, 248386.67217092836, 248386.67217092836, 248386.67217092836, 248386.67217092836, 248386.67217092836, 248386.67217092836, 248386.67217092836, 248386.67217092836, 248386.67217092836, 248386.67217092836, 248386.67217092836, 248386.67217092836, 248386.67217092836, 248386.67217092836, 248386.67217092836, 248386.67217092836, 248386.67217092836, 248386.67217092836, 248386.67217092836, 248386.67217092836, 248386.67217092836, 248386.67217092836, 248386.67217092836, 248386.67217092836, 248386.67217092836, 248386.67217092836, 248386.67217092836, 248386.67217092836, 248386.67217092836, 248386.67217092836, 248386.67217092836, 248386.67217092836, 248386.67217092836, 248386.67217092836, 248386.67217092836, 248386.67217092836, 248386.67217092836, 248386.67217092836, 248386.67217092836, 248386.67217092836, 248386.67217092836, 248386.67217092836, 248386.67217092836, 248386.67217092836, 248386.67217092836, 248386.67217092836, 248386.67217092836, 248386.67217092836, 248386.67217092836, 248386.67217092836, 248386.67217092836, 248386.67217092836, 248386.67217092836, 248386.67217092836, 248386.67217092836, 248386.67217092836, 248386.67217092836, 248386.67217092836, 248386.67217092836, 248386.67217092836) 

30 : 

x <- c(245076.9276171066, 245076.9276171066, 245076.9276171066, 245076.9276171066, 245076.9276171066, 245076.9276171066, 245076.9276171066, 245076.9276171066, 245076.9276171066, 245076.9276171066, 245076.9276171066, 245076.9276171066, 245076.9276171066, 245076.9276171066, 245076.9276171066, 245076.9276171066, 245076.9276171066, 245076.9276171066, 245076.9276171066, 245076.9276171066, 245076.9276171066, 245076.9276171066, 245076.9276171066, 245076.9276171066, 245076.9276171066, 245076.9276171066, 245076.9276171066, 245076.9276171066, 245076.9276171066, 245076.9276171066, 245076.9276171066, 245076.9276171066, 245076.9276171066, 245076.9276171066, 245076.9276171066, 245076.9276171066, 245076.9276171066, 245076.9276171066, 245076.9276171066, 245076.9276171066, 245076.9276171066, 245076.9276171066, 245076.9276171066, 245076.9276171066, 245076.9276171066, 245076.9276171066, 245076.9276171066, 245076.9276171066, 245076.9276171066, 245076.9276171066, 245076.9276171066, 245076.9276171066, 245076.9276171066, 245076.9276171066, 245076.9276171066, 245076.9276171066, 245076.9276171066, 245076.9276171066, 245076.9276171066, 245076.9276171066, 245076.9276171066, 245076.9276171066, 245076.9276171066, 245076.9276171066, 245076.9276171066, 245076.9276171066, 245076.9276171066, 245076.9276171066, 245076.9276171066, 245076.9276171066, 245076.9276171066, 245076.9276171066, 245076.9276171066, 245076.9276171066, 245076.9276171066, 245076.9276171066, 245076.9276171066, 245076.9276171066, 245076.9276171066, 245076.9276171066, 245076.9276171066, 245076.9276171066, 245076.9276171066, 245076.9276171066, 245076.9276171066, 245076.9276171066, 245076.9276171066, 245076.9276171066, 245076.9276171066, 245076.9276171066, 245076.9276171066, 245076.9276171066, 245076.9276171066, 245076.9276171066, 245076.9276171066, 245076.9276171066, 245076.9276171066, 245076.9276171066, 245076.9276171066, 245076.9276171066) 



