med: 8812.4494040945/desvio: 15.99534565723801


Funcoes: 

Erros: 

1 : 

x <- c(8802.85031023404, 8802.85031023404, 8802.85031023404, 8802.85031023404, 8802.85031023404, 8802.85031023404, 8802.85031023404, 8802.85031023404, 8802.85031023404, 8802.85031023404, 8802.85031023404, 8802.85031023404, 8802.85031023404, 8802.85031023404, 8802.85031023404, 8802.85031023404, 8802.85031023404, 8802.85031023404, 8802.85031023404, 8802.85031023404, 8802.85031023404, 8802.85031023404, 8802.85031023404, 8802.85031023404, 8802.85031023404, 8802.85031023404, 8802.85031023404, 8802.85031023404, 8802.85031023404, 8802.85031023404, 8802.85031023404, 8802.85031023404, 8802.85031023404, 8802.85031023404, 8802.85031023404, 8802.85031023404, 8802.85031023404, 8802.85031023404, 8802.85031023404, 8802.85031023404, 8802.85031023404, 8802.85031023404, 8802.85031023404, 8802.85031023404, 8802.85031023404, 8802.85031023404, 8802.85031023404, 8802.85031023404, 8802.85031023404, 8802.85031023404, 8802.85031023404, 8802.85031023404, 8802.85031023404, 8802.85031023404, 8802.85031023404, 8802.85031023404, 8802.85031023404, 8802.85031023404, 8802.85031023404, 8802.85031023404, 8802.85031023404, 8802.85031023404, 8802.85031023404, 8802.85031023404, 8802.85031023404, 8802.85031023404, 8802.85031023404, 8802.85031023404, 8802.85031023404, 8802.85031023404, 8802.85031023404, 8802.85031023404, 8802.85031023404, 8802.85031023404, 8802.85031023404, 8802.85031023404, 8802.85031023404, 8802.85031023404, 8802.85031023404, 8802.85031023404, 8802.85031023404, 8802.85031023404, 8802.85031023404, 8802.85031023404, 8802.85031023404, 8802.85031023404, 8802.85031023404, 8802.85031023404, 8802.85031023404, 8802.85031023404, 8802.85031023404, 8802.85031023404, 8802.85031023404, 8802.85031023404, 8802.85031023404, 8802.85031023404, 8802.85031023404, 8802.85031023404, 8802.85031023404, 8802.85031023404) 

2 : 

x <- c(8814.072684167824, 8814.072684167824, 8814.072684167824, 8814.072684167824, 8814.072684167824, 8814.072684167824, 8814.072684167824, 8814.072684167824, 8814.072684167824, 8814.072684167824, 8814.072684167824, 8814.072684167824, 8814.072684167824, 8814.072684167824, 8814.072684167824, 8814.072684167824, 8814.072684167824, 8814.072684167824, 8814.072684167824, 8814.072684167824, 8814.072684167824, 8814.072684167824, 8814.072684167824, 8814.072684167824, 8814.072684167824, 8814.072684167824, 8814.072684167824, 8814.072684167824, 8814.072684167824, 8814.072684167824, 8814.072684167824, 8814.072684167824, 8814.072684167824, 8814.072684167824, 8814.072684167824, 8814.072684167824, 8814.072684167824, 8814.072684167824, 8814.072684167824, 8814.072684167824, 8814.072684167824, 8814.072684167824, 8814.072684167824, 8814.072684167824, 8814.072684167824, 8814.072684167824, 8814.072684167824, 8814.072684167824, 8814.072684167824, 8814.072684167824, 8814.072684167824, 8814.072684167824, 8814.072684167824, 8814.072684167824, 8814.072684167824, 8814.072684167824, 8814.072684167824, 8814.072684167824, 8814.072684167824, 8814.072684167824, 8814.072684167824, 8814.072684167824, 8814.072684167824, 8814.072684167824, 8814.072684167824, 8814.072684167824, 8814.072684167824, 8814.072684167824, 8814.072684167824, 8814.072684167824, 8814.072684167824, 8814.072684167824, 8814.072684167824, 8814.072684167824, 8814.072684167824, 8814.072684167824, 8814.072684167824, 8814.072684167824, 8814.072684167824, 8814.072684167824, 8814.072684167824, 8814.072684167824, 8814.072684167824, 8814.072684167824, 8814.072684167824, 8814.072684167824, 8814.072684167824, 8814.072684167824, 8814.072684167824, 8814.072684167824, 8814.072684167824, 8814.072684167824, 8814.072684167824, 8814.072684167824, 8814.072684167824, 8814.072684167824, 8814.072684167824, 8814.072684167824, 8814.072684167824, 8814.072684167824) 

3 : 

x <- c(8815.16363665898, 8815.16363665898, 8815.16363665898, 8815.16363665898, 8815.16363665898, 8815.16363665898, 8815.16363665898, 8815.16363665898, 8815.16363665898, 8815.16363665898, 8815.16363665898, 8815.16363665898, 8815.16363665898, 8815.16363665898, 8815.16363665898, 8815.16363665898, 8815.16363665898, 8815.16363665898, 8815.16363665898, 8815.16363665898, 8815.16363665898, 8815.16363665898, 8815.16363665898, 8815.16363665898, 8815.16363665898, 8815.16363665898, 8815.16363665898, 8815.16363665898, 8815.16363665898, 8815.16363665898, 8815.16363665898, 8815.16363665898, 8815.16363665898, 8815.16363665898, 8815.16363665898, 8815.16363665898, 8815.16363665898, 8815.16363665898, 8815.16363665898, 8815.16363665898, 8815.16363665898, 8815.16363665898, 8815.16363665898, 8815.16363665898, 8815.16363665898, 8815.16363665898, 8815.16363665898, 8815.16363665898, 8815.16363665898, 8815.16363665898, 8815.16363665898, 8815.16363665898, 8815.16363665898, 8815.16363665898, 8815.16363665898, 8815.16363665898, 8815.16363665898, 8815.16363665898, 8815.16363665898, 8815.16363665898, 8815.16363665898, 8815.16363665898, 8815.16363665898, 8815.16363665898, 8815.16363665898, 8815.16363665898, 8815.16363665898, 8815.16363665898, 8815.16363665898, 8815.16363665898, 8815.16363665898, 8815.16363665898, 8815.16363665898, 8815.16363665898, 8815.16363665898, 8815.16363665898, 8815.16363665898, 8815.16363665898, 8815.16363665898, 8815.16363665898, 8815.16363665898, 8815.16363665898, 8815.16363665898, 8815.16363665898, 8815.16363665898, 8815.16363665898, 8815.16363665898, 8815.16363665898, 8815.16363665898, 8815.16363665898, 8815.16363665898, 8815.16363665898, 8815.16363665898, 8815.16363665898, 8815.16363665898, 8815.16363665898, 8815.16363665898, 8815.16363665898, 8815.16363665898, 8815.16363665898) 

4 : 

x <- c(8800.013431339617, 8800.013431339617, 8800.013431339617, 8800.013431339617, 8800.013431339617, 8800.013431339617, 8800.013431339617, 8800.013431339617, 8800.013431339617, 8800.013431339617, 8800.013431339617, 8800.013431339617, 8800.013431339617, 8800.013431339617, 8800.013431339617, 8800.013431339617, 8800.013431339617, 8800.013431339617, 8800.013431339617, 8800.013431339617, 8800.013431339617, 8800.013431339617, 8800.013431339617, 8800.013431339617, 8800.013431339617, 8800.013431339617, 8800.013431339617, 8800.013431339617, 8800.013431339617, 8800.013431339617, 8800.013431339617, 8800.013431339617, 8800.013431339617, 8800.013431339617, 8800.013431339617, 8800.013431339617, 8800.013431339617, 8800.013431339617, 8800.013431339617, 8800.013431339617, 8800.013431339617, 8800.013431339617, 8800.013431339617, 8800.013431339617, 8800.013431339617, 8800.013431339617, 8800.013431339617, 8800.013431339617, 8800.013431339617, 8800.013431339617, 8800.013431339617, 8800.013431339617, 8800.013431339617, 8800.013431339617, 8800.013431339617, 8800.013431339617, 8800.013431339617, 8800.013431339617, 8800.013431339617, 8800.013431339617, 8800.013431339617, 8800.013431339617, 8800.013431339617, 8800.013431339617, 8800.013431339617, 8800.013431339617, 8800.013431339617, 8800.013431339617, 8800.013431339617, 8800.013431339617, 8800.013431339617, 8800.013431339617, 8800.013431339617, 8800.013431339617, 8800.013431339617, 8800.013431339617, 8800.013431339617, 8800.013431339617, 8800.013431339617, 8800.013431339617, 8800.013431339617, 8800.013431339617, 8800.013431339617, 8800.013431339617, 8800.013431339617, 8800.013431339617, 8800.013431339617, 8800.013431339617, 8800.013431339617, 8800.013431339617, 8800.013431339617, 8800.013431339617, 8800.013431339617, 8800.013431339617, 8800.013431339617, 8800.013431339617, 8800.013431339617, 8800.013431339617, 8800.013431339617, 8800.013431339617) 

5 : 

x <- c(8795.058879122296, 8795.058879122296, 8795.058879122296, 8795.058879122296, 8795.058879122296, 8795.058879122296, 8795.058879122296, 8795.058879122296, 8795.058879122296, 8795.058879122296, 8795.058879122296, 8795.058879122296, 8795.058879122296, 8795.058879122296, 8795.058879122296, 8795.058879122296, 8795.058879122296, 8795.058879122296, 8795.058879122296, 8795.058879122296, 8795.058879122296, 8795.058879122296, 8795.058879122296, 8795.058879122296, 8795.058879122296, 8795.058879122296, 8795.058879122296, 8795.058879122296, 8795.058879122296, 8795.058879122296, 8795.058879122296, 8795.058879122296, 8795.058879122296, 8795.058879122296, 8795.058879122296, 8795.058879122296, 8795.058879122296, 8795.058879122296, 8795.058879122296, 8795.058879122296, 8795.058879122296, 8795.058879122296, 8795.058879122296, 8795.058879122296, 8795.058879122296, 8795.058879122296, 8795.058879122296, 8795.058879122296, 8795.058879122296, 8795.058879122296, 8795.058879122296, 8795.058879122296, 8795.058879122296, 8795.058879122296, 8795.058879122296, 8795.058879122296, 8795.058879122296, 8795.058879122296, 8795.058879122296, 8795.058879122296, 8795.058879122296, 8795.058879122296, 8795.058879122296, 8795.058879122296, 8795.058879122296, 8795.058879122296, 8795.058879122296, 8795.058879122296, 8795.058879122296, 8795.058879122296, 8795.058879122296, 8795.058879122296, 8795.058879122296, 8795.058879122296, 8795.058879122296, 8795.058879122296, 8795.058879122296, 8795.058879122296, 8795.058879122296, 8795.058879122296, 8795.058879122296, 8795.058879122296, 8795.058879122296, 8795.058879122296, 8795.058879122296, 8795.058879122296, 8795.058879122296, 8795.058879122296, 8795.058879122296, 8795.058879122296, 8795.058879122296, 8795.058879122296, 8795.058879122296, 8795.058879122296, 8795.058879122296, 8795.058879122296, 8795.058879122296, 8795.058879122296, 8795.058879122296, 8795.058879122296) 

6 : 

x <- c(8831.21023215728, 8831.21023215728, 8831.21023215728, 8831.21023215728, 8831.21023215728, 8831.21023215728, 8831.21023215728, 8831.21023215728, 8831.21023215728, 8831.21023215728, 8831.21023215728, 8831.21023215728, 8831.21023215728, 8831.21023215728, 8831.21023215728, 8831.21023215728, 8831.21023215728, 8831.21023215728, 8831.21023215728, 8831.21023215728, 8831.21023215728, 8831.21023215728, 8831.21023215728, 8831.21023215728, 8831.21023215728, 8831.21023215728, 8831.21023215728, 8831.21023215728, 8831.21023215728, 8831.21023215728, 8831.21023215728, 8831.21023215728, 8831.21023215728, 8831.21023215728, 8831.21023215728, 8831.21023215728, 8831.21023215728, 8831.21023215728, 8831.21023215728, 8831.21023215728, 8831.21023215728, 8831.21023215728, 8831.21023215728, 8831.21023215728, 8831.21023215728, 8831.21023215728, 8831.21023215728, 8831.21023215728, 8831.21023215728, 8831.21023215728, 8831.21023215728, 8831.21023215728, 8831.21023215728, 8831.21023215728, 8831.21023215728, 8831.21023215728, 8831.21023215728, 8831.21023215728, 8831.21023215728, 8831.21023215728, 8831.21023215728, 8831.21023215728, 8831.21023215728, 8831.21023215728, 8831.21023215728, 8831.21023215728, 8831.21023215728, 8831.21023215728, 8831.21023215728, 8831.21023215728, 8831.21023215728, 8831.21023215728, 8831.21023215728, 8831.21023215728, 8831.21023215728, 8831.21023215728, 8831.21023215728, 8831.21023215728, 8831.21023215728, 8831.21023215728, 8831.21023215728, 8831.21023215728, 8831.21023215728, 8831.21023215728, 8831.21023215728, 8831.21023215728, 8831.21023215728, 8831.21023215728, 8831.21023215728, 8831.21023215728, 8831.21023215728, 8831.21023215728, 8831.21023215728, 8831.21023215728, 8831.21023215728, 8831.21023215728, 8831.21023215728, 8831.21023215728, 8831.21023215728, 8831.21023215728) 

7 : 

x <- c(8798.64464326532, 8798.64464326532, 8798.64464326532, 8798.64464326532, 8798.64464326532, 8798.64464326532, 8798.64464326532, 8798.64464326532, 8798.64464326532, 8798.64464326532, 8798.64464326532, 8798.64464326532, 8798.64464326532, 8798.64464326532, 8798.64464326532, 8798.64464326532, 8798.64464326532, 8798.64464326532, 8798.64464326532, 8798.64464326532, 8798.64464326532, 8798.64464326532, 8798.64464326532, 8798.64464326532, 8798.64464326532, 8798.64464326532, 8798.64464326532, 8798.64464326532, 8798.64464326532, 8798.64464326532, 8798.64464326532, 8798.64464326532, 8798.64464326532, 8798.64464326532, 8798.64464326532, 8798.64464326532, 8798.64464326532, 8798.64464326532, 8798.64464326532, 8798.64464326532, 8798.64464326532, 8798.64464326532, 8798.64464326532, 8798.64464326532, 8798.64464326532, 8798.64464326532, 8798.64464326532, 8798.64464326532, 8798.64464326532, 8798.64464326532, 8798.64464326532, 8798.64464326532, 8798.64464326532, 8798.64464326532, 8798.64464326532, 8798.64464326532, 8798.64464326532, 8798.64464326532, 8798.64464326532, 8798.64464326532, 8798.64464326532, 8798.64464326532, 8798.64464326532, 8798.64464326532, 8798.64464326532, 8798.64464326532, 8798.64464326532, 8798.64464326532, 8798.64464326532, 8798.64464326532, 8798.64464326532, 8798.64464326532, 8798.64464326532, 8798.64464326532, 8798.64464326532, 8798.64464326532, 8798.64464326532, 8798.64464326532, 8798.64464326532, 8798.64464326532, 8798.64464326532, 8798.64464326532, 8798.64464326532, 8798.64464326532, 8798.64464326532, 8798.64464326532, 8798.64464326532, 8798.64464326532, 8798.64464326532, 8798.64464326532, 8798.64464326532, 8798.64464326532, 8798.64464326532, 8798.64464326532, 8798.64464326532, 8798.64464326532, 8798.64464326532, 8798.64464326532, 8798.64464326532, 8798.64464326532) 

8 : 

x <- c(8803.35740240083, 8803.35740240083, 8803.35740240083, 8803.35740240083, 8803.35740240083, 8803.35740240083, 8803.35740240083, 8803.35740240083, 8803.35740240083, 8803.35740240083, 8803.35740240083, 8803.35740240083, 8803.35740240083, 8803.35740240083, 8803.35740240083, 8803.35740240083, 8803.35740240083, 8803.35740240083, 8803.35740240083, 8803.35740240083, 8803.35740240083, 8803.35740240083, 8803.35740240083, 8803.35740240083, 8803.35740240083, 8803.35740240083, 8803.35740240083, 8803.35740240083, 8803.35740240083, 8803.35740240083, 8803.35740240083, 8803.35740240083, 8803.35740240083, 8803.35740240083, 8803.35740240083, 8803.35740240083, 8803.35740240083, 8803.35740240083, 8803.35740240083, 8803.35740240083, 8803.35740240083, 8803.35740240083, 8803.35740240083, 8803.35740240083, 8803.35740240083, 8803.35740240083, 8803.35740240083, 8803.35740240083, 8803.35740240083, 8803.35740240083, 8803.35740240083, 8803.35740240083, 8803.35740240083, 8803.35740240083, 8803.35740240083, 8803.35740240083, 8803.35740240083, 8803.35740240083, 8803.35740240083, 8803.35740240083, 8803.35740240083, 8803.35740240083, 8803.35740240083, 8803.35740240083, 8803.35740240083, 8803.35740240083, 8803.35740240083, 8803.35740240083, 8803.35740240083, 8803.35740240083, 8803.35740240083, 8803.35740240083, 8803.35740240083, 8803.35740240083, 8803.35740240083, 8803.35740240083, 8803.35740240083, 8803.35740240083, 8803.35740240083, 8803.35740240083, 8803.35740240083, 8803.35740240083, 8803.35740240083, 8803.35740240083, 8803.35740240083, 8803.35740240083, 8803.35740240083, 8803.35740240083, 8803.35740240083, 8803.35740240083, 8803.35740240083, 8803.35740240083, 8803.35740240083, 8803.35740240083, 8803.35740240083, 8803.35740240083, 8803.35740240083, 8803.35740240083, 8803.35740240083, 8803.35740240083) 

9 : 

x <- c(8833.363830674034, 8833.363830674034, 8833.363830674034, 8833.363830674034, 8833.363830674034, 8833.363830674034, 8833.363830674034, 8833.363830674034, 8833.363830674034, 8833.363830674034, 8833.363830674034, 8833.363830674034, 8833.363830674034, 8833.363830674034, 8833.363830674034, 8833.363830674034, 8833.363830674034, 8833.363830674034, 8833.363830674034, 8833.363830674034, 8833.363830674034, 8833.363830674034, 8833.363830674034, 8833.363830674034, 8833.363830674034, 8833.363830674034, 8833.363830674034, 8833.363830674034, 8833.363830674034, 8833.363830674034, 8833.363830674034, 8833.363830674034, 8833.363830674034, 8833.363830674034, 8833.363830674034, 8833.363830674034, 8833.363830674034, 8833.363830674034, 8833.363830674034, 8833.363830674034, 8833.363830674034, 8833.363830674034, 8833.363830674034, 8833.363830674034, 8833.363830674034, 8833.363830674034, 8833.363830674034, 8833.363830674034, 8833.363830674034, 8833.363830674034, 8833.363830674034, 8833.363830674034, 8833.363830674034, 8833.363830674034, 8833.363830674034, 8833.363830674034, 8833.363830674034, 8833.363830674034, 8833.363830674034, 8833.363830674034, 8833.363830674034, 8833.363830674034, 8833.363830674034, 8833.363830674034, 8833.363830674034, 8833.363830674034, 8833.363830674034, 8833.363830674034, 8833.363830674034, 8833.363830674034, 8833.363830674034, 8833.363830674034, 8833.363830674034, 8833.363830674034, 8833.363830674034, 8833.363830674034, 8833.363830674034, 8833.363830674034, 8833.363830674034, 8833.363830674034, 8833.363830674034, 8833.363830674034, 8833.363830674034, 8833.363830674034, 8833.363830674034, 8833.363830674034, 8833.363830674034, 8833.363830674034, 8833.363830674034, 8833.363830674034, 8833.363830674034, 8833.363830674034, 8833.363830674034, 8833.363830674034, 8833.363830674034, 8833.363830674034, 8833.363830674034, 8833.363830674034, 8833.363830674034, 8833.363830674034) 

10 : 

x <- c(8818.933468804747, 8818.933468804747, 8818.933468804747, 8818.933468804747, 8818.933468804747, 8818.933468804747, 8818.933468804747, 8818.933468804747, 8818.933468804747, 8818.933468804747, 8818.933468804747, 8818.933468804747, 8818.933468804747, 8818.933468804747, 8818.933468804747, 8818.933468804747, 8818.933468804747, 8818.933468804747, 8818.933468804747, 8818.933468804747, 8818.933468804747, 8818.933468804747, 8818.933468804747, 8818.933468804747, 8818.933468804747, 8818.933468804747, 8818.933468804747, 8818.933468804747, 8818.933468804747, 8818.933468804747, 8818.933468804747, 8818.933468804747, 8818.933468804747, 8818.933468804747, 8818.933468804747, 8818.933468804747, 8818.933468804747, 8818.933468804747, 8818.933468804747, 8818.933468804747, 8818.933468804747, 8818.933468804747, 8818.933468804747, 8818.933468804747, 8818.933468804747, 8818.933468804747, 8818.933468804747, 8818.933468804747, 8818.933468804747, 8818.933468804747, 8818.933468804747, 8818.933468804747, 8818.933468804747, 8818.933468804747, 8818.933468804747, 8818.933468804747, 8818.933468804747, 8818.933468804747, 8818.933468804747, 8818.933468804747, 8818.933468804747, 8818.933468804747, 8818.933468804747, 8818.933468804747, 8818.933468804747, 8818.933468804747, 8818.933468804747, 8818.933468804747, 8818.933468804747, 8818.933468804747, 8818.933468804747, 8818.933468804747, 8818.933468804747, 8818.933468804747, 8818.933468804747, 8818.933468804747, 8818.933468804747, 8818.933468804747, 8818.933468804747, 8818.933468804747, 8818.933468804747, 8818.933468804747, 8818.933468804747, 8818.933468804747, 8818.933468804747, 8818.933468804747, 8818.933468804747, 8818.933468804747, 8818.933468804747, 8818.933468804747, 8818.933468804747, 8818.933468804747, 8818.933468804747, 8818.933468804747, 8818.933468804747, 8818.933468804747, 8818.933468804747, 8818.933468804747, 8818.933468804747, 8818.933468804747) 

11 : 

x <- c(8851.245929894085, 8851.245929894085, 8851.245929894085, 8851.245929894085, 8851.245929894085, 8851.245929894085, 8851.245929894085, 8851.245929894085, 8851.245929894085, 8851.245929894085, 8851.245929894085, 8851.245929894085, 8851.245929894085, 8851.245929894085, 8851.245929894085, 8851.245929894085, 8851.245929894085, 8851.245929894085, 8851.245929894085, 8851.245929894085, 8851.245929894085, 8851.245929894085, 8851.245929894085, 8851.245929894085, 8851.245929894085, 8851.245929894085, 8851.245929894085, 8851.245929894085, 8851.245929894085, 8851.245929894085, 8851.245929894085, 8851.245929894085, 8851.245929894085, 8851.245929894085, 8851.245929894085, 8851.245929894085, 8851.245929894085, 8851.245929894085, 8851.245929894085, 8851.245929894085, 8851.245929894085, 8851.245929894085, 8851.245929894085, 8851.245929894085, 8851.245929894085, 8851.245929894085, 8851.245929894085, 8851.245929894085, 8851.245929894085, 8851.245929894085, 8851.245929894085, 8851.245929894085, 8851.245929894085, 8851.245929894085, 8851.245929894085, 8851.245929894085, 8851.245929894085, 8851.245929894085, 8851.245929894085, 8851.245929894085, 8851.245929894085, 8851.245929894085, 8851.245929894085, 8851.245929894085, 8851.245929894085, 8851.245929894085, 8851.245929894085, 8851.245929894085, 8851.245929894085, 8851.245929894085, 8851.245929894085, 8851.245929894085, 8851.245929894085, 8851.245929894085, 8851.245929894085, 8851.245929894085, 8851.245929894085, 8851.245929894085, 8851.245929894085, 8851.245929894085, 8851.245929894085, 8851.245929894085, 8851.245929894085, 8851.245929894085, 8851.245929894085, 8851.245929894085, 8851.245929894085, 8851.245929894085, 8851.245929894085, 8851.245929894085, 8851.245929894085, 8851.245929894085, 8851.245929894085, 8851.245929894085, 8851.245929894085, 8851.245929894085, 8851.245929894085, 8851.245929894085, 8851.245929894085, 8851.245929894085) 

12 : 

x <- c(8797.791249298913, 8797.791249298913, 8797.791249298913, 8797.791249298913, 8797.791249298913, 8797.791249298913, 8797.791249298913, 8797.791249298913, 8797.791249298913, 8797.791249298913, 8797.791249298913, 8797.791249298913, 8797.791249298913, 8797.791249298913, 8797.791249298913, 8797.791249298913, 8797.791249298913, 8797.791249298913, 8797.791249298913, 8797.791249298913, 8797.791249298913, 8797.791249298913, 8797.791249298913, 8797.791249298913, 8797.791249298913, 8797.791249298913, 8797.791249298913, 8797.791249298913, 8797.791249298913, 8797.791249298913, 8797.791249298913, 8797.791249298913, 8797.791249298913, 8797.791249298913, 8797.791249298913, 8797.791249298913, 8797.791249298913, 8797.791249298913, 8797.791249298913, 8797.791249298913, 8797.791249298913, 8797.791249298913, 8797.791249298913, 8797.791249298913, 8797.791249298913, 8797.791249298913, 8797.791249298913, 8797.791249298913, 8797.791249298913, 8797.791249298913, 8797.791249298913, 8797.791249298913, 8797.791249298913, 8797.791249298913, 8797.791249298913, 8797.791249298913, 8797.791249298913, 8797.791249298913, 8797.791249298913, 8797.791249298913, 8797.791249298913, 8797.791249298913, 8797.791249298913, 8797.791249298913, 8797.791249298913, 8797.791249298913, 8797.791249298913, 8797.791249298913, 8797.791249298913, 8797.791249298913, 8797.791249298913, 8797.791249298913, 8797.791249298913, 8797.791249298913, 8797.791249298913, 8797.791249298913, 8797.791249298913, 8797.791249298913, 8797.791249298913, 8797.791249298913, 8797.791249298913, 8797.791249298913, 8797.791249298913, 8797.791249298913, 8797.791249298913, 8797.791249298913, 8797.791249298913, 8797.791249298913, 8797.791249298913, 8797.791249298913, 8797.791249298913, 8797.791249298913, 8797.791249298913, 8797.791249298913, 8797.791249298913, 8797.791249298913, 8797.791249298913, 8797.791249298913, 8797.791249298913, 8797.791249298913) 

13 : 

x <- c(8812.202143293367, 8812.202143293367, 8812.202143293367, 8812.202143293367, 8812.202143293367, 8812.202143293367, 8812.202143293367, 8812.202143293367, 8812.202143293367, 8812.202143293367, 8812.202143293367, 8812.202143293367, 8812.202143293367, 8812.202143293367, 8812.202143293367, 8812.202143293367, 8812.202143293367, 8812.202143293367, 8812.202143293367, 8812.202143293367, 8812.202143293367, 8812.202143293367, 8812.202143293367, 8812.202143293367, 8812.202143293367, 8812.202143293367, 8812.202143293367, 8812.202143293367, 8812.202143293367, 8812.202143293367, 8812.202143293367, 8812.202143293367, 8812.202143293367, 8812.202143293367, 8812.202143293367, 8812.202143293367, 8812.202143293367, 8812.202143293367, 8812.202143293367, 8812.202143293367, 8812.202143293367, 8812.202143293367, 8812.202143293367, 8812.202143293367, 8812.202143293367, 8812.202143293367, 8812.202143293367, 8812.202143293367, 8812.202143293367, 8812.202143293367, 8812.202143293367, 8812.202143293367, 8812.202143293367, 8812.202143293367, 8812.202143293367, 8812.202143293367, 8812.202143293367, 8812.202143293367, 8812.202143293367, 8812.202143293367, 8812.202143293367, 8812.202143293367, 8812.202143293367, 8812.202143293367, 8812.202143293367, 8812.202143293367, 8812.202143293367, 8812.202143293367, 8812.202143293367, 8812.202143293367, 8812.202143293367, 8812.202143293367, 8812.202143293367, 8812.202143293367, 8812.202143293367, 8812.202143293367, 8812.202143293367, 8812.202143293367, 8812.202143293367, 8812.202143293367, 8812.202143293367, 8812.202143293367, 8812.202143293367, 8812.202143293367, 8812.202143293367, 8812.202143293367, 8812.202143293367, 8812.202143293367, 8812.202143293367, 8812.202143293367, 8812.202143293367, 8812.202143293367, 8812.202143293367, 8812.202143293367, 8812.202143293367, 8812.202143293367, 8812.202143293367, 8812.202143293367, 8812.202143293367, 8812.202143293367) 

14 : 

x <- c(8820.641809113042, 8820.641809113042, 8820.641809113042, 8820.641809113042, 8820.641809113042, 8820.641809113042, 8820.641809113042, 8820.641809113042, 8820.641809113042, 8820.641809113042, 8820.641809113042, 8820.641809113042, 8820.641809113042, 8820.641809113042, 8820.641809113042, 8820.641809113042, 8820.641809113042, 8820.641809113042, 8820.641809113042, 8820.641809113042, 8820.641809113042, 8820.641809113042, 8820.641809113042, 8820.641809113042, 8820.641809113042, 8820.641809113042, 8820.641809113042, 8820.641809113042, 8820.641809113042, 8820.641809113042, 8820.641809113042, 8820.641809113042, 8820.641809113042, 8820.641809113042, 8820.641809113042, 8820.641809113042, 8820.641809113042, 8820.641809113042, 8820.641809113042, 8820.641809113042, 8820.641809113042, 8820.641809113042, 8820.641809113042, 8820.641809113042, 8820.641809113042, 8820.641809113042, 8820.641809113042, 8820.641809113042, 8820.641809113042, 8820.641809113042, 8820.641809113042, 8820.641809113042, 8820.641809113042, 8820.641809113042, 8820.641809113042, 8820.641809113042, 8820.641809113042, 8820.641809113042, 8820.641809113042, 8820.641809113042, 8820.641809113042, 8820.641809113042, 8820.641809113042, 8820.641809113042, 8820.641809113042, 8820.641809113042, 8820.641809113042, 8820.641809113042, 8820.641809113042, 8820.641809113042, 8820.641809113042, 8820.641809113042, 8820.641809113042, 8820.641809113042, 8820.641809113042, 8820.641809113042, 8820.641809113042, 8820.641809113042, 8820.641809113042, 8820.641809113042, 8820.641809113042, 8820.641809113042, 8820.641809113042, 8820.641809113042, 8820.641809113042, 8820.641809113042, 8820.641809113042, 8820.641809113042, 8820.641809113042, 8820.641809113042, 8820.641809113042, 8820.641809113042, 8820.641809113042, 8820.641809113042, 8820.641809113042, 8820.641809113042, 8820.641809113042, 8820.641809113042, 8820.641809113042, 8820.641809113042) 

15 : 

x <- c(8825.799492476515, 8825.799492476515, 8825.799492476515, 8825.799492476515, 8825.799492476515, 8825.799492476515, 8825.799492476515, 8825.799492476515, 8825.799492476515, 8825.799492476515, 8825.799492476515, 8825.799492476515, 8825.799492476515, 8825.799492476515, 8825.799492476515, 8825.799492476515, 8825.799492476515, 8825.799492476515, 8825.799492476515, 8825.799492476515, 8825.799492476515, 8825.799492476515, 8825.799492476515, 8825.799492476515, 8825.799492476515, 8825.799492476515, 8825.799492476515, 8825.799492476515, 8825.799492476515, 8825.799492476515, 8825.799492476515, 8825.799492476515, 8825.799492476515, 8825.799492476515, 8825.799492476515, 8825.799492476515, 8825.799492476515, 8825.799492476515, 8825.799492476515, 8825.799492476515, 8825.799492476515, 8825.799492476515, 8825.799492476515, 8825.799492476515, 8825.799492476515, 8825.799492476515, 8825.799492476515, 8825.799492476515, 8825.799492476515, 8825.799492476515, 8825.799492476515, 8825.799492476515, 8825.799492476515, 8825.799492476515, 8825.799492476515, 8825.799492476515, 8825.799492476515, 8825.799492476515, 8825.799492476515, 8825.799492476515, 8825.799492476515, 8825.799492476515, 8825.799492476515, 8825.799492476515, 8825.799492476515, 8825.799492476515, 8825.799492476515, 8825.799492476515, 8825.799492476515, 8825.799492476515, 8825.799492476515, 8825.799492476515, 8825.799492476515, 8825.799492476515, 8825.799492476515, 8825.799492476515, 8825.799492476515, 8825.799492476515, 8825.799492476515, 8825.799492476515, 8825.799492476515, 8825.799492476515, 8825.799492476515, 8825.799492476515, 8825.799492476515, 8825.799492476515, 8825.799492476515, 8825.799492476515, 8825.799492476515, 8825.799492476515, 8825.799492476515, 8825.799492476515, 8825.799492476515, 8825.799492476515, 8825.799492476515, 8825.799492476515, 8825.799492476515, 8825.799492476515, 8825.799492476515, 8825.799492476515) 

16 : 

x <- c(8791.835917372004, 8791.835917372004, 8791.835917372004, 8791.835917372004, 8791.835917372004, 8791.835917372004, 8791.835917372004, 8791.835917372004, 8791.835917372004, 8791.835917372004, 8791.835917372004, 8791.835917372004, 8791.835917372004, 8791.835917372004, 8791.835917372004, 8791.835917372004, 8791.835917372004, 8791.835917372004, 8791.835917372004, 8791.835917372004, 8791.835917372004, 8791.835917372004, 8791.835917372004, 8791.835917372004, 8791.835917372004, 8791.835917372004, 8791.835917372004, 8791.835917372004, 8791.835917372004, 8791.835917372004, 8791.835917372004, 8791.835917372004, 8791.835917372004, 8791.835917372004, 8791.835917372004, 8791.835917372004, 8791.835917372004, 8791.835917372004, 8791.835917372004, 8791.835917372004, 8791.835917372004, 8791.835917372004, 8791.835917372004, 8791.835917372004, 8791.835917372004, 8791.835917372004, 8791.835917372004, 8791.835917372004, 8791.835917372004, 8791.835917372004, 8791.835917372004, 8791.835917372004, 8791.835917372004, 8791.835917372004, 8791.835917372004, 8791.835917372004, 8791.835917372004, 8791.835917372004, 8791.835917372004, 8791.835917372004, 8791.835917372004, 8791.835917372004, 8791.835917372004, 8791.835917372004, 8791.835917372004, 8791.835917372004, 8791.835917372004, 8791.835917372004, 8791.835917372004, 8791.835917372004, 8791.835917372004, 8791.835917372004, 8791.835917372004, 8791.835917372004, 8791.835917372004, 8791.835917372004, 8791.835917372004, 8791.835917372004, 8791.835917372004, 8791.835917372004, 8791.835917372004, 8791.835917372004, 8791.835917372004, 8791.835917372004, 8791.835917372004, 8791.835917372004, 8791.835917372004, 8791.835917372004, 8791.835917372004, 8791.835917372004, 8791.835917372004, 8791.835917372004, 8791.835917372004, 8791.835917372004, 8791.835917372004, 8791.835917372004, 8791.835917372004, 8791.835917372004, 8791.835917372004, 8791.835917372004) 

17 : 

x <- c(8796.911199999799, 8796.911199999799, 8796.911199999799, 8796.911199999799, 8796.911199999799, 8796.911199999799, 8796.911199999799, 8796.911199999799, 8796.911199999799, 8796.911199999799, 8796.911199999799, 8796.911199999799, 8796.911199999799, 8796.911199999799, 8796.911199999799, 8796.911199999799, 8796.911199999799, 8796.911199999799, 8796.911199999799, 8796.911199999799, 8796.911199999799, 8796.911199999799, 8796.911199999799, 8796.911199999799, 8796.911199999799, 8796.911199999799, 8796.911199999799, 8796.911199999799, 8796.911199999799, 8796.911199999799, 8796.911199999799, 8796.911199999799, 8796.911199999799, 8796.911199999799, 8796.911199999799, 8796.911199999799, 8796.911199999799, 8796.911199999799, 8796.911199999799, 8796.911199999799, 8796.911199999799, 8796.911199999799, 8796.911199999799, 8796.911199999799, 8796.911199999799, 8796.911199999799, 8796.911199999799, 8796.911199999799, 8796.911199999799, 8796.911199999799, 8796.911199999799, 8796.911199999799, 8796.911199999799, 8796.911199999799, 8796.911199999799, 8796.911199999799, 8796.911199999799, 8796.911199999799, 8796.911199999799, 8796.911199999799, 8796.911199999799, 8796.911199999799, 8796.911199999799, 8796.911199999799, 8796.911199999799, 8796.911199999799, 8796.911199999799, 8796.911199999799, 8796.911199999799, 8796.911199999799, 8796.911199999799, 8796.911199999799, 8796.911199999799, 8796.911199999799, 8796.911199999799, 8796.911199999799, 8796.911199999799, 8796.911199999799, 8796.911199999799, 8796.911199999799, 8796.911199999799, 8796.911199999799, 8796.911199999799, 8796.911199999799, 8796.911199999799, 8796.911199999799, 8796.911199999799, 8796.911199999799, 8796.911199999799, 8796.911199999799, 8796.911199999799, 8796.911199999799, 8796.911199999799, 8796.911199999799, 8796.911199999799, 8796.911199999799, 8796.911199999799, 8796.911199999799, 8796.911199999799, 8796.911199999799) 

18 : 

x <- c(8817.796139482585, 8817.796139482585, 8817.796139482585, 8817.796139482585, 8817.796139482585, 8817.796139482585, 8817.796139482585, 8817.796139482585, 8817.796139482585, 8817.796139482585, 8817.796139482585, 8817.796139482585, 8817.796139482585, 8817.796139482585, 8817.796139482585, 8817.796139482585, 8817.796139482585, 8817.796139482585, 8817.796139482585, 8817.796139482585, 8817.796139482585, 8817.796139482585, 8817.796139482585, 8817.796139482585, 8817.796139482585, 8817.796139482585, 8817.796139482585, 8817.796139482585, 8817.796139482585, 8817.796139482585, 8817.796139482585, 8817.796139482585, 8817.796139482585, 8817.796139482585, 8817.796139482585, 8817.796139482585, 8817.796139482585, 8817.796139482585, 8817.796139482585, 8817.796139482585, 8817.796139482585, 8817.796139482585, 8817.796139482585, 8817.796139482585, 8817.796139482585, 8817.796139482585, 8817.796139482585, 8817.796139482585, 8817.796139482585, 8817.796139482585, 8817.796139482585, 8817.796139482585, 8817.796139482585, 8817.796139482585, 8817.796139482585, 8817.796139482585, 8817.796139482585, 8817.796139482585, 8817.796139482585, 8817.796139482585, 8817.796139482585, 8817.796139482585, 8817.796139482585, 8817.796139482585, 8817.796139482585, 8817.796139482585, 8817.796139482585, 8817.796139482585, 8817.796139482585, 8817.796139482585, 8817.796139482585, 8817.796139482585, 8817.796139482585, 8817.796139482585, 8817.796139482585, 8817.796139482585, 8817.796139482585, 8817.796139482585, 8817.796139482585, 8817.796139482585, 8817.796139482585, 8817.796139482585, 8817.796139482585, 8817.796139482585, 8817.796139482585, 8817.796139482585, 8817.796139482585, 8817.796139482585, 8817.796139482585, 8817.796139482585, 8817.796139482585, 8817.796139482585, 8817.796139482585, 8817.796139482585, 8817.796139482585, 8817.796139482585, 8817.796139482585, 8817.796139482585, 8817.796139482585, 8817.796139482585) 

19 : 

x <- c(8803.064927935875, 8803.064927935875, 8803.064927935875, 8803.064927935875, 8803.064927935875, 8803.064927935875, 8803.064927935875, 8803.064927935875, 8803.064927935875, 8803.064927935875, 8803.064927935875, 8803.064927935875, 8803.064927935875, 8803.064927935875, 8803.064927935875, 8803.064927935875, 8803.064927935875, 8803.064927935875, 8803.064927935875, 8803.064927935875, 8803.064927935875, 8803.064927935875, 8803.064927935875, 8803.064927935875, 8803.064927935875, 8803.064927935875, 8803.064927935875, 8803.064927935875, 8803.064927935875, 8803.064927935875, 8803.064927935875, 8803.064927935875, 8803.064927935875, 8803.064927935875, 8803.064927935875, 8803.064927935875, 8803.064927935875, 8803.064927935875, 8803.064927935875, 8803.064927935875, 8803.064927935875, 8803.064927935875, 8803.064927935875, 8803.064927935875, 8803.064927935875, 8803.064927935875, 8803.064927935875, 8803.064927935875, 8803.064927935875, 8803.064927935875, 8803.064927935875, 8803.064927935875, 8803.064927935875, 8803.064927935875, 8803.064927935875, 8803.064927935875, 8803.064927935875, 8803.064927935875, 8803.064927935875, 8803.064927935875, 8803.064927935875, 8803.064927935875, 8803.064927935875, 8803.064927935875, 8803.064927935875, 8803.064927935875, 8803.064927935875, 8803.064927935875, 8803.064927935875, 8803.064927935875, 8803.064927935875, 8803.064927935875, 8803.064927935875, 8803.064927935875, 8803.064927935875, 8803.064927935875, 8803.064927935875, 8803.064927935875, 8803.064927935875, 8803.064927935875, 8803.064927935875, 8803.064927935875, 8803.064927935875, 8803.064927935875, 8803.064927935875, 8803.064927935875, 8803.064927935875, 8803.064927935875, 8803.064927935875, 8803.064927935875, 8803.064927935875, 8803.064927935875, 8803.064927935875, 8803.064927935875, 8803.064927935875, 8803.064927935875, 8803.064927935875, 8803.064927935875, 8803.064927935875, 8803.064927935875) 

20 : 

x <- c(8788.499846908982, 8788.499846908982, 8788.499846908982, 8788.499846908982, 8788.499846908982, 8788.499846908982, 8788.499846908982, 8788.499846908982, 8788.499846908982, 8788.499846908982, 8788.499846908982, 8788.499846908982, 8788.499846908982, 8788.499846908982, 8788.499846908982, 8788.499846908982, 8788.499846908982, 8788.499846908982, 8788.499846908982, 8788.499846908982, 8788.499846908982, 8788.499846908982, 8788.499846908982, 8788.499846908982, 8788.499846908982, 8788.499846908982, 8788.499846908982, 8788.499846908982, 8788.499846908982, 8788.499846908982, 8788.499846908982, 8788.499846908982, 8788.499846908982, 8788.499846908982, 8788.499846908982, 8788.499846908982, 8788.499846908982, 8788.499846908982, 8788.499846908982, 8788.499846908982, 8788.499846908982, 8788.499846908982, 8788.499846908982, 8788.499846908982, 8788.499846908982, 8788.499846908982, 8788.499846908982, 8788.499846908982, 8788.499846908982, 8788.499846908982, 8788.499846908982, 8788.499846908982, 8788.499846908982, 8788.499846908982, 8788.499846908982, 8788.499846908982, 8788.499846908982, 8788.499846908982, 8788.499846908982, 8788.499846908982, 8788.499846908982, 8788.499846908982, 8788.499846908982, 8788.499846908982, 8788.499846908982, 8788.499846908982, 8788.499846908982, 8788.499846908982, 8788.499846908982, 8788.499846908982, 8788.499846908982, 8788.499846908982, 8788.499846908982, 8788.499846908982, 8788.499846908982, 8788.499846908982, 8788.499846908982, 8788.499846908982, 8788.499846908982, 8788.499846908982, 8788.499846908982, 8788.499846908982, 8788.499846908982, 8788.499846908982, 8788.499846908982, 8788.499846908982, 8788.499846908982, 8788.499846908982, 8788.499846908982, 8788.499846908982, 8788.499846908982, 8788.499846908982, 8788.499846908982, 8788.499846908982, 8788.499846908982, 8788.499846908982, 8788.499846908982, 8788.499846908982, 8788.499846908982, 8788.499846908982) 

21 : 

x <- c(8813.056625468334, 8813.056625468334, 8813.056625468334, 8813.056625468334, 8813.056625468334, 8813.056625468334, 8813.056625468334, 8813.056625468334, 8813.056625468334, 8813.056625468334, 8813.056625468334, 8813.056625468334, 8813.056625468334, 8813.056625468334, 8813.056625468334, 8813.056625468334, 8813.056625468334, 8813.056625468334, 8813.056625468334, 8813.056625468334, 8813.056625468334, 8813.056625468334, 8813.056625468334, 8813.056625468334, 8813.056625468334, 8813.056625468334, 8813.056625468334, 8813.056625468334, 8813.056625468334, 8813.056625468334, 8813.056625468334, 8813.056625468334, 8813.056625468334, 8813.056625468334, 8813.056625468334, 8813.056625468334, 8813.056625468334, 8813.056625468334, 8813.056625468334, 8813.056625468334, 8813.056625468334, 8813.056625468334, 8813.056625468334, 8813.056625468334, 8813.056625468334, 8813.056625468334, 8813.056625468334, 8813.056625468334, 8813.056625468334, 8813.056625468334, 8813.056625468334, 8813.056625468334, 8813.056625468334, 8813.056625468334, 8813.056625468334, 8813.056625468334, 8813.056625468334, 8813.056625468334, 8813.056625468334, 8813.056625468334, 8813.056625468334, 8813.056625468334, 8813.056625468334, 8813.056625468334, 8813.056625468334, 8813.056625468334, 8813.056625468334, 8813.056625468334, 8813.056625468334, 8813.056625468334, 8813.056625468334, 8813.056625468334, 8813.056625468334, 8813.056625468334, 8813.056625468334, 8813.056625468334, 8813.056625468334, 8813.056625468334, 8813.056625468334, 8813.056625468334, 8813.056625468334, 8813.056625468334, 8813.056625468334, 8813.056625468334, 8813.056625468334, 8813.056625468334, 8813.056625468334, 8813.056625468334, 8813.056625468334, 8813.056625468334, 8813.056625468334, 8813.056625468334, 8813.056625468334, 8813.056625468334, 8813.056625468334, 8813.056625468334, 8813.056625468334, 8813.056625468334, 8813.056625468334, 8813.056625468334) 

22 : 

x <- c(8850.246186516593, 8850.246186516593, 8850.246186516593, 8850.246186516593, 8850.246186516593, 8850.246186516593, 8850.246186516593, 8850.246186516593, 8850.246186516593, 8850.246186516593, 8850.246186516593, 8850.246186516593, 8850.246186516593, 8850.246186516593, 8850.246186516593, 8850.246186516593, 8850.246186516593, 8850.246186516593, 8850.246186516593, 8850.246186516593, 8850.246186516593, 8850.246186516593, 8850.246186516593, 8850.246186516593, 8850.246186516593, 8850.246186516593, 8850.246186516593, 8850.246186516593, 8850.246186516593, 8850.246186516593, 8850.246186516593, 8850.246186516593, 8850.246186516593, 8850.246186516593, 8850.246186516593, 8850.246186516593, 8850.246186516593, 8850.246186516593, 8850.246186516593, 8850.246186516593, 8850.246186516593, 8850.246186516593, 8850.246186516593, 8850.246186516593, 8850.246186516593, 8850.246186516593, 8850.246186516593, 8850.246186516593, 8850.246186516593, 8850.246186516593, 8850.246186516593, 8850.246186516593, 8850.246186516593, 8850.246186516593, 8850.246186516593, 8850.246186516593, 8850.246186516593, 8850.246186516593, 8850.246186516593, 8850.246186516593, 8850.246186516593, 8850.246186516593, 8850.246186516593, 8850.246186516593, 8850.246186516593, 8850.246186516593, 8850.246186516593, 8850.246186516593, 8850.246186516593, 8850.246186516593, 8850.246186516593, 8850.246186516593, 8850.246186516593, 8850.246186516593, 8850.246186516593, 8850.246186516593, 8850.246186516593, 8850.246186516593, 8850.246186516593, 8850.246186516593, 8850.246186516593, 8850.246186516593, 8850.246186516593, 8850.246186516593, 8850.246186516593, 8850.246186516593, 8850.246186516593, 8850.246186516593, 8850.246186516593, 8850.246186516593, 8850.246186516593, 8850.246186516593, 8850.246186516593, 8850.246186516593, 8850.246186516593, 8850.246186516593, 8850.246186516593, 8850.246186516593, 8850.246186516593, 8850.246186516593) 

23 : 

x <- c(8812.337777640487, 8812.337777640487, 8812.337777640487, 8812.337777640487, 8812.337777640487, 8812.337777640487, 8812.337777640487, 8812.337777640487, 8812.337777640487, 8812.337777640487, 8812.337777640487, 8812.337777640487, 8812.337777640487, 8812.337777640487, 8812.337777640487, 8812.337777640487, 8812.337777640487, 8812.337777640487, 8812.337777640487, 8812.337777640487, 8812.337777640487, 8812.337777640487, 8812.337777640487, 8812.337777640487, 8812.337777640487, 8812.337777640487, 8812.337777640487, 8812.337777640487, 8812.337777640487, 8812.337777640487, 8812.337777640487, 8812.337777640487, 8812.337777640487, 8812.337777640487, 8812.337777640487, 8812.337777640487, 8812.337777640487, 8812.337777640487, 8812.337777640487, 8812.337777640487, 8812.337777640487, 8812.337777640487, 8812.337777640487, 8812.337777640487, 8812.337777640487, 8812.337777640487, 8812.337777640487, 8812.337777640487, 8812.337777640487, 8812.337777640487, 8812.337777640487, 8812.337777640487, 8812.337777640487, 8812.337777640487, 8812.337777640487, 8812.337777640487, 8812.337777640487, 8812.337777640487, 8812.337777640487, 8812.337777640487, 8812.337777640487, 8812.337777640487, 8812.337777640487, 8812.337777640487, 8812.337777640487, 8812.337777640487, 8812.337777640487, 8812.337777640487, 8812.337777640487, 8812.337777640487, 8812.337777640487, 8812.337777640487, 8812.337777640487, 8812.337777640487, 8812.337777640487, 8812.337777640487, 8812.337777640487, 8812.337777640487, 8812.337777640487, 8812.337777640487, 8812.337777640487, 8812.337777640487, 8812.337777640487, 8812.337777640487, 8812.337777640487, 8812.337777640487, 8812.337777640487, 8812.337777640487, 8812.337777640487, 8812.337777640487, 8812.337777640487, 8812.337777640487, 8812.337777640487, 8812.337777640487, 8812.337777640487, 8812.337777640487, 8812.337777640487, 8812.337777640487, 8812.337777640487, 8812.337777640487) 

24 : 

x <- c(8818.165470597072, 8818.165470597072, 8818.165470597072, 8818.165470597072, 8818.165470597072, 8818.165470597072, 8818.165470597072, 8818.165470597072, 8818.165470597072, 8818.165470597072, 8818.165470597072, 8818.165470597072, 8818.165470597072, 8818.165470597072, 8818.165470597072, 8818.165470597072, 8818.165470597072, 8818.165470597072, 8818.165470597072, 8818.165470597072, 8818.165470597072, 8818.165470597072, 8818.165470597072, 8818.165470597072, 8818.165470597072, 8818.165470597072, 8818.165470597072, 8818.165470597072, 8818.165470597072, 8818.165470597072, 8818.165470597072, 8818.165470597072, 8818.165470597072, 8818.165470597072, 8818.165470597072, 8818.165470597072, 8818.165470597072, 8818.165470597072, 8818.165470597072, 8818.165470597072, 8818.165470597072, 8818.165470597072, 8818.165470597072, 8818.165470597072, 8818.165470597072, 8818.165470597072, 8818.165470597072, 8818.165470597072, 8818.165470597072, 8818.165470597072, 8818.165470597072, 8818.165470597072, 8818.165470597072, 8818.165470597072, 8818.165470597072, 8818.165470597072, 8818.165470597072, 8818.165470597072, 8818.165470597072, 8818.165470597072, 8818.165470597072, 8818.165470597072, 8818.165470597072, 8818.165470597072, 8818.165470597072, 8818.165470597072, 8818.165470597072, 8818.165470597072, 8818.165470597072, 8818.165470597072, 8818.165470597072, 8818.165470597072, 8818.165470597072, 8818.165470597072, 8818.165470597072, 8818.165470597072, 8818.165470597072, 8818.165470597072, 8818.165470597072, 8818.165470597072, 8818.165470597072, 8818.165470597072, 8818.165470597072, 8818.165470597072, 8818.165470597072, 8818.165470597072, 8818.165470597072, 8818.165470597072, 8818.165470597072, 8818.165470597072, 8818.165470597072, 8818.165470597072, 8818.165470597072, 8818.165470597072, 8818.165470597072, 8818.165470597072, 8818.165470597072, 8818.165470597072, 8818.165470597072, 8818.165470597072) 

25 : 

x <- c(8810.593274217705, 8810.593274217705, 8810.593274217705, 8810.593274217705, 8810.593274217705, 8810.593274217705, 8810.593274217705, 8810.593274217705, 8810.593274217705, 8810.593274217705, 8810.593274217705, 8810.593274217705, 8810.593274217705, 8810.593274217705, 8810.593274217705, 8810.593274217705, 8810.593274217705, 8810.593274217705, 8810.593274217705, 8810.593274217705, 8810.593274217705, 8810.593274217705, 8810.593274217705, 8810.593274217705, 8810.593274217705, 8810.593274217705, 8810.593274217705, 8810.593274217705, 8810.593274217705, 8810.593274217705, 8810.593274217705, 8810.593274217705, 8810.593274217705, 8810.593274217705, 8810.593274217705, 8810.593274217705, 8810.593274217705, 8810.593274217705, 8810.593274217705, 8810.593274217705, 8810.593274217705, 8810.593274217705, 8810.593274217705, 8810.593274217705, 8810.593274217705, 8810.593274217705, 8810.593274217705, 8810.593274217705, 8810.593274217705, 8810.593274217705, 8810.593274217705, 8810.593274217705, 8810.593274217705, 8810.593274217705, 8810.593274217705, 8810.593274217705, 8810.593274217705, 8810.593274217705, 8810.593274217705, 8810.593274217705, 8810.593274217705, 8810.593274217705, 8810.593274217705, 8810.593274217705, 8810.593274217705, 8810.593274217705, 8810.593274217705, 8810.593274217705, 8810.593274217705, 8810.593274217705, 8810.593274217705, 8810.593274217705, 8810.593274217705, 8810.593274217705, 8810.593274217705, 8810.593274217705, 8810.593274217705, 8810.593274217705, 8810.593274217705, 8810.593274217705, 8810.593274217705, 8810.593274217705, 8810.593274217705, 8810.593274217705, 8810.593274217705, 8810.593274217705, 8810.593274217705, 8810.593274217705, 8810.593274217705, 8810.593274217705, 8810.593274217705, 8810.593274217705, 8810.593274217705, 8810.593274217705, 8810.593274217705, 8810.593274217705, 8810.593274217705, 8810.593274217705, 8810.593274217705, 8810.593274217705) 

26 : 

x <- c(8796.21246189886, 8796.21246189886, 8796.21246189886, 8796.21246189886, 8796.21246189886, 8796.21246189886, 8796.21246189886, 8796.21246189886, 8796.21246189886, 8796.21246189886, 8796.21246189886, 8796.21246189886, 8796.21246189886, 8796.21246189886, 8796.21246189886, 8796.21246189886, 8796.21246189886, 8796.21246189886, 8796.21246189886, 8796.21246189886, 8796.21246189886, 8796.21246189886, 8796.21246189886, 8796.21246189886, 8796.21246189886, 8796.21246189886, 8796.21246189886, 8796.21246189886, 8796.21246189886, 8796.21246189886, 8796.21246189886, 8796.21246189886, 8796.21246189886, 8796.21246189886, 8796.21246189886, 8796.21246189886, 8796.21246189886, 8796.21246189886, 8796.21246189886, 8796.21246189886, 8796.21246189886, 8796.21246189886, 8796.21246189886, 8796.21246189886, 8796.21246189886, 8796.21246189886, 8796.21246189886, 8796.21246189886, 8796.21246189886, 8796.21246189886, 8796.21246189886, 8796.21246189886, 8796.21246189886, 8796.21246189886, 8796.21246189886, 8796.21246189886, 8796.21246189886, 8796.21246189886, 8796.21246189886, 8796.21246189886, 8796.21246189886, 8796.21246189886, 8796.21246189886, 8796.21246189886, 8796.21246189886, 8796.21246189886, 8796.21246189886, 8796.21246189886, 8796.21246189886, 8796.21246189886, 8796.21246189886, 8796.21246189886, 8796.21246189886, 8796.21246189886, 8796.21246189886, 8796.21246189886, 8796.21246189886, 8796.21246189886, 8796.21246189886, 8796.21246189886, 8796.21246189886, 8796.21246189886, 8796.21246189886, 8796.21246189886, 8796.21246189886, 8796.21246189886, 8796.21246189886, 8796.21246189886, 8796.21246189886, 8796.21246189886, 8796.21246189886, 8796.21246189886, 8796.21246189886, 8796.21246189886, 8796.21246189886, 8796.21246189886, 8796.21246189886, 8796.21246189886, 8796.21246189886, 8796.21246189886) 

27 : 

x <- c(8813.246869570685, 8813.246869570685, 8813.246869570685, 8813.246869570685, 8813.246869570685, 8813.246869570685, 8813.246869570685, 8813.246869570685, 8813.246869570685, 8813.246869570685, 8813.246869570685, 8813.246869570685, 8813.246869570685, 8813.246869570685, 8813.246869570685, 8813.246869570685, 8813.246869570685, 8813.246869570685, 8813.246869570685, 8813.246869570685, 8813.246869570685, 8813.246869570685, 8813.246869570685, 8813.246869570685, 8813.246869570685, 8813.246869570685, 8813.246869570685, 8813.246869570685, 8813.246869570685, 8813.246869570685, 8813.246869570685, 8813.246869570685, 8813.246869570685, 8813.246869570685, 8813.246869570685, 8813.246869570685, 8813.246869570685, 8813.246869570685, 8813.246869570685, 8813.246869570685, 8813.246869570685, 8813.246869570685, 8813.246869570685, 8813.246869570685, 8813.246869570685, 8813.246869570685, 8813.246869570685, 8813.246869570685, 8813.246869570685, 8813.246869570685, 8813.246869570685, 8813.246869570685, 8813.246869570685, 8813.246869570685, 8813.246869570685, 8813.246869570685, 8813.246869570685, 8813.246869570685, 8813.246869570685, 8813.246869570685, 8813.246869570685, 8813.246869570685, 8813.246869570685, 8813.246869570685, 8813.246869570685, 8813.246869570685, 8813.246869570685, 8813.246869570685, 8813.246869570685, 8813.246869570685, 8813.246869570685, 8813.246869570685, 8813.246869570685, 8813.246869570685, 8813.246869570685, 8813.246869570685, 8813.246869570685, 8813.246869570685, 8813.246869570685, 8813.246869570685, 8813.246869570685, 8813.246869570685, 8813.246869570685, 8813.246869570685, 8813.246869570685, 8813.246869570685, 8813.246869570685, 8813.246869570685, 8813.246869570685, 8813.246869570685, 8813.246869570685, 8813.246869570685, 8813.246869570685, 8813.246869570685, 8813.246869570685, 8813.246869570685, 8813.246869570685, 8813.246869570685, 8813.246869570685, 8813.246869570685) 

28 : 

x <- c(8835.176121856268, 8835.176121856268, 8835.176121856268, 8835.176121856268, 8835.176121856268, 8835.176121856268, 8835.176121856268, 8835.176121856268, 8835.176121856268, 8835.176121856268, 8835.176121856268, 8835.176121856268, 8835.176121856268, 8835.176121856268, 8835.176121856268, 8835.176121856268, 8835.176121856268, 8835.176121856268, 8835.176121856268, 8835.176121856268, 8835.176121856268, 8835.176121856268, 8835.176121856268, 8835.176121856268, 8835.176121856268, 8835.176121856268, 8835.176121856268, 8835.176121856268, 8835.176121856268, 8835.176121856268, 8835.176121856268, 8835.176121856268, 8835.176121856268, 8835.176121856268, 8835.176121856268, 8835.176121856268, 8835.176121856268, 8835.176121856268, 8835.176121856268, 8835.176121856268, 8835.176121856268, 8835.176121856268, 8835.176121856268, 8835.176121856268, 8835.176121856268, 8835.176121856268, 8835.176121856268, 8835.176121856268, 8835.176121856268, 8835.176121856268, 8835.176121856268, 8835.176121856268, 8835.176121856268, 8835.176121856268, 8835.176121856268, 8835.176121856268, 8835.176121856268, 8835.176121856268, 8835.176121856268, 8835.176121856268, 8835.176121856268, 8835.176121856268, 8835.176121856268, 8835.176121856268, 8835.176121856268, 8835.176121856268, 8835.176121856268, 8835.176121856268, 8835.176121856268, 8835.176121856268, 8835.176121856268, 8835.176121856268, 8835.176121856268, 8835.176121856268, 8835.176121856268, 8835.176121856268, 8835.176121856268, 8835.176121856268, 8835.176121856268, 8835.176121856268, 8835.176121856268, 8835.176121856268, 8835.176121856268, 8835.176121856268, 8835.176121856268, 8835.176121856268, 8835.176121856268, 8835.176121856268, 8835.176121856268, 8835.176121856268, 8835.176121856268, 8835.176121856268, 8835.176121856268, 8835.176121856268, 8835.176121856268, 8835.176121856268, 8835.176121856268, 8835.176121856268, 8835.176121856268, 8835.176121856268) 

29 : 

x <- c(8805.13128104778, 8805.13128104778, 8805.13128104778, 8805.13128104778, 8805.13128104778, 8805.13128104778, 8805.13128104778, 8805.13128104778, 8805.13128104778, 8805.13128104778, 8805.13128104778, 8805.13128104778, 8805.13128104778, 8805.13128104778, 8805.13128104778, 8805.13128104778, 8805.13128104778, 8805.13128104778, 8805.13128104778, 8805.13128104778, 8805.13128104778, 8805.13128104778, 8805.13128104778, 8805.13128104778, 8805.13128104778, 8805.13128104778, 8805.13128104778, 8805.13128104778, 8805.13128104778, 8805.13128104778, 8805.13128104778, 8805.13128104778, 8805.13128104778, 8805.13128104778, 8805.13128104778, 8805.13128104778, 8805.13128104778, 8805.13128104778, 8805.13128104778, 8805.13128104778, 8805.13128104778, 8805.13128104778, 8805.13128104778, 8805.13128104778, 8805.13128104778, 8805.13128104778, 8805.13128104778, 8805.13128104778, 8805.13128104778, 8805.13128104778, 8805.13128104778, 8805.13128104778, 8805.13128104778, 8805.13128104778, 8805.13128104778, 8805.13128104778, 8805.13128104778, 8805.13128104778, 8805.13128104778, 8805.13128104778, 8805.13128104778, 8805.13128104778, 8805.13128104778, 8805.13128104778, 8805.13128104778, 8805.13128104778, 8805.13128104778, 8805.13128104778, 8805.13128104778, 8805.13128104778, 8805.13128104778, 8805.13128104778, 8805.13128104778, 8805.13128104778, 8805.13128104778, 8805.13128104778, 8805.13128104778, 8805.13128104778, 8805.13128104778, 8805.13128104778, 8805.13128104778, 8805.13128104778, 8805.13128104778, 8805.13128104778, 8805.13128104778, 8805.13128104778, 8805.13128104778, 8805.13128104778, 8805.13128104778, 8805.13128104778, 8805.13128104778, 8805.13128104778, 8805.13128104778, 8805.13128104778, 8805.13128104778, 8805.13128104778, 8805.13128104778, 8805.13128104778, 8805.13128104778, 8805.13128104778) 

30 : 

x <- c(8800.858879421054, 8800.858879421054, 8800.858879421054, 8800.858879421054, 8800.858879421054, 8800.858879421054, 8800.858879421054, 8800.858879421054, 8800.858879421054, 8800.858879421054, 8800.858879421054, 8800.858879421054, 8800.858879421054, 8800.858879421054, 8800.858879421054, 8800.858879421054, 8800.858879421054, 8800.858879421054, 8800.858879421054, 8800.858879421054, 8800.858879421054, 8800.858879421054, 8800.858879421054, 8800.858879421054, 8800.858879421054, 8800.858879421054, 8800.858879421054, 8800.858879421054, 8800.858879421054, 8800.858879421054, 8800.858879421054, 8800.858879421054, 8800.858879421054, 8800.858879421054, 8800.858879421054, 8800.858879421054, 8800.858879421054, 8800.858879421054, 8800.858879421054, 8800.858879421054, 8800.858879421054, 8800.858879421054, 8800.858879421054, 8800.858879421054, 8800.858879421054, 8800.858879421054, 8800.858879421054, 8800.858879421054, 8800.858879421054, 8800.858879421054, 8800.858879421054, 8800.858879421054, 8800.858879421054, 8800.858879421054, 8800.858879421054, 8800.858879421054, 8800.858879421054, 8800.858879421054, 8800.858879421054, 8800.858879421054, 8800.858879421054, 8800.858879421054, 8800.858879421054, 8800.858879421054, 8800.858879421054, 8800.858879421054, 8800.858879421054, 8800.858879421054, 8800.858879421054, 8800.858879421054, 8800.858879421054, 8800.858879421054, 8800.858879421054, 8800.858879421054, 8800.858879421054, 8800.858879421054, 8800.858879421054, 8800.858879421054, 8800.858879421054, 8800.858879421054, 8800.858879421054, 8800.858879421054, 8800.858879421054, 8800.858879421054, 8800.858879421054, 8800.858879421054, 8800.858879421054, 8800.858879421054, 8800.858879421054, 8800.858879421054, 8800.858879421054, 8800.858879421054, 8800.858879421054, 8800.858879421054, 8800.858879421054, 8800.858879421054, 8800.858879421054, 8800.858879421054, 8800.858879421054, 8800.858879421054) 



