med: 1.4296429432558154E11/desvio: 1.340989548610286E10


Funcoes: 

Erros: 

1 : 

x <- c(1.296329921073078E11, 1.296329921073078E11, 1.296329921073078E11, 1.296329921073078E11, 1.296329921073078E11, 1.296329921073078E11, 1.296329921073078E11, 1.296329921073078E11, 1.296329921073078E11, 1.296329921073078E11, 1.296329921073078E11, 1.296329921073078E11, 1.296329921073078E11, 1.296329921073078E11, 1.296329921073078E11, 1.296329921073078E11, 1.296329921073078E11, 1.296329921073078E11, 1.296329921073078E11, 1.296329921073078E11, 1.296329921073078E11, 1.296329921073078E11, 1.296329921073078E11, 1.296329921073078E11, 1.296329921073078E11, 1.296329921073078E11, 1.296329921073078E11, 1.296329921073078E11, 1.296329921073078E11, 1.296329921073078E11, 1.296329921073078E11, 1.296329921073078E11, 1.296329921073078E11, 1.296329921073078E11, 1.296329921073078E11, 1.296329921073078E11, 1.296329921073078E11, 1.296329921073078E11, 1.296329921073078E11, 1.296329921073078E11, 1.296329921073078E11, 1.296329921073078E11, 1.296329921073078E11, 1.296329921073078E11, 1.296329921073078E11, 1.296329921073078E11, 1.296329921073078E11, 1.296329921073078E11, 1.296329921073078E11, 1.296329921073078E11, 1.296329921073078E11, 1.296329921073078E11, 1.296329921073078E11, 1.296329921073078E11, 1.296329921073078E11, 1.296329921073078E11, 1.296329921073078E11, 1.296329921073078E11, 1.296329921073078E11, 1.296329921073078E11, 1.296329921073078E11, 1.296329921073078E11, 1.296329921073078E11, 1.296329921073078E11, 1.296329921073078E11, 1.296329921073078E11, 1.296329921073078E11, 1.296329921073078E11, 1.296329921073078E11, 1.296329921073078E11, 1.296329921073078E11, 1.296329921073078E11, 1.296329921073078E11, 1.296329921073078E11, 1.296329921073078E11, 1.296329921073078E11, 1.296329921073078E11, 1.296329921073078E11, 1.296329921073078E11, 1.296329921073078E11, 1.296329921073078E11, 1.296329921073078E11, 1.296329921073078E11, 1.296329921073078E11, 1.296329921073078E11, 1.296329921073078E11, 1.296329921073078E11, 1.296329921073078E11, 1.296329921073078E11, 1.296329921073078E11, 1.296329921073078E11, 1.296329921073078E11, 1.296329921073078E11, 1.296329921073078E11, 1.296329921073078E11, 1.296329921073078E11, 1.296329921073078E11, 1.296329921073078E11, 1.296329921073078E11, 1.296329921073078E11) 

2 : 

x <- c(1.5806825734409067E11, 1.5806825734409067E11, 1.5806825734409067E11, 1.5806825734409067E11, 1.5806825734409067E11, 1.5806825734409067E11, 1.5806825734409067E11, 1.5806825734409067E11, 1.5806825734409067E11, 1.5806825734409067E11, 1.5806825734409067E11, 1.5806825734409067E11, 1.5806825734409067E11, 1.5806825734409067E11, 1.5806825734409067E11, 1.5806825734409067E11, 1.5806825734409067E11, 1.5806825734409067E11, 1.5806825734409067E11, 1.5806825734409067E11, 1.5806825734409067E11, 1.5806825734409067E11, 1.5806825734409067E11, 1.5806825734409067E11, 1.5806825734409067E11, 1.5806825734409067E11, 1.5806825734409067E11, 1.5806825734409067E11, 1.5806825734409067E11, 1.5806825734409067E11, 1.5806825734409067E11, 1.5806825734409067E11, 1.5806825734409067E11, 1.5806825734409067E11, 1.5806825734409067E11, 1.5806825734409067E11, 1.5806825734409067E11, 1.5806825734409067E11, 1.5806825734409067E11, 1.5806825734409067E11, 1.5806825734409067E11, 1.5806825734409067E11, 1.5806825734409067E11, 1.5806825734409067E11, 1.5806825734409067E11, 1.5806825734409067E11, 1.5806825734409067E11, 1.5806825734409067E11, 1.5806825734409067E11, 1.5806825734409067E11, 1.5806825734409067E11, 1.5806825734409067E11, 1.5806825734409067E11, 1.5806825734409067E11, 1.5806825734409067E11, 1.5806825734409067E11, 1.5806825734409067E11, 1.5806825734409067E11, 1.5806825734409067E11, 1.5806825734409067E11, 1.5806825734409067E11, 1.5806825734409067E11, 1.5806825734409067E11, 1.5806825734409067E11, 1.5806825734409067E11, 1.5806825734409067E11, 1.5806825734409067E11, 1.5806825734409067E11, 1.5806825734409067E11, 1.5806825734409067E11, 1.5806825734409067E11, 1.5806825734409067E11, 1.5806825734409067E11, 1.5806825734409067E11, 1.5806825734409067E11, 1.5806825734409067E11, 1.5806825734409067E11, 1.5806825734409067E11, 1.5806825734409067E11, 1.5806825734409067E11, 1.5806825734409067E11, 1.5806825734409067E11, 1.5806825734409067E11, 1.5806825734409067E11, 1.5806825734409067E11, 1.5806825734409067E11, 1.5806825734409067E11, 1.5806825734409067E11, 1.5806825734409067E11, 1.5806825734409067E11, 1.5806825734409067E11, 1.5806825734409067E11, 1.5806825734409067E11, 1.5806825734409067E11, 1.5806825734409067E11, 1.5806825734409067E11, 1.5806825734409067E11, 1.5806825734409067E11, 1.5806825734409067E11, 1.5806825734409067E11) 

3 : 

x <- c(1.2904932131503976E11, 1.2904932131503976E11, 1.2904932131503976E11, 1.2904932131503976E11, 1.2904932131503976E11, 1.2904932131503976E11, 1.2904932131503976E11, 1.2904932131503976E11, 1.2904932131503976E11, 1.2904932131503976E11, 1.2904932131503976E11, 1.2904932131503976E11, 1.2904932131503976E11, 1.2904932131503976E11, 1.2904932131503976E11, 1.2904932131503976E11, 1.2904932131503976E11, 1.2904932131503976E11, 1.2904932131503976E11, 1.2904932131503976E11, 1.2904932131503976E11, 1.2904932131503976E11, 1.2904932131503976E11, 1.2904932131503976E11, 1.2904932131503976E11, 1.2904932131503976E11, 1.2904932131503976E11, 1.2904932131503976E11, 1.2904932131503976E11, 1.2904932131503976E11, 1.2904932131503976E11, 1.2904932131503976E11, 1.2904932131503976E11, 1.2904932131503976E11, 1.2904932131503976E11, 1.2904932131503976E11, 1.2904932131503976E11, 1.2904932131503976E11, 1.2904932131503976E11, 1.2904932131503976E11, 1.2904932131503976E11, 1.2904932131503976E11, 1.2904932131503976E11, 1.2904932131503976E11, 1.2904932131503976E11, 1.2904932131503976E11, 1.2904932131503976E11, 1.2904932131503976E11, 1.2904932131503976E11, 1.2904932131503976E11, 1.2904932131503976E11, 1.2904932131503976E11, 1.2904932131503976E11, 1.2904932131503976E11, 1.2904932131503976E11, 1.2904932131503976E11, 1.2904932131503976E11, 1.2904932131503976E11, 1.2904932131503976E11, 1.2904932131503976E11, 1.2904932131503976E11, 1.2904932131503976E11, 1.2904932131503976E11, 1.2904932131503976E11, 1.2904932131503976E11, 1.2904932131503976E11, 1.2904932131503976E11, 1.2904932131503976E11, 1.2904932131503976E11, 1.2904932131503976E11, 1.2904932131503976E11, 1.2904932131503976E11, 1.2904932131503976E11, 1.2904932131503976E11, 1.2904932131503976E11, 1.2904932131503976E11, 1.2904932131503976E11, 1.2904932131503976E11, 1.2904932131503976E11, 1.2904932131503976E11, 1.2904932131503976E11, 1.2904932131503976E11, 1.2904932131503976E11, 1.2904932131503976E11, 1.2904932131503976E11, 1.2904932131503976E11, 1.2904932131503976E11, 1.2904932131503976E11, 1.2904932131503976E11, 1.2904932131503976E11, 1.2904932131503976E11, 1.2904932131503976E11, 1.2904932131503976E11, 1.2904932131503976E11, 1.2904932131503976E11, 1.2904932131503976E11, 1.2904932131503976E11, 1.2904932131503976E11, 1.2904932131503976E11, 1.2904932131503976E11) 

4 : 

x <- c(1.3426154631031989E11, 1.3426154631031989E11, 1.3426154631031989E11, 1.3426154631031989E11, 1.3426154631031989E11, 1.3426154631031989E11, 1.3426154631031989E11, 1.3426154631031989E11, 1.3426154631031989E11, 1.3426154631031989E11, 1.3426154631031989E11, 1.3426154631031989E11, 1.3426154631031989E11, 1.3426154631031989E11, 1.3426154631031989E11, 1.3426154631031989E11, 1.3426154631031989E11, 1.3426154631031989E11, 1.3426154631031989E11, 1.3426154631031989E11, 1.3426154631031989E11, 1.3426154631031989E11, 1.3426154631031989E11, 1.3426154631031989E11, 1.3426154631031989E11, 1.3426154631031989E11, 1.3426154631031989E11, 1.3426154631031989E11, 1.3426154631031989E11, 1.3426154631031989E11, 1.3426154631031989E11, 1.3426154631031989E11, 1.3426154631031989E11, 1.3426154631031989E11, 1.3426154631031989E11, 1.3426154631031989E11, 1.3426154631031989E11, 1.3426154631031989E11, 1.3426154631031989E11, 1.3426154631031989E11, 1.3426154631031989E11, 1.3426154631031989E11, 1.3426154631031989E11, 1.3426154631031989E11, 1.3426154631031989E11, 1.3426154631031989E11, 1.3426154631031989E11, 1.3426154631031989E11, 1.3426154631031989E11, 1.3426154631031989E11, 1.3426154631031989E11, 1.3426154631031989E11, 1.3426154631031989E11, 1.3426154631031989E11, 1.3426154631031989E11, 1.3426154631031989E11, 1.3426154631031989E11, 1.3426154631031989E11, 1.3426154631031989E11, 1.3426154631031989E11, 1.3426154631031989E11, 1.3426154631031989E11, 1.3426154631031989E11, 1.3426154631031989E11, 1.3426154631031989E11, 1.3426154631031989E11, 1.3426154631031989E11, 1.3426154631031989E11, 1.3426154631031989E11, 1.3426154631031989E11, 1.3426154631031989E11, 1.3426154631031989E11, 1.3426154631031989E11, 1.3426154631031989E11, 1.3426154631031989E11, 1.3426154631031989E11, 1.3426154631031989E11, 1.3426154631031989E11, 1.3426154631031989E11, 1.3426154631031989E11, 1.3426154631031989E11, 1.3426154631031989E11, 1.3426154631031989E11, 1.3426154631031989E11, 1.3426154631031989E11, 1.3426154631031989E11, 1.3426154631031989E11, 1.3426154631031989E11, 1.3426154631031989E11, 1.3426154631031989E11, 1.3426154631031989E11, 1.3426154631031989E11, 1.3426154631031989E11, 1.3426154631031989E11, 1.3426154631031989E11, 1.3426154631031989E11, 1.3426154631031989E11, 1.3426154631031989E11, 1.3426154631031989E11, 1.3426154631031989E11) 

5 : 

x <- c(1.7412646351174396E11, 1.7412646351174396E11, 1.7412646351174396E11, 1.7412646351174396E11, 1.7412646351174396E11, 1.7412646351174396E11, 1.7412646351174396E11, 1.7412646351174396E11, 1.7412646351174396E11, 1.7412646351174396E11, 1.7412646351174396E11, 1.7412646351174396E11, 1.7412646351174396E11, 1.7412646351174396E11, 1.7412646351174396E11, 1.7412646351174396E11, 1.7412646351174396E11, 1.7412646351174396E11, 1.7412646351174396E11, 1.7412646351174396E11, 1.7412646351174396E11, 1.7412646351174396E11, 1.7412646351174396E11, 1.7412646351174396E11, 1.7412646351174396E11, 1.7412646351174396E11, 1.7412646351174396E11, 1.7412646351174396E11, 1.7412646351174396E11, 1.7412646351174396E11, 1.7412646351174396E11, 1.7412646351174396E11, 1.7412646351174396E11, 1.7412646351174396E11, 1.7412646351174396E11, 1.7412646351174396E11, 1.7412646351174396E11, 1.7412646351174396E11, 1.7412646351174396E11, 1.7412646351174396E11, 1.7412646351174396E11, 1.7412646351174396E11, 1.7412646351174396E11, 1.7412646351174396E11, 1.7412646351174396E11, 1.7412646351174396E11, 1.7412646351174396E11, 1.7412646351174396E11, 1.7412646351174396E11, 1.7412646351174396E11, 1.7412646351174396E11, 1.7412646351174396E11, 1.7412646351174396E11, 1.7412646351174396E11, 1.7412646351174396E11, 1.7412646351174396E11, 1.7412646351174396E11, 1.7412646351174396E11, 1.7412646351174396E11, 1.7412646351174396E11, 1.7412646351174396E11, 1.7412646351174396E11, 1.7412646351174396E11, 1.7412646351174396E11, 1.7412646351174396E11, 1.7412646351174396E11, 1.7412646351174396E11, 1.7412646351174396E11, 1.7412646351174396E11, 1.7412646351174396E11, 1.7412646351174396E11, 1.7412646351174396E11, 1.7412646351174396E11, 1.7412646351174396E11, 1.7412646351174396E11, 1.7412646351174396E11, 1.7412646351174396E11, 1.7412646351174396E11, 1.7412646351174396E11, 1.7412646351174396E11, 1.7412646351174396E11, 1.7412646351174396E11, 1.7412646351174396E11, 1.7412646351174396E11, 1.7412646351174396E11, 1.7412646351174396E11, 1.7412646351174396E11, 1.7412646351174396E11, 1.7412646351174396E11, 1.7412646351174396E11, 1.7412646351174396E11, 1.7412646351174396E11, 1.7412646351174396E11, 1.7412646351174396E11, 1.7412646351174396E11, 1.7412646351174396E11, 1.7412646351174396E11, 1.7412646351174396E11, 1.7412646351174396E11, 1.7412646351174396E11) 

6 : 

x <- c(1.4299960212000754E11, 1.4299960212000754E11, 1.4299960212000754E11, 1.4299960212000754E11, 1.4299960212000754E11, 1.4299960212000754E11, 1.4299960212000754E11, 1.4299960212000754E11, 1.4299960212000754E11, 1.4299960212000754E11, 1.4299960212000754E11, 1.4299960212000754E11, 1.4299960212000754E11, 1.4299960212000754E11, 1.4299960212000754E11, 1.4299960212000754E11, 1.4299960212000754E11, 1.4299960212000754E11, 1.4299960212000754E11, 1.4299960212000754E11, 1.4299960212000754E11, 1.4299960212000754E11, 1.4299960212000754E11, 1.4299960212000754E11, 1.4299960212000754E11, 1.4299960212000754E11, 1.4299960212000754E11, 1.4299960212000754E11, 1.4299960212000754E11, 1.4299960212000754E11, 1.4299960212000754E11, 1.4299960212000754E11, 1.4299960212000754E11, 1.4299960212000754E11, 1.4299960212000754E11, 1.4299960212000754E11, 1.4299960212000754E11, 1.4299960212000754E11, 1.4299960212000754E11, 1.4299960212000754E11, 1.4299960212000754E11, 1.4299960212000754E11, 1.4299960212000754E11, 1.4299960212000754E11, 1.4299960212000754E11, 1.4299960212000754E11, 1.4299960212000754E11, 1.4299960212000754E11, 1.4299960212000754E11, 1.4299960212000754E11, 1.4299960212000754E11, 1.4299960212000754E11, 1.4299960212000754E11, 1.4299960212000754E11, 1.4299960212000754E11, 1.4299960212000754E11, 1.4299960212000754E11, 1.4299960212000754E11, 1.4299960212000754E11, 1.4299960212000754E11, 1.4299960212000754E11, 1.4299960212000754E11, 1.4299960212000754E11, 1.4299960212000754E11, 1.4299960212000754E11, 1.4299960212000754E11, 1.4299960212000754E11, 1.4299960212000754E11, 1.4299960212000754E11, 1.4299960212000754E11, 1.4299960212000754E11, 1.4299960212000754E11, 1.4299960212000754E11, 1.4299960212000754E11, 1.4299960212000754E11, 1.4299960212000754E11, 1.4299960212000754E11, 1.4299960212000754E11, 1.4299960212000754E11, 1.4299960212000754E11, 1.4299960212000754E11, 1.4299960212000754E11, 1.4299960212000754E11, 1.4299960212000754E11, 1.4299960212000754E11, 1.4299960212000754E11, 1.4299960212000754E11, 1.4299960212000754E11, 1.4299960212000754E11, 1.4299960212000754E11, 1.4299960212000754E11, 1.4299960212000754E11, 1.4299960212000754E11, 1.4299960212000754E11, 1.4299960212000754E11, 1.4299960212000754E11, 1.4299960212000754E11, 1.4299960212000754E11, 1.4299960212000754E11, 1.4299960212000754E11) 

7 : 

x <- c(1.3202123051899283E11, 1.3202123051899283E11, 1.3202123051899283E11, 1.3202123051899283E11, 1.3202123051899283E11, 1.3202123051899283E11, 1.3202123051899283E11, 1.3202123051899283E11, 1.3202123051899283E11, 1.3202123051899283E11, 1.3202123051899283E11, 1.3202123051899283E11, 1.3202123051899283E11, 1.3202123051899283E11, 1.3202123051899283E11, 1.3202123051899283E11, 1.3202123051899283E11, 1.3202123051899283E11, 1.3202123051899283E11, 1.3202123051899283E11, 1.3202123051899283E11, 1.3202123051899283E11, 1.3202123051899283E11, 1.3202123051899283E11, 1.3202123051899283E11, 1.3202123051899283E11, 1.3202123051899283E11, 1.3202123051899283E11, 1.3202123051899283E11, 1.3202123051899283E11, 1.3202123051899283E11, 1.3202123051899283E11, 1.3202123051899283E11, 1.3202123051899283E11, 1.3202123051899283E11, 1.3202123051899283E11, 1.3202123051899283E11, 1.3202123051899283E11, 1.3202123051899283E11, 1.3202123051899283E11, 1.3202123051899283E11, 1.3202123051899283E11, 1.3202123051899283E11, 1.3202123051899283E11, 1.3202123051899283E11, 1.3202123051899283E11, 1.3202123051899283E11, 1.3202123051899283E11, 1.3202123051899283E11, 1.3202123051899283E11, 1.3202123051899283E11, 1.3202123051899283E11, 1.3202123051899283E11, 1.3202123051899283E11, 1.3202123051899283E11, 1.3202123051899283E11, 1.3202123051899283E11, 1.3202123051899283E11, 1.3202123051899283E11, 1.3202123051899283E11, 1.3202123051899283E11, 1.3202123051899283E11, 1.3202123051899283E11, 1.3202123051899283E11, 1.3202123051899283E11, 1.3202123051899283E11, 1.3202123051899283E11, 1.3202123051899283E11, 1.3202123051899283E11, 1.3202123051899283E11, 1.3202123051899283E11, 1.3202123051899283E11, 1.3202123051899283E11, 1.3202123051899283E11, 1.3202123051899283E11, 1.3202123051899283E11, 1.3202123051899283E11, 1.3202123051899283E11, 1.3202123051899283E11, 1.3202123051899283E11, 1.3202123051899283E11, 1.3202123051899283E11, 1.3202123051899283E11, 1.3202123051899283E11, 1.3202123051899283E11, 1.3202123051899283E11, 1.3202123051899283E11, 1.3202123051899283E11, 1.3202123051899283E11, 1.3202123051899283E11, 1.3202123051899283E11, 1.3202123051899283E11, 1.3202123051899283E11, 1.3202123051899283E11, 1.3202123051899283E11, 1.3202123051899283E11, 1.3202123051899283E11, 1.3202123051899283E11, 1.3202123051899283E11, 1.3202123051899283E11) 

8 : 

x <- c(1.5042869231337317E11, 1.5042869231337317E11, 1.5042869231337317E11, 1.5042869231337317E11, 1.5042869231337317E11, 1.5042869231337317E11, 1.5042869231337317E11, 1.5042869231337317E11, 1.5042869231337317E11, 1.5042869231337317E11, 1.5042869231337317E11, 1.5042869231337317E11, 1.5042869231337317E11, 1.5042869231337317E11, 1.5042869231337317E11, 1.5042869231337317E11, 1.5042869231337317E11, 1.5042869231337317E11, 1.5042869231337317E11, 1.5042869231337317E11, 1.5042869231337317E11, 1.5042869231337317E11, 1.5042869231337317E11, 1.5042869231337317E11, 1.5042869231337317E11, 1.5042869231337317E11, 1.5042869231337317E11, 1.5042869231337317E11, 1.5042869231337317E11, 1.5042869231337317E11, 1.5042869231337317E11, 1.5042869231337317E11, 1.5042869231337317E11, 1.5042869231337317E11, 1.5042869231337317E11, 1.5042869231337317E11, 1.5042869231337317E11, 1.5042869231337317E11, 1.5042869231337317E11, 1.5042869231337317E11, 1.5042869231337317E11, 1.5042869231337317E11, 1.5042869231337317E11, 1.5042869231337317E11, 1.5042869231337317E11, 1.5042869231337317E11, 1.5042869231337317E11, 1.5042869231337317E11, 1.5042869231337317E11, 1.5042869231337317E11, 1.5042869231337317E11, 1.5042869231337317E11, 1.5042869231337317E11, 1.5042869231337317E11, 1.5042869231337317E11, 1.5042869231337317E11, 1.5042869231337317E11, 1.5042869231337317E11, 1.5042869231337317E11, 1.5042869231337317E11, 1.5042869231337317E11, 1.5042869231337317E11, 1.5042869231337317E11, 1.5042869231337317E11, 1.5042869231337317E11, 1.5042869231337317E11, 1.5042869231337317E11, 1.5042869231337317E11, 1.5042869231337317E11, 1.5042869231337317E11, 1.5042869231337317E11, 1.5042869231337317E11, 1.5042869231337317E11, 1.5042869231337317E11, 1.5042869231337317E11, 1.5042869231337317E11, 1.5042869231337317E11, 1.5042869231337317E11, 1.5042869231337317E11, 1.5042869231337317E11, 1.5042869231337317E11, 1.5042869231337317E11, 1.5042869231337317E11, 1.5042869231337317E11, 1.5042869231337317E11, 1.5042869231337317E11, 1.5042869231337317E11, 1.5042869231337317E11, 1.5042869231337317E11, 1.5042869231337317E11, 1.5042869231337317E11, 1.5042869231337317E11, 1.5042869231337317E11, 1.5042869231337317E11, 1.5042869231337317E11, 1.5042869231337317E11, 1.5042869231337317E11, 1.5042869231337317E11, 1.5042869231337317E11, 1.5042869231337317E11) 

9 : 

x <- c(1.5750433735216364E11, 1.5750433735216364E11, 1.5750433735216364E11, 1.5750433735216364E11, 1.5750433735216364E11, 1.5750433735216364E11, 1.5750433735216364E11, 1.5750433735216364E11, 1.5750433735216364E11, 1.5750433735216364E11, 1.5750433735216364E11, 1.5750433735216364E11, 1.5750433735216364E11, 1.5750433735216364E11, 1.5750433735216364E11, 1.5750433735216364E11, 1.5750433735216364E11, 1.5750433735216364E11, 1.5750433735216364E11, 1.5750433735216364E11, 1.5750433735216364E11, 1.5750433735216364E11, 1.5750433735216364E11, 1.5750433735216364E11, 1.5750433735216364E11, 1.5750433735216364E11, 1.5750433735216364E11, 1.5750433735216364E11, 1.5750433735216364E11, 1.5750433735216364E11, 1.5750433735216364E11, 1.5750433735216364E11, 1.5750433735216364E11, 1.5750433735216364E11, 1.5750433735216364E11, 1.5750433735216364E11, 1.5750433735216364E11, 1.5750433735216364E11, 1.5750433735216364E11, 1.5750433735216364E11, 1.5750433735216364E11, 1.5750433735216364E11, 1.5750433735216364E11, 1.5750433735216364E11, 1.5750433735216364E11, 1.5750433735216364E11, 1.5750433735216364E11, 1.5750433735216364E11, 1.5750433735216364E11, 1.5750433735216364E11, 1.5750433735216364E11, 1.5750433735216364E11, 1.5750433735216364E11, 1.5750433735216364E11, 1.5750433735216364E11, 1.5750433735216364E11, 1.5750433735216364E11, 1.5750433735216364E11, 1.5750433735216364E11, 1.5750433735216364E11, 1.5750433735216364E11, 1.5750433735216364E11, 1.5750433735216364E11, 1.5750433735216364E11, 1.5750433735216364E11, 1.5750433735216364E11, 1.5750433735216364E11, 1.5750433735216364E11, 1.5750433735216364E11, 1.5750433735216364E11, 1.5750433735216364E11, 1.5750433735216364E11, 1.5750433735216364E11, 1.5750433735216364E11, 1.5750433735216364E11, 1.5750433735216364E11, 1.5750433735216364E11, 1.5750433735216364E11, 1.5750433735216364E11, 1.5750433735216364E11, 1.5750433735216364E11, 1.5750433735216364E11, 1.5750433735216364E11, 1.5750433735216364E11, 1.5750433735216364E11, 1.5750433735216364E11, 1.5750433735216364E11, 1.5750433735216364E11, 1.5750433735216364E11, 1.5750433735216364E11, 1.5750433735216364E11, 1.5750433735216364E11, 1.5750433735216364E11, 1.5750433735216364E11, 1.5750433735216364E11, 1.5750433735216364E11, 1.5750433735216364E11, 1.5750433735216364E11, 1.5750433735216364E11, 1.5750433735216364E11) 

10 : 

x <- c(1.4027392211773026E11, 1.4027392211773026E11, 1.4027392211773026E11, 1.4027392211773026E11, 1.4027392211773026E11, 1.4027392211773026E11, 1.4027392211773026E11, 1.4027392211773026E11, 1.4027392211773026E11, 1.4027392211773026E11, 1.4027392211773026E11, 1.4027392211773026E11, 1.4027392211773026E11, 1.4027392211773026E11, 1.4027392211773026E11, 1.4027392211773026E11, 1.4027392211773026E11, 1.4027392211773026E11, 1.4027392211773026E11, 1.4027392211773026E11, 1.4027392211773026E11, 1.4027392211773026E11, 1.4027392211773026E11, 1.4027392211773026E11, 1.4027392211773026E11, 1.4027392211773026E11, 1.4027392211773026E11, 1.4027392211773026E11, 1.4027392211773026E11, 1.4027392211773026E11, 1.4027392211773026E11, 1.4027392211773026E11, 1.4027392211773026E11, 1.4027392211773026E11, 1.4027392211773026E11, 1.4027392211773026E11, 1.4027392211773026E11, 1.4027392211773026E11, 1.4027392211773026E11, 1.4027392211773026E11, 1.4027392211773026E11, 1.4027392211773026E11, 1.4027392211773026E11, 1.4027392211773026E11, 1.4027392211773026E11, 1.4027392211773026E11, 1.4027392211773026E11, 1.4027392211773026E11, 1.4027392211773026E11, 1.4027392211773026E11, 1.4027392211773026E11, 1.4027392211773026E11, 1.4027392211773026E11, 1.4027392211773026E11, 1.4027392211773026E11, 1.4027392211773026E11, 1.4027392211773026E11, 1.4027392211773026E11, 1.4027392211773026E11, 1.4027392211773026E11, 1.4027392211773026E11, 1.4027392211773026E11, 1.4027392211773026E11, 1.4027392211773026E11, 1.4027392211773026E11, 1.4027392211773026E11, 1.4027392211773026E11, 1.4027392211773026E11, 1.4027392211773026E11, 1.4027392211773026E11, 1.4027392211773026E11, 1.4027392211773026E11, 1.4027392211773026E11, 1.4027392211773026E11, 1.4027392211773026E11, 1.4027392211773026E11, 1.4027392211773026E11, 1.4027392211773026E11, 1.4027392211773026E11, 1.4027392211773026E11, 1.4027392211773026E11, 1.4027392211773026E11, 1.4027392211773026E11, 1.4027392211773026E11, 1.4027392211773026E11, 1.4027392211773026E11, 1.4027392211773026E11, 1.4027392211773026E11, 1.4027392211773026E11, 1.4027392211773026E11, 1.4027392211773026E11, 1.4027392211773026E11, 1.4027392211773026E11, 1.4027392211773026E11, 1.4027392211773026E11, 1.4027392211773026E11, 1.4027392211773026E11, 1.4027392211773026E11, 1.4027392211773026E11, 1.4027392211773026E11) 

11 : 

x <- c(1.4337109447661798E11, 1.4337109447661798E11, 1.4337109447661798E11, 1.4337109447661798E11, 1.4337109447661798E11, 1.4337109447661798E11, 1.4337109447661798E11, 1.4337109447661798E11, 1.4337109447661798E11, 1.4337109447661798E11, 1.4337109447661798E11, 1.4337109447661798E11, 1.4337109447661798E11, 1.4337109447661798E11, 1.4337109447661798E11, 1.4337109447661798E11, 1.4337109447661798E11, 1.4337109447661798E11, 1.4337109447661798E11, 1.4337109447661798E11, 1.4337109447661798E11, 1.4337109447661798E11, 1.4337109447661798E11, 1.4337109447661798E11, 1.4337109447661798E11, 1.4337109447661798E11, 1.4337109447661798E11, 1.4337109447661798E11, 1.4337109447661798E11, 1.4337109447661798E11, 1.4337109447661798E11, 1.4337109447661798E11, 1.4337109447661798E11, 1.4337109447661798E11, 1.4337109447661798E11, 1.4337109447661798E11, 1.4337109447661798E11, 1.4337109447661798E11, 1.4337109447661798E11, 1.4337109447661798E11, 1.4337109447661798E11, 1.4337109447661798E11, 1.4337109447661798E11, 1.4337109447661798E11, 1.4337109447661798E11, 1.4337109447661798E11, 1.4337109447661798E11, 1.4337109447661798E11, 1.4337109447661798E11, 1.4337109447661798E11, 1.4337109447661798E11, 1.4337109447661798E11, 1.4337109447661798E11, 1.4337109447661798E11, 1.4337109447661798E11, 1.4337109447661798E11, 1.4337109447661798E11, 1.4337109447661798E11, 1.4337109447661798E11, 1.4337109447661798E11, 1.4337109447661798E11, 1.4337109447661798E11, 1.4337109447661798E11, 1.4337109447661798E11, 1.4337109447661798E11, 1.4337109447661798E11, 1.4337109447661798E11, 1.4337109447661798E11, 1.4337109447661798E11, 1.4337109447661798E11, 1.4337109447661798E11, 1.4337109447661798E11, 1.4337109447661798E11, 1.4337109447661798E11, 1.4337109447661798E11, 1.4337109447661798E11, 1.4337109447661798E11, 1.4337109447661798E11, 1.4337109447661798E11, 1.4337109447661798E11, 1.4337109447661798E11, 1.4337109447661798E11, 1.4337109447661798E11, 1.4337109447661798E11, 1.4337109447661798E11, 1.4337109447661798E11, 1.4337109447661798E11, 1.4337109447661798E11, 1.4337109447661798E11, 1.4337109447661798E11, 1.4337109447661798E11, 1.4337109447661798E11, 1.4337109447661798E11, 1.4337109447661798E11, 1.4337109447661798E11, 1.4337109447661798E11, 1.4337109447661798E11, 1.4337109447661798E11, 1.4337109447661798E11, 1.4337109447661798E11) 

12 : 

x <- c(1.43070454063254E11, 1.43070454063254E11, 1.43070454063254E11, 1.43070454063254E11, 1.43070454063254E11, 1.43070454063254E11, 1.43070454063254E11, 1.43070454063254E11, 1.43070454063254E11, 1.43070454063254E11, 1.43070454063254E11, 1.43070454063254E11, 1.43070454063254E11, 1.43070454063254E11, 1.43070454063254E11, 1.43070454063254E11, 1.43070454063254E11, 1.43070454063254E11, 1.43070454063254E11, 1.43070454063254E11, 1.43070454063254E11, 1.43070454063254E11, 1.43070454063254E11, 1.43070454063254E11, 1.43070454063254E11, 1.43070454063254E11, 1.43070454063254E11, 1.43070454063254E11, 1.43070454063254E11, 1.43070454063254E11, 1.43070454063254E11, 1.43070454063254E11, 1.43070454063254E11, 1.43070454063254E11, 1.43070454063254E11, 1.43070454063254E11, 1.43070454063254E11, 1.43070454063254E11, 1.43070454063254E11, 1.43070454063254E11, 1.43070454063254E11, 1.43070454063254E11, 1.43070454063254E11, 1.43070454063254E11, 1.43070454063254E11, 1.43070454063254E11, 1.43070454063254E11, 1.43070454063254E11, 1.43070454063254E11, 1.43070454063254E11, 1.43070454063254E11, 1.43070454063254E11, 1.43070454063254E11, 1.43070454063254E11, 1.43070454063254E11, 1.43070454063254E11, 1.43070454063254E11, 1.43070454063254E11, 1.43070454063254E11, 1.43070454063254E11, 1.43070454063254E11, 1.43070454063254E11, 1.43070454063254E11, 1.43070454063254E11, 1.43070454063254E11, 1.43070454063254E11, 1.43070454063254E11, 1.43070454063254E11, 1.43070454063254E11, 1.43070454063254E11, 1.43070454063254E11, 1.43070454063254E11, 1.43070454063254E11, 1.43070454063254E11, 1.43070454063254E11, 1.43070454063254E11, 1.43070454063254E11, 1.43070454063254E11, 1.43070454063254E11, 1.43070454063254E11, 1.43070454063254E11, 1.43070454063254E11, 1.43070454063254E11, 1.43070454063254E11, 1.43070454063254E11, 1.43070454063254E11, 1.43070454063254E11, 1.43070454063254E11, 1.43070454063254E11, 1.43070454063254E11, 1.43070454063254E11, 1.43070454063254E11, 1.43070454063254E11, 1.43070454063254E11, 1.43070454063254E11, 1.43070454063254E11, 1.43070454063254E11, 1.43070454063254E11, 1.43070454063254E11, 1.43070454063254E11) 

13 : 

x <- c(1.2833675191289207E11, 1.2833675191289207E11, 1.2833675191289207E11, 1.2833675191289207E11, 1.2833675191289207E11, 1.2833675191289207E11, 1.2833675191289207E11, 1.2833675191289207E11, 1.2833675191289207E11, 1.2833675191289207E11, 1.2833675191289207E11, 1.2833675191289207E11, 1.2833675191289207E11, 1.2833675191289207E11, 1.2833675191289207E11, 1.2833675191289207E11, 1.2833675191289207E11, 1.2833675191289207E11, 1.2833675191289207E11, 1.2833675191289207E11, 1.2833675191289207E11, 1.2833675191289207E11, 1.2833675191289207E11, 1.2833675191289207E11, 1.2833675191289207E11, 1.2833675191289207E11, 1.2833675191289207E11, 1.2833675191289207E11, 1.2833675191289207E11, 1.2833675191289207E11, 1.2833675191289207E11, 1.2833675191289207E11, 1.2833675191289207E11, 1.2833675191289207E11, 1.2833675191289207E11, 1.2833675191289207E11, 1.2833675191289207E11, 1.2833675191289207E11, 1.2833675191289207E11, 1.2833675191289207E11, 1.2833675191289207E11, 1.2833675191289207E11, 1.2833675191289207E11, 1.2833675191289207E11, 1.2833675191289207E11, 1.2833675191289207E11, 1.2833675191289207E11, 1.2833675191289207E11, 1.2833675191289207E11, 1.2833675191289207E11, 1.2833675191289207E11, 1.2833675191289207E11, 1.2833675191289207E11, 1.2833675191289207E11, 1.2833675191289207E11, 1.2833675191289207E11, 1.2833675191289207E11, 1.2833675191289207E11, 1.2833675191289207E11, 1.2833675191289207E11, 1.2833675191289207E11, 1.2833675191289207E11, 1.2833675191289207E11, 1.2833675191289207E11, 1.2833675191289207E11, 1.2833675191289207E11, 1.2833675191289207E11, 1.2833675191289207E11, 1.2833675191289207E11, 1.2833675191289207E11, 1.2833675191289207E11, 1.2833675191289207E11, 1.2833675191289207E11, 1.2833675191289207E11, 1.2833675191289207E11, 1.2833675191289207E11, 1.2833675191289207E11, 1.2833675191289207E11, 1.2833675191289207E11, 1.2833675191289207E11, 1.2833675191289207E11, 1.2833675191289207E11, 1.2833675191289207E11, 1.2833675191289207E11, 1.2833675191289207E11, 1.2833675191289207E11, 1.2833675191289207E11, 1.2833675191289207E11, 1.2833675191289207E11, 1.2833675191289207E11, 1.2833675191289207E11, 1.2833675191289207E11, 1.2833675191289207E11, 1.2833675191289207E11, 1.2833675191289207E11, 1.2833675191289207E11, 1.2833675191289207E11, 1.2833675191289207E11, 1.2833675191289207E11, 1.2833675191289207E11) 

14 : 

x <- c(1.314949045666758E11, 1.314949045666758E11, 1.314949045666758E11, 1.314949045666758E11, 1.314949045666758E11, 1.314949045666758E11, 1.314949045666758E11, 1.314949045666758E11, 1.314949045666758E11, 1.314949045666758E11, 1.314949045666758E11, 1.314949045666758E11, 1.314949045666758E11, 1.314949045666758E11, 1.314949045666758E11, 1.314949045666758E11, 1.314949045666758E11, 1.314949045666758E11, 1.314949045666758E11, 1.314949045666758E11, 1.314949045666758E11, 1.314949045666758E11, 1.314949045666758E11, 1.314949045666758E11, 1.314949045666758E11, 1.314949045666758E11, 1.314949045666758E11, 1.314949045666758E11, 1.314949045666758E11, 1.314949045666758E11, 1.314949045666758E11, 1.314949045666758E11, 1.314949045666758E11, 1.314949045666758E11, 1.314949045666758E11, 1.314949045666758E11, 1.314949045666758E11, 1.314949045666758E11, 1.314949045666758E11, 1.314949045666758E11, 1.314949045666758E11, 1.314949045666758E11, 1.314949045666758E11, 1.314949045666758E11, 1.314949045666758E11, 1.314949045666758E11, 1.314949045666758E11, 1.314949045666758E11, 1.314949045666758E11, 1.314949045666758E11, 1.314949045666758E11, 1.314949045666758E11, 1.314949045666758E11, 1.314949045666758E11, 1.314949045666758E11, 1.314949045666758E11, 1.314949045666758E11, 1.314949045666758E11, 1.314949045666758E11, 1.314949045666758E11, 1.314949045666758E11, 1.314949045666758E11, 1.314949045666758E11, 1.314949045666758E11, 1.314949045666758E11, 1.314949045666758E11, 1.314949045666758E11, 1.314949045666758E11, 1.314949045666758E11, 1.314949045666758E11, 1.314949045666758E11, 1.314949045666758E11, 1.314949045666758E11, 1.314949045666758E11, 1.314949045666758E11, 1.314949045666758E11, 1.314949045666758E11, 1.314949045666758E11, 1.314949045666758E11, 1.314949045666758E11, 1.314949045666758E11, 1.314949045666758E11, 1.314949045666758E11, 1.314949045666758E11, 1.314949045666758E11, 1.314949045666758E11, 1.314949045666758E11, 1.314949045666758E11, 1.314949045666758E11, 1.314949045666758E11, 1.314949045666758E11, 1.314949045666758E11, 1.314949045666758E11, 1.314949045666758E11, 1.314949045666758E11, 1.314949045666758E11, 1.314949045666758E11, 1.314949045666758E11, 1.314949045666758E11, 1.314949045666758E11) 

15 : 

x <- c(1.4938288279144617E11, 1.4938288279144617E11, 1.4938288279144617E11, 1.4938288279144617E11, 1.4938288279144617E11, 1.4938288279144617E11, 1.4938288279144617E11, 1.4938288279144617E11, 1.4938288279144617E11, 1.4938288279144617E11, 1.4938288279144617E11, 1.4938288279144617E11, 1.4938288279144617E11, 1.4938288279144617E11, 1.4938288279144617E11, 1.4938288279144617E11, 1.4938288279144617E11, 1.4938288279144617E11, 1.4938288279144617E11, 1.4938288279144617E11, 1.4938288279144617E11, 1.4938288279144617E11, 1.4938288279144617E11, 1.4938288279144617E11, 1.4938288279144617E11, 1.4938288279144617E11, 1.4938288279144617E11, 1.4938288279144617E11, 1.4938288279144617E11, 1.4938288279144617E11, 1.4938288279144617E11, 1.4938288279144617E11, 1.4938288279144617E11, 1.4938288279144617E11, 1.4938288279144617E11, 1.4938288279144617E11, 1.4938288279144617E11, 1.4938288279144617E11, 1.4938288279144617E11, 1.4938288279144617E11, 1.4938288279144617E11, 1.4938288279144617E11, 1.4938288279144617E11, 1.4938288279144617E11, 1.4938288279144617E11, 1.4938288279144617E11, 1.4938288279144617E11, 1.4938288279144617E11, 1.4938288279144617E11, 1.4938288279144617E11, 1.4938288279144617E11, 1.4938288279144617E11, 1.4938288279144617E11, 1.4938288279144617E11, 1.4938288279144617E11, 1.4938288279144617E11, 1.4938288279144617E11, 1.4938288279144617E11, 1.4938288279144617E11, 1.4938288279144617E11, 1.4938288279144617E11, 1.4938288279144617E11, 1.4938288279144617E11, 1.4938288279144617E11, 1.4938288279144617E11, 1.4938288279144617E11, 1.4938288279144617E11, 1.4938288279144617E11, 1.4938288279144617E11, 1.4938288279144617E11, 1.4938288279144617E11, 1.4938288279144617E11, 1.4938288279144617E11, 1.4938288279144617E11, 1.4938288279144617E11, 1.4938288279144617E11, 1.4938288279144617E11, 1.4938288279144617E11, 1.4938288279144617E11, 1.4938288279144617E11, 1.4938288279144617E11, 1.4938288279144617E11, 1.4938288279144617E11, 1.4938288279144617E11, 1.4938288279144617E11, 1.4938288279144617E11, 1.4938288279144617E11, 1.4938288279144617E11, 1.4938288279144617E11, 1.4938288279144617E11, 1.4938288279144617E11, 1.4938288279144617E11, 1.4938288279144617E11, 1.4938288279144617E11, 1.4938288279144617E11, 1.4938288279144617E11, 1.4938288279144617E11, 1.4938288279144617E11, 1.4938288279144617E11, 1.4938288279144617E11) 

16 : 

x <- c(1.334647409734916E11, 1.334647409734916E11, 1.334647409734916E11, 1.334647409734916E11, 1.334647409734916E11, 1.334647409734916E11, 1.334647409734916E11, 1.334647409734916E11, 1.334647409734916E11, 1.334647409734916E11, 1.334647409734916E11, 1.334647409734916E11, 1.334647409734916E11, 1.334647409734916E11, 1.334647409734916E11, 1.334647409734916E11, 1.334647409734916E11, 1.334647409734916E11, 1.334647409734916E11, 1.334647409734916E11, 1.334647409734916E11, 1.334647409734916E11, 1.334647409734916E11, 1.334647409734916E11, 1.334647409734916E11, 1.334647409734916E11, 1.334647409734916E11, 1.334647409734916E11, 1.334647409734916E11, 1.334647409734916E11, 1.334647409734916E11, 1.334647409734916E11, 1.334647409734916E11, 1.334647409734916E11, 1.334647409734916E11, 1.334647409734916E11, 1.334647409734916E11, 1.334647409734916E11, 1.334647409734916E11, 1.334647409734916E11, 1.334647409734916E11, 1.334647409734916E11, 1.334647409734916E11, 1.334647409734916E11, 1.334647409734916E11, 1.334647409734916E11, 1.334647409734916E11, 1.334647409734916E11, 1.334647409734916E11, 1.334647409734916E11, 1.334647409734916E11, 1.334647409734916E11, 1.334647409734916E11, 1.334647409734916E11, 1.334647409734916E11, 1.334647409734916E11, 1.334647409734916E11, 1.334647409734916E11, 1.334647409734916E11, 1.334647409734916E11, 1.334647409734916E11, 1.334647409734916E11, 1.334647409734916E11, 1.334647409734916E11, 1.334647409734916E11, 1.334647409734916E11, 1.334647409734916E11, 1.334647409734916E11, 1.334647409734916E11, 1.334647409734916E11, 1.334647409734916E11, 1.334647409734916E11, 1.334647409734916E11, 1.334647409734916E11, 1.334647409734916E11, 1.334647409734916E11, 1.334647409734916E11, 1.334647409734916E11, 1.334647409734916E11, 1.334647409734916E11, 1.334647409734916E11, 1.334647409734916E11, 1.334647409734916E11, 1.334647409734916E11, 1.334647409734916E11, 1.334647409734916E11, 1.334647409734916E11, 1.334647409734916E11, 1.334647409734916E11, 1.334647409734916E11, 1.334647409734916E11, 1.334647409734916E11, 1.334647409734916E11, 1.334647409734916E11, 1.334647409734916E11, 1.334647409734916E11, 1.334647409734916E11, 1.334647409734916E11, 1.334647409734916E11, 1.334647409734916E11) 

17 : 

x <- c(1.793705614956514E11, 1.793705614956514E11, 1.793705614956514E11, 1.793705614956514E11, 1.793705614956514E11, 1.793705614956514E11, 1.793705614956514E11, 1.793705614956514E11, 1.793705614956514E11, 1.793705614956514E11, 1.793705614956514E11, 1.793705614956514E11, 1.793705614956514E11, 1.793705614956514E11, 1.793705614956514E11, 1.793705614956514E11, 1.793705614956514E11, 1.793705614956514E11, 1.793705614956514E11, 1.793705614956514E11, 1.793705614956514E11, 1.793705614956514E11, 1.793705614956514E11, 1.793705614956514E11, 1.793705614956514E11, 1.793705614956514E11, 1.793705614956514E11, 1.793705614956514E11, 1.793705614956514E11, 1.793705614956514E11, 1.793705614956514E11, 1.793705614956514E11, 1.793705614956514E11, 1.793705614956514E11, 1.793705614956514E11, 1.793705614956514E11, 1.793705614956514E11, 1.793705614956514E11, 1.793705614956514E11, 1.793705614956514E11, 1.793705614956514E11, 1.793705614956514E11, 1.793705614956514E11, 1.793705614956514E11, 1.793705614956514E11, 1.793705614956514E11, 1.793705614956514E11, 1.793705614956514E11, 1.793705614956514E11, 1.793705614956514E11, 1.793705614956514E11, 1.793705614956514E11, 1.793705614956514E11, 1.793705614956514E11, 1.793705614956514E11, 1.793705614956514E11, 1.793705614956514E11, 1.793705614956514E11, 1.793705614956514E11, 1.793705614956514E11, 1.793705614956514E11, 1.793705614956514E11, 1.793705614956514E11, 1.793705614956514E11, 1.793705614956514E11, 1.793705614956514E11, 1.793705614956514E11, 1.793705614956514E11, 1.793705614956514E11, 1.793705614956514E11, 1.793705614956514E11, 1.793705614956514E11, 1.793705614956514E11, 1.793705614956514E11, 1.793705614956514E11, 1.793705614956514E11, 1.793705614956514E11, 1.793705614956514E11, 1.793705614956514E11, 1.793705614956514E11, 1.793705614956514E11, 1.793705614956514E11, 1.793705614956514E11, 1.793705614956514E11, 1.793705614956514E11, 1.793705614956514E11, 1.793705614956514E11, 1.793705614956514E11, 1.793705614956514E11, 1.793705614956514E11, 1.793705614956514E11, 1.793705614956514E11, 1.793705614956514E11, 1.793705614956514E11, 1.793705614956514E11, 1.793705614956514E11, 1.793705614956514E11, 1.793705614956514E11, 1.793705614956514E11, 1.793705614956514E11) 

18 : 

x <- c(1.4234446792680106E11, 1.4234446792680106E11, 1.4234446792680106E11, 1.4234446792680106E11, 1.4234446792680106E11, 1.4234446792680106E11, 1.4234446792680106E11, 1.4234446792680106E11, 1.4234446792680106E11, 1.4234446792680106E11, 1.4234446792680106E11, 1.4234446792680106E11, 1.4234446792680106E11, 1.4234446792680106E11, 1.4234446792680106E11, 1.4234446792680106E11, 1.4234446792680106E11, 1.4234446792680106E11, 1.4234446792680106E11, 1.4234446792680106E11, 1.4234446792680106E11, 1.4234446792680106E11, 1.4234446792680106E11, 1.4234446792680106E11, 1.4234446792680106E11, 1.4234446792680106E11, 1.4234446792680106E11, 1.4234446792680106E11, 1.4234446792680106E11, 1.4234446792680106E11, 1.4234446792680106E11, 1.4234446792680106E11, 1.4234446792680106E11, 1.4234446792680106E11, 1.4234446792680106E11, 1.4234446792680106E11, 1.4234446792680106E11, 1.4234446792680106E11, 1.4234446792680106E11, 1.4234446792680106E11, 1.4234446792680106E11, 1.4234446792680106E11, 1.4234446792680106E11, 1.4234446792680106E11, 1.4234446792680106E11, 1.4234446792680106E11, 1.4234446792680106E11, 1.4234446792680106E11, 1.4234446792680106E11, 1.4234446792680106E11, 1.4234446792680106E11, 1.4234446792680106E11, 1.4234446792680106E11, 1.4234446792680106E11, 1.4234446792680106E11, 1.4234446792680106E11, 1.4234446792680106E11, 1.4234446792680106E11, 1.4234446792680106E11, 1.4234446792680106E11, 1.4234446792680106E11, 1.4234446792680106E11, 1.4234446792680106E11, 1.4234446792680106E11, 1.4234446792680106E11, 1.4234446792680106E11, 1.4234446792680106E11, 1.4234446792680106E11, 1.4234446792680106E11, 1.4234446792680106E11, 1.4234446792680106E11, 1.4234446792680106E11, 1.4234446792680106E11, 1.4234446792680106E11, 1.4234446792680106E11, 1.4234446792680106E11, 1.4234446792680106E11, 1.4234446792680106E11, 1.4234446792680106E11, 1.4234446792680106E11, 1.4234446792680106E11, 1.4234446792680106E11, 1.4234446792680106E11, 1.4234446792680106E11, 1.4234446792680106E11, 1.4234446792680106E11, 1.4234446792680106E11, 1.4234446792680106E11, 1.4234446792680106E11, 1.4234446792680106E11, 1.4234446792680106E11, 1.4234446792680106E11, 1.4234446792680106E11, 1.4234446792680106E11, 1.4234446792680106E11, 1.4234446792680106E11, 1.4234446792680106E11, 1.4234446792680106E11, 1.4234446792680106E11, 1.4234446792680106E11) 

19 : 

x <- c(1.457840298701795E11, 1.457840298701795E11, 1.457840298701795E11, 1.457840298701795E11, 1.457840298701795E11, 1.457840298701795E11, 1.457840298701795E11, 1.457840298701795E11, 1.457840298701795E11, 1.457840298701795E11, 1.457840298701795E11, 1.457840298701795E11, 1.457840298701795E11, 1.457840298701795E11, 1.457840298701795E11, 1.457840298701795E11, 1.457840298701795E11, 1.457840298701795E11, 1.457840298701795E11, 1.457840298701795E11, 1.457840298701795E11, 1.457840298701795E11, 1.457840298701795E11, 1.457840298701795E11, 1.457840298701795E11, 1.457840298701795E11, 1.457840298701795E11, 1.457840298701795E11, 1.457840298701795E11, 1.457840298701795E11, 1.457840298701795E11, 1.457840298701795E11, 1.457840298701795E11, 1.457840298701795E11, 1.457840298701795E11, 1.457840298701795E11, 1.457840298701795E11, 1.457840298701795E11, 1.457840298701795E11, 1.457840298701795E11, 1.457840298701795E11, 1.457840298701795E11, 1.457840298701795E11, 1.457840298701795E11, 1.457840298701795E11, 1.457840298701795E11, 1.457840298701795E11, 1.457840298701795E11, 1.457840298701795E11, 1.457840298701795E11, 1.457840298701795E11, 1.457840298701795E11, 1.457840298701795E11, 1.457840298701795E11, 1.457840298701795E11, 1.457840298701795E11, 1.457840298701795E11, 1.457840298701795E11, 1.457840298701795E11, 1.457840298701795E11, 1.457840298701795E11, 1.457840298701795E11, 1.457840298701795E11, 1.457840298701795E11, 1.457840298701795E11, 1.457840298701795E11, 1.457840298701795E11, 1.457840298701795E11, 1.457840298701795E11, 1.457840298701795E11, 1.457840298701795E11, 1.457840298701795E11, 1.457840298701795E11, 1.457840298701795E11, 1.457840298701795E11, 1.457840298701795E11, 1.457840298701795E11, 1.457840298701795E11, 1.457840298701795E11, 1.457840298701795E11, 1.457840298701795E11, 1.457840298701795E11, 1.457840298701795E11, 1.457840298701795E11, 1.457840298701795E11, 1.457840298701795E11, 1.457840298701795E11, 1.457840298701795E11, 1.457840298701795E11, 1.457840298701795E11, 1.457840298701795E11, 1.457840298701795E11, 1.457840298701795E11, 1.457840298701795E11, 1.457840298701795E11, 1.457840298701795E11, 1.457840298701795E11, 1.457840298701795E11, 1.457840298701795E11, 1.457840298701795E11) 

20 : 

x <- c(1.3843407310058948E11, 1.3843407310058948E11, 1.3843407310058948E11, 1.3843407310058948E11, 1.3843407310058948E11, 1.3843407310058948E11, 1.3843407310058948E11, 1.3843407310058948E11, 1.3843407310058948E11, 1.3843407310058948E11, 1.3843407310058948E11, 1.3843407310058948E11, 1.3843407310058948E11, 1.3843407310058948E11, 1.3843407310058948E11, 1.3843407310058948E11, 1.3843407310058948E11, 1.3843407310058948E11, 1.3843407310058948E11, 1.3843407310058948E11, 1.3843407310058948E11, 1.3843407310058948E11, 1.3843407310058948E11, 1.3843407310058948E11, 1.3843407310058948E11, 1.3843407310058948E11, 1.3843407310058948E11, 1.3843407310058948E11, 1.3843407310058948E11, 1.3843407310058948E11, 1.3843407310058948E11, 1.3843407310058948E11, 1.3843407310058948E11, 1.3843407310058948E11, 1.3843407310058948E11, 1.3843407310058948E11, 1.3843407310058948E11, 1.3843407310058948E11, 1.3843407310058948E11, 1.3843407310058948E11, 1.3843407310058948E11, 1.3843407310058948E11, 1.3843407310058948E11, 1.3843407310058948E11, 1.3843407310058948E11, 1.3843407310058948E11, 1.3843407310058948E11, 1.3843407310058948E11, 1.3843407310058948E11, 1.3843407310058948E11, 1.3843407310058948E11, 1.3843407310058948E11, 1.3843407310058948E11, 1.3843407310058948E11, 1.3843407310058948E11, 1.3843407310058948E11, 1.3843407310058948E11, 1.3843407310058948E11, 1.3843407310058948E11, 1.3843407310058948E11, 1.3843407310058948E11, 1.3843407310058948E11, 1.3843407310058948E11, 1.3843407310058948E11, 1.3843407310058948E11, 1.3843407310058948E11, 1.3843407310058948E11, 1.3843407310058948E11, 1.3843407310058948E11, 1.3843407310058948E11, 1.3843407310058948E11, 1.3843407310058948E11, 1.3843407310058948E11, 1.3843407310058948E11, 1.3843407310058948E11, 1.3843407310058948E11, 1.3843407310058948E11, 1.3843407310058948E11, 1.3843407310058948E11, 1.3843407310058948E11, 1.3843407310058948E11, 1.3843407310058948E11, 1.3843407310058948E11, 1.3843407310058948E11, 1.3843407310058948E11, 1.3843407310058948E11, 1.3843407310058948E11, 1.3843407310058948E11, 1.3843407310058948E11, 1.3843407310058948E11, 1.3843407310058948E11, 1.3843407310058948E11, 1.3843407310058948E11, 1.3843407310058948E11, 1.3843407310058948E11, 1.3843407310058948E11, 1.3843407310058948E11, 1.3843407310058948E11, 1.3843407310058948E11, 1.3843407310058948E11) 

21 : 

x <- c(1.2894431723477292E11, 1.2894431723477292E11, 1.2894431723477292E11, 1.2894431723477292E11, 1.2894431723477292E11, 1.2894431723477292E11, 1.2894431723477292E11, 1.2894431723477292E11, 1.2894431723477292E11, 1.2894431723477292E11, 1.2894431723477292E11, 1.2894431723477292E11, 1.2894431723477292E11, 1.2894431723477292E11, 1.2894431723477292E11, 1.2894431723477292E11, 1.2894431723477292E11, 1.2894431723477292E11, 1.2894431723477292E11, 1.2894431723477292E11, 1.2894431723477292E11, 1.2894431723477292E11, 1.2894431723477292E11, 1.2894431723477292E11, 1.2894431723477292E11, 1.2894431723477292E11, 1.2894431723477292E11, 1.2894431723477292E11, 1.2894431723477292E11, 1.2894431723477292E11, 1.2894431723477292E11, 1.2894431723477292E11, 1.2894431723477292E11, 1.2894431723477292E11, 1.2894431723477292E11, 1.2894431723477292E11, 1.2894431723477292E11, 1.2894431723477292E11, 1.2894431723477292E11, 1.2894431723477292E11, 1.2894431723477292E11, 1.2894431723477292E11, 1.2894431723477292E11, 1.2894431723477292E11, 1.2894431723477292E11, 1.2894431723477292E11, 1.2894431723477292E11, 1.2894431723477292E11, 1.2894431723477292E11, 1.2894431723477292E11, 1.2894431723477292E11, 1.2894431723477292E11, 1.2894431723477292E11, 1.2894431723477292E11, 1.2894431723477292E11, 1.2894431723477292E11, 1.2894431723477292E11, 1.2894431723477292E11, 1.2894431723477292E11, 1.2894431723477292E11, 1.2894431723477292E11, 1.2894431723477292E11, 1.2894431723477292E11, 1.2894431723477292E11, 1.2894431723477292E11, 1.2894431723477292E11, 1.2894431723477292E11, 1.2894431723477292E11, 1.2894431723477292E11, 1.2894431723477292E11, 1.2894431723477292E11, 1.2894431723477292E11, 1.2894431723477292E11, 1.2894431723477292E11, 1.2894431723477292E11, 1.2894431723477292E11, 1.2894431723477292E11, 1.2894431723477292E11, 1.2894431723477292E11, 1.2894431723477292E11, 1.2894431723477292E11, 1.2894431723477292E11, 1.2894431723477292E11, 1.2894431723477292E11, 1.2894431723477292E11, 1.2894431723477292E11, 1.2894431723477292E11, 1.2894431723477292E11, 1.2894431723477292E11, 1.2894431723477292E11, 1.2894431723477292E11, 1.2894431723477292E11, 1.2894431723477292E11, 1.2894431723477292E11, 1.2894431723477292E11, 1.2894431723477292E11, 1.2894431723477292E11, 1.2894431723477292E11, 1.2894431723477292E11, 1.2894431723477292E11) 

22 : 

x <- c(1.3686176112475981E11, 1.3686176112475981E11, 1.3686176112475981E11, 1.3686176112475981E11, 1.3686176112475981E11, 1.3686176112475981E11, 1.3686176112475981E11, 1.3686176112475981E11, 1.3686176112475981E11, 1.3686176112475981E11, 1.3686176112475981E11, 1.3686176112475981E11, 1.3686176112475981E11, 1.3686176112475981E11, 1.3686176112475981E11, 1.3686176112475981E11, 1.3686176112475981E11, 1.3686176112475981E11, 1.3686176112475981E11, 1.3686176112475981E11, 1.3686176112475981E11, 1.3686176112475981E11, 1.3686176112475981E11, 1.3686176112475981E11, 1.3686176112475981E11, 1.3686176112475981E11, 1.3686176112475981E11, 1.3686176112475981E11, 1.3686176112475981E11, 1.3686176112475981E11, 1.3686176112475981E11, 1.3686176112475981E11, 1.3686176112475981E11, 1.3686176112475981E11, 1.3686176112475981E11, 1.3686176112475981E11, 1.3686176112475981E11, 1.3686176112475981E11, 1.3686176112475981E11, 1.3686176112475981E11, 1.3686176112475981E11, 1.3686176112475981E11, 1.3686176112475981E11, 1.3686176112475981E11, 1.3686176112475981E11, 1.3686176112475981E11, 1.3686176112475981E11, 1.3686176112475981E11, 1.3686176112475981E11, 1.3686176112475981E11, 1.3686176112475981E11, 1.3686176112475981E11, 1.3686176112475981E11, 1.3686176112475981E11, 1.3686176112475981E11, 1.3686176112475981E11, 1.3686176112475981E11, 1.3686176112475981E11, 1.3686176112475981E11, 1.3686176112475981E11, 1.3686176112475981E11, 1.3686176112475981E11, 1.3686176112475981E11, 1.3686176112475981E11, 1.3686176112475981E11, 1.3686176112475981E11, 1.3686176112475981E11, 1.3686176112475981E11, 1.3686176112475981E11, 1.3686176112475981E11, 1.3686176112475981E11, 1.3686176112475981E11, 1.3686176112475981E11, 1.3686176112475981E11, 1.3686176112475981E11, 1.3686176112475981E11, 1.3686176112475981E11, 1.3686176112475981E11, 1.3686176112475981E11, 1.3686176112475981E11, 1.3686176112475981E11, 1.3686176112475981E11, 1.3686176112475981E11, 1.3686176112475981E11, 1.3686176112475981E11, 1.3686176112475981E11, 1.3686176112475981E11, 1.3686176112475981E11, 1.3686176112475981E11, 1.3686176112475981E11, 1.3686176112475981E11, 1.3686176112475981E11, 1.3686176112475981E11, 1.3686176112475981E11, 1.3686176112475981E11, 1.3686176112475981E11, 1.3686176112475981E11, 1.3686176112475981E11, 1.3686176112475981E11, 1.3686176112475981E11) 

23 : 

x <- c(1.6130121182762827E11, 1.6130121182762827E11, 1.6130121182762827E11, 1.6130121182762827E11, 1.6130121182762827E11, 1.6130121182762827E11, 1.6130121182762827E11, 1.6130121182762827E11, 1.6130121182762827E11, 1.6130121182762827E11, 1.6130121182762827E11, 1.6130121182762827E11, 1.6130121182762827E11, 1.6130121182762827E11, 1.6130121182762827E11, 1.6130121182762827E11, 1.6130121182762827E11, 1.6130121182762827E11, 1.6130121182762827E11, 1.6130121182762827E11, 1.6130121182762827E11, 1.6130121182762827E11, 1.6130121182762827E11, 1.6130121182762827E11, 1.6130121182762827E11, 1.6130121182762827E11, 1.6130121182762827E11, 1.6130121182762827E11, 1.6130121182762827E11, 1.6130121182762827E11, 1.6130121182762827E11, 1.6130121182762827E11, 1.6130121182762827E11, 1.6130121182762827E11, 1.6130121182762827E11, 1.6130121182762827E11, 1.6130121182762827E11, 1.6130121182762827E11, 1.6130121182762827E11, 1.6130121182762827E11, 1.6130121182762827E11, 1.6130121182762827E11, 1.6130121182762827E11, 1.6130121182762827E11, 1.6130121182762827E11, 1.6130121182762827E11, 1.6130121182762827E11, 1.6130121182762827E11, 1.6130121182762827E11, 1.6130121182762827E11, 1.6130121182762827E11, 1.6130121182762827E11, 1.6130121182762827E11, 1.6130121182762827E11, 1.6130121182762827E11, 1.6130121182762827E11, 1.6130121182762827E11, 1.6130121182762827E11, 1.6130121182762827E11, 1.6130121182762827E11, 1.6130121182762827E11, 1.6130121182762827E11, 1.6130121182762827E11, 1.6130121182762827E11, 1.6130121182762827E11, 1.6130121182762827E11, 1.6130121182762827E11, 1.6130121182762827E11, 1.6130121182762827E11, 1.6130121182762827E11, 1.6130121182762827E11, 1.6130121182762827E11, 1.6130121182762827E11, 1.6130121182762827E11, 1.6130121182762827E11, 1.6130121182762827E11, 1.6130121182762827E11, 1.6130121182762827E11, 1.6130121182762827E11, 1.6130121182762827E11, 1.6130121182762827E11, 1.6130121182762827E11, 1.6130121182762827E11, 1.6130121182762827E11, 1.6130121182762827E11, 1.6130121182762827E11, 1.6130121182762827E11, 1.6130121182762827E11, 1.6130121182762827E11, 1.6130121182762827E11, 1.6130121182762827E11, 1.6130121182762827E11, 1.6130121182762827E11, 1.6130121182762827E11, 1.6130121182762827E11, 1.6130121182762827E11, 1.6130121182762827E11, 1.6130121182762827E11, 1.6130121182762827E11, 1.6130121182762827E11) 

24 : 

x <- c(1.2747612430098996E11, 1.2747612430098996E11, 1.2747612430098996E11, 1.2747612430098996E11, 1.2747612430098996E11, 1.2747612430098996E11, 1.2747612430098996E11, 1.2747612430098996E11, 1.2747612430098996E11, 1.2747612430098996E11, 1.2747612430098996E11, 1.2747612430098996E11, 1.2747612430098996E11, 1.2747612430098996E11, 1.2747612430098996E11, 1.2747612430098996E11, 1.2747612430098996E11, 1.2747612430098996E11, 1.2747612430098996E11, 1.2747612430098996E11, 1.2747612430098996E11, 1.2747612430098996E11, 1.2747612430098996E11, 1.2747612430098996E11, 1.2747612430098996E11, 1.2747612430098996E11, 1.2747612430098996E11, 1.2747612430098996E11, 1.2747612430098996E11, 1.2747612430098996E11, 1.2747612430098996E11, 1.2747612430098996E11, 1.2747612430098996E11, 1.2747612430098996E11, 1.2747612430098996E11, 1.2747612430098996E11, 1.2747612430098996E11, 1.2747612430098996E11, 1.2747612430098996E11, 1.2747612430098996E11, 1.2747612430098996E11, 1.2747612430098996E11, 1.2747612430098996E11, 1.2747612430098996E11, 1.2747612430098996E11, 1.2747612430098996E11, 1.2747612430098996E11, 1.2747612430098996E11, 1.2747612430098996E11, 1.2747612430098996E11, 1.2747612430098996E11, 1.2747612430098996E11, 1.2747612430098996E11, 1.2747612430098996E11, 1.2747612430098996E11, 1.2747612430098996E11, 1.2747612430098996E11, 1.2747612430098996E11, 1.2747612430098996E11, 1.2747612430098996E11, 1.2747612430098996E11, 1.2747612430098996E11, 1.2747612430098996E11, 1.2747612430098996E11, 1.2747612430098996E11, 1.2747612430098996E11, 1.2747612430098996E11, 1.2747612430098996E11, 1.2747612430098996E11, 1.2747612430098996E11, 1.2747612430098996E11, 1.2747612430098996E11, 1.2747612430098996E11, 1.2747612430098996E11, 1.2747612430098996E11, 1.2747612430098996E11, 1.2747612430098996E11, 1.2747612430098996E11, 1.2747612430098996E11, 1.2747612430098996E11, 1.2747612430098996E11, 1.2747612430098996E11, 1.2747612430098996E11, 1.2747612430098996E11, 1.2747612430098996E11, 1.2747612430098996E11, 1.2747612430098996E11, 1.2747612430098996E11, 1.2747612430098996E11, 1.2747612430098996E11, 1.2747612430098996E11, 1.2747612430098996E11, 1.2747612430098996E11, 1.2747612430098996E11, 1.2747612430098996E11, 1.2747612430098996E11, 1.2747612430098996E11, 1.2747612430098996E11, 1.2747612430098996E11, 1.2747612430098996E11) 

25 : 

x <- c(1.558260224404722E11, 1.558260224404722E11, 1.558260224404722E11, 1.558260224404722E11, 1.558260224404722E11, 1.558260224404722E11, 1.558260224404722E11, 1.558260224404722E11, 1.558260224404722E11, 1.558260224404722E11, 1.558260224404722E11, 1.558260224404722E11, 1.558260224404722E11, 1.558260224404722E11, 1.558260224404722E11, 1.558260224404722E11, 1.558260224404722E11, 1.558260224404722E11, 1.558260224404722E11, 1.558260224404722E11, 1.558260224404722E11, 1.558260224404722E11, 1.558260224404722E11, 1.558260224404722E11, 1.558260224404722E11, 1.558260224404722E11, 1.558260224404722E11, 1.558260224404722E11, 1.558260224404722E11, 1.558260224404722E11, 1.558260224404722E11, 1.558260224404722E11, 1.558260224404722E11, 1.558260224404722E11, 1.558260224404722E11, 1.558260224404722E11, 1.558260224404722E11, 1.558260224404722E11, 1.558260224404722E11, 1.558260224404722E11, 1.558260224404722E11, 1.558260224404722E11, 1.558260224404722E11, 1.558260224404722E11, 1.558260224404722E11, 1.558260224404722E11, 1.558260224404722E11, 1.558260224404722E11, 1.558260224404722E11, 1.558260224404722E11, 1.558260224404722E11, 1.558260224404722E11, 1.558260224404722E11, 1.558260224404722E11, 1.558260224404722E11, 1.558260224404722E11, 1.558260224404722E11, 1.558260224404722E11, 1.558260224404722E11, 1.558260224404722E11, 1.558260224404722E11, 1.558260224404722E11, 1.558260224404722E11, 1.558260224404722E11, 1.558260224404722E11, 1.558260224404722E11, 1.558260224404722E11, 1.558260224404722E11, 1.558260224404722E11, 1.558260224404722E11, 1.558260224404722E11, 1.558260224404722E11, 1.558260224404722E11, 1.558260224404722E11, 1.558260224404722E11, 1.558260224404722E11, 1.558260224404722E11, 1.558260224404722E11, 1.558260224404722E11, 1.558260224404722E11, 1.558260224404722E11, 1.558260224404722E11, 1.558260224404722E11, 1.558260224404722E11, 1.558260224404722E11, 1.558260224404722E11, 1.558260224404722E11, 1.558260224404722E11, 1.558260224404722E11, 1.558260224404722E11, 1.558260224404722E11, 1.558260224404722E11, 1.558260224404722E11, 1.558260224404722E11, 1.558260224404722E11, 1.558260224404722E11, 1.558260224404722E11, 1.558260224404722E11, 1.558260224404722E11, 1.558260224404722E11) 

26 : 

x <- c(1.4206471841081924E11, 1.4206471841081924E11, 1.4206471841081924E11, 1.4206471841081924E11, 1.4206471841081924E11, 1.4206471841081924E11, 1.4206471841081924E11, 1.4206471841081924E11, 1.4206471841081924E11, 1.4206471841081924E11, 1.4206471841081924E11, 1.4206471841081924E11, 1.4206471841081924E11, 1.4206471841081924E11, 1.4206471841081924E11, 1.4206471841081924E11, 1.4206471841081924E11, 1.4206471841081924E11, 1.4206471841081924E11, 1.4206471841081924E11, 1.4206471841081924E11, 1.4206471841081924E11, 1.4206471841081924E11, 1.4206471841081924E11, 1.4206471841081924E11, 1.4206471841081924E11, 1.4206471841081924E11, 1.4206471841081924E11, 1.4206471841081924E11, 1.4206471841081924E11, 1.4206471841081924E11, 1.4206471841081924E11, 1.4206471841081924E11, 1.4206471841081924E11, 1.4206471841081924E11, 1.4206471841081924E11, 1.4206471841081924E11, 1.4206471841081924E11, 1.4206471841081924E11, 1.4206471841081924E11, 1.4206471841081924E11, 1.4206471841081924E11, 1.4206471841081924E11, 1.4206471841081924E11, 1.4206471841081924E11, 1.4206471841081924E11, 1.4206471841081924E11, 1.4206471841081924E11, 1.4206471841081924E11, 1.4206471841081924E11, 1.4206471841081924E11, 1.4206471841081924E11, 1.4206471841081924E11, 1.4206471841081924E11, 1.4206471841081924E11, 1.4206471841081924E11, 1.4206471841081924E11, 1.4206471841081924E11, 1.4206471841081924E11, 1.4206471841081924E11, 1.4206471841081924E11, 1.4206471841081924E11, 1.4206471841081924E11, 1.4206471841081924E11, 1.4206471841081924E11, 1.4206471841081924E11, 1.4206471841081924E11, 1.4206471841081924E11, 1.4206471841081924E11, 1.4206471841081924E11, 1.4206471841081924E11, 1.4206471841081924E11, 1.4206471841081924E11, 1.4206471841081924E11, 1.4206471841081924E11, 1.4206471841081924E11, 1.4206471841081924E11, 1.4206471841081924E11, 1.4206471841081924E11, 1.4206471841081924E11, 1.4206471841081924E11, 1.4206471841081924E11, 1.4206471841081924E11, 1.4206471841081924E11, 1.4206471841081924E11, 1.4206471841081924E11, 1.4206471841081924E11, 1.4206471841081924E11, 1.4206471841081924E11, 1.4206471841081924E11, 1.4206471841081924E11, 1.4206471841081924E11, 1.4206471841081924E11, 1.4206471841081924E11, 1.4206471841081924E11, 1.4206471841081924E11, 1.4206471841081924E11, 1.4206471841081924E11, 1.4206471841081924E11, 1.4206471841081924E11) 

27 : 

x <- c(1.2442146228350533E11, 1.2442146228350533E11, 1.2442146228350533E11, 1.2442146228350533E11, 1.2442146228350533E11, 1.2442146228350533E11, 1.2442146228350533E11, 1.2442146228350533E11, 1.2442146228350533E11, 1.2442146228350533E11, 1.2442146228350533E11, 1.2442146228350533E11, 1.2442146228350533E11, 1.2442146228350533E11, 1.2442146228350533E11, 1.2442146228350533E11, 1.2442146228350533E11, 1.2442146228350533E11, 1.2442146228350533E11, 1.2442146228350533E11, 1.2442146228350533E11, 1.2442146228350533E11, 1.2442146228350533E11, 1.2442146228350533E11, 1.2442146228350533E11, 1.2442146228350533E11, 1.2442146228350533E11, 1.2442146228350533E11, 1.2442146228350533E11, 1.2442146228350533E11, 1.2442146228350533E11, 1.2442146228350533E11, 1.2442146228350533E11, 1.2442146228350533E11, 1.2442146228350533E11, 1.2442146228350533E11, 1.2442146228350533E11, 1.2442146228350533E11, 1.2442146228350533E11, 1.2442146228350533E11, 1.2442146228350533E11, 1.2442146228350533E11, 1.2442146228350533E11, 1.2442146228350533E11, 1.2442146228350533E11, 1.2442146228350533E11, 1.2442146228350533E11, 1.2442146228350533E11, 1.2442146228350533E11, 1.2442146228350533E11, 1.2442146228350533E11, 1.2442146228350533E11, 1.2442146228350533E11, 1.2442146228350533E11, 1.2442146228350533E11, 1.2442146228350533E11, 1.2442146228350533E11, 1.2442146228350533E11, 1.2442146228350533E11, 1.2442146228350533E11, 1.2442146228350533E11, 1.2442146228350533E11, 1.2442146228350533E11, 1.2442146228350533E11, 1.2442146228350533E11, 1.2442146228350533E11, 1.2442146228350533E11, 1.2442146228350533E11, 1.2442146228350533E11, 1.2442146228350533E11, 1.2442146228350533E11, 1.2442146228350533E11, 1.2442146228350533E11, 1.2442146228350533E11, 1.2442146228350533E11, 1.2442146228350533E11, 1.2442146228350533E11, 1.2442146228350533E11, 1.2442146228350533E11, 1.2442146228350533E11, 1.2442146228350533E11, 1.2442146228350533E11, 1.2442146228350533E11, 1.2442146228350533E11, 1.2442146228350533E11, 1.2442146228350533E11, 1.2442146228350533E11, 1.2442146228350533E11, 1.2442146228350533E11, 1.2442146228350533E11, 1.2442146228350533E11, 1.2442146228350533E11, 1.2442146228350533E11, 1.2442146228350533E11, 1.2442146228350533E11, 1.2442146228350533E11, 1.2442146228350533E11, 1.2442146228350533E11, 1.2442146228350533E11, 1.2442146228350533E11) 

28 : 

x <- c(1.4401547820146582E11, 1.4401547820146582E11, 1.4401547820146582E11, 1.4401547820146582E11, 1.4401547820146582E11, 1.4401547820146582E11, 1.4401547820146582E11, 1.4401547820146582E11, 1.4401547820146582E11, 1.4401547820146582E11, 1.4401547820146582E11, 1.4401547820146582E11, 1.4401547820146582E11, 1.4401547820146582E11, 1.4401547820146582E11, 1.4401547820146582E11, 1.4401547820146582E11, 1.4401547820146582E11, 1.4401547820146582E11, 1.4401547820146582E11, 1.4401547820146582E11, 1.4401547820146582E11, 1.4401547820146582E11, 1.4401547820146582E11, 1.4401547820146582E11, 1.4401547820146582E11, 1.4401547820146582E11, 1.4401547820146582E11, 1.4401547820146582E11, 1.4401547820146582E11, 1.4401547820146582E11, 1.4401547820146582E11, 1.4401547820146582E11, 1.4401547820146582E11, 1.4401547820146582E11, 1.4401547820146582E11, 1.4401547820146582E11, 1.4401547820146582E11, 1.4401547820146582E11, 1.4401547820146582E11, 1.4401547820146582E11, 1.4401547820146582E11, 1.4401547820146582E11, 1.4401547820146582E11, 1.4401547820146582E11, 1.4401547820146582E11, 1.4401547820146582E11, 1.4401547820146582E11, 1.4401547820146582E11, 1.4401547820146582E11, 1.4401547820146582E11, 1.4401547820146582E11, 1.4401547820146582E11, 1.4401547820146582E11, 1.4401547820146582E11, 1.4401547820146582E11, 1.4401547820146582E11, 1.4401547820146582E11, 1.4401547820146582E11, 1.4401547820146582E11, 1.4401547820146582E11, 1.4401547820146582E11, 1.4401547820146582E11, 1.4401547820146582E11, 1.4401547820146582E11, 1.4401547820146582E11, 1.4401547820146582E11, 1.4401547820146582E11, 1.4401547820146582E11, 1.4401547820146582E11, 1.4401547820146582E11, 1.4401547820146582E11, 1.4401547820146582E11, 1.4401547820146582E11, 1.4401547820146582E11, 1.4401547820146582E11, 1.4401547820146582E11, 1.4401547820146582E11, 1.4401547820146582E11, 1.4401547820146582E11, 1.4401547820146582E11, 1.4401547820146582E11, 1.4401547820146582E11, 1.4401547820146582E11, 1.4401547820146582E11, 1.4401547820146582E11, 1.4401547820146582E11, 1.4401547820146582E11, 1.4401547820146582E11, 1.4401547820146582E11, 1.4401547820146582E11, 1.4401547820146582E11, 1.4401547820146582E11, 1.4401547820146582E11, 1.4401547820146582E11, 1.4401547820146582E11, 1.4401547820146582E11, 1.4401547820146582E11, 1.4401547820146582E11, 1.4401547820146582E11) 

29 : 

x <- c(1.3904871521291116E11, 1.3904871521291116E11, 1.3904871521291116E11, 1.3904871521291116E11, 1.3904871521291116E11, 1.3904871521291116E11, 1.3904871521291116E11, 1.3904871521291116E11, 1.3904871521291116E11, 1.3904871521291116E11, 1.3904871521291116E11, 1.3904871521291116E11, 1.3904871521291116E11, 1.3904871521291116E11, 1.3904871521291116E11, 1.3904871521291116E11, 1.3904871521291116E11, 1.3904871521291116E11, 1.3904871521291116E11, 1.3904871521291116E11, 1.3904871521291116E11, 1.3904871521291116E11, 1.3904871521291116E11, 1.3904871521291116E11, 1.3904871521291116E11, 1.3904871521291116E11, 1.3904871521291116E11, 1.3904871521291116E11, 1.3904871521291116E11, 1.3904871521291116E11, 1.3904871521291116E11, 1.3904871521291116E11, 1.3904871521291116E11, 1.3904871521291116E11, 1.3904871521291116E11, 1.3904871521291116E11, 1.3904871521291116E11, 1.3904871521291116E11, 1.3904871521291116E11, 1.3904871521291116E11, 1.3904871521291116E11, 1.3904871521291116E11, 1.3904871521291116E11, 1.3904871521291116E11, 1.3904871521291116E11, 1.3904871521291116E11, 1.3904871521291116E11, 1.3904871521291116E11, 1.3904871521291116E11, 1.3904871521291116E11, 1.3904871521291116E11, 1.3904871521291116E11, 1.3904871521291116E11, 1.3904871521291116E11, 1.3904871521291116E11, 1.3904871521291116E11, 1.3904871521291116E11, 1.3904871521291116E11, 1.3904871521291116E11, 1.3904871521291116E11, 1.3904871521291116E11, 1.3904871521291116E11, 1.3904871521291116E11, 1.3904871521291116E11, 1.3904871521291116E11, 1.3904871521291116E11, 1.3904871521291116E11, 1.3904871521291116E11, 1.3904871521291116E11, 1.3904871521291116E11, 1.3904871521291116E11, 1.3904871521291116E11, 1.3904871521291116E11, 1.3904871521291116E11, 1.3904871521291116E11, 1.3904871521291116E11, 1.3904871521291116E11, 1.3904871521291116E11, 1.3904871521291116E11, 1.3904871521291116E11, 1.3904871521291116E11, 1.3904871521291116E11, 1.3904871521291116E11, 1.3904871521291116E11, 1.3904871521291116E11, 1.3904871521291116E11, 1.3904871521291116E11, 1.3904871521291116E11, 1.3904871521291116E11, 1.3904871521291116E11, 1.3904871521291116E11, 1.3904871521291116E11, 1.3904871521291116E11, 1.3904871521291116E11, 1.3904871521291116E11, 1.3904871521291116E11, 1.3904871521291116E11, 1.3904871521291116E11, 1.3904871521291116E11, 1.3904871521291116E11) 

30 : 

x <- c(1.4554869254175287E11, 1.4554869254175287E11, 1.4554869254175287E11, 1.4554869254175287E11, 1.4554869254175287E11, 1.4554869254175287E11, 1.4554869254175287E11, 1.4554869254175287E11, 1.4554869254175287E11, 1.4554869254175287E11, 1.4554869254175287E11, 1.4554869254175287E11, 1.4554869254175287E11, 1.4554869254175287E11, 1.4554869254175287E11, 1.4554869254175287E11, 1.4554869254175287E11, 1.4554869254175287E11, 1.4554869254175287E11, 1.4554869254175287E11, 1.4554869254175287E11, 1.4554869254175287E11, 1.4554869254175287E11, 1.4554869254175287E11, 1.4554869254175287E11, 1.4554869254175287E11, 1.4554869254175287E11, 1.4554869254175287E11, 1.4554869254175287E11, 1.4554869254175287E11, 1.4554869254175287E11, 1.4554869254175287E11, 1.4554869254175287E11, 1.4554869254175287E11, 1.4554869254175287E11, 1.4554869254175287E11, 1.4554869254175287E11, 1.4554869254175287E11, 1.4554869254175287E11, 1.4554869254175287E11, 1.4554869254175287E11, 1.4554869254175287E11, 1.4554869254175287E11, 1.4554869254175287E11, 1.4554869254175287E11, 1.4554869254175287E11, 1.4554869254175287E11, 1.4554869254175287E11, 1.4554869254175287E11, 1.4554869254175287E11, 1.4554869254175287E11, 1.4554869254175287E11, 1.4554869254175287E11, 1.4554869254175287E11, 1.4554869254175287E11, 1.4554869254175287E11, 1.4554869254175287E11, 1.4554869254175287E11, 1.4554869254175287E11, 1.4554869254175287E11, 1.4554869254175287E11, 1.4554869254175287E11, 1.4554869254175287E11, 1.4554869254175287E11, 1.4554869254175287E11, 1.4554869254175287E11, 1.4554869254175287E11, 1.4554869254175287E11, 1.4554869254175287E11, 1.4554869254175287E11, 1.4554869254175287E11, 1.4554869254175287E11, 1.4554869254175287E11, 1.4554869254175287E11, 1.4554869254175287E11, 1.4554869254175287E11, 1.4554869254175287E11, 1.4554869254175287E11, 1.4554869254175287E11, 1.4554869254175287E11, 1.4554869254175287E11, 1.4554869254175287E11, 1.4554869254175287E11, 1.4554869254175287E11, 1.4554869254175287E11, 1.4554869254175287E11, 1.4554869254175287E11, 1.4554869254175287E11, 1.4554869254175287E11, 1.4554869254175287E11, 1.4554869254175287E11, 1.4554869254175287E11, 1.4554869254175287E11, 1.4554869254175287E11, 1.4554869254175287E11, 1.4554869254175287E11, 1.4554869254175287E11, 1.4554869254175287E11, 1.4554869254175287E11, 1.4554869254175287E11) 



