med: 64.1228472747408/desvio: 3.431359681441276


Funcoes: 

Erros: 

1 : 

x <- c(64.32689845616841, 64.32689845616841, 64.32689845616841, 64.32689845616841, 64.32689845616841, 64.32689845616841, 64.32689845616841, 64.32689845616841, 64.32689845616841, 64.32689845616841, 64.32689845616841, 64.32689845616841, 64.32689845616841, 64.32689845616841, 64.32689845616841, 64.32689845616841, 64.32689845616841, 64.32689845616841, 64.32689845616841, 64.32689845616841, 64.32689845616841, 64.32689845616841, 64.32689845616841, 64.32689845616841, 64.32689845616841, 64.32689845616841, 64.32689845616841, 64.32689845616841, 64.32689845616841, 64.32689845616841, 64.32689845616841, 64.32689845616841, 64.32689845616841, 64.32689845616841, 64.32689845616841, 64.32689845616841, 64.32689845616841, 64.32689845616841, 64.32689845616841, 64.32689845616841, 64.32689845616841, 64.32689845616841, 64.32689845616841, 64.32689845616841, 64.32689845616841, 64.32689845616841, 64.32689845616841, 64.32689845616841, 64.32689845616841, 64.32689845616841, 64.32689845616841, 64.32689845616841, 64.32689845616841, 64.32689845616841, 64.32689845616841, 64.32689845616841, 64.32689845616841, 64.32689845616841, 64.32689845616841, 64.32689845616841, 64.32689845616841, 64.32689845616841, 64.32689845616841, 64.32689845616841, 64.32689845616841, 64.32689845616841, 64.32689845616841, 64.32689845616841, 64.32689845616841, 64.32689845616841, 64.32689845616841, 64.32689845616841, 64.32689845616841, 64.32689845616841, 64.32689845616841, 64.32689845616841, 64.32689845616841, 64.32689845616841, 64.32689845616841, 64.32689845616841, 64.32689845616841, 64.32689845616841, 64.32689845616841, 64.32689845616841, 64.32689845616841, 64.32689845616841, 64.32689845616841, 64.32689845616841, 64.32689845616841, 64.32689845616841, 64.32689845616841, 64.32689845616841, 64.32689845616841, 64.32689845616841, 64.32689845616841, 64.32689845616841, 64.32689845616841, 64.32689845616841, 64.32689845616841, 64.32689845616841) 

2 : 

x <- c(64.070742903548, 64.070742903548, 64.070742903548, 64.070742903548, 64.070742903548, 64.070742903548, 64.070742903548, 64.070742903548, 64.070742903548, 64.070742903548, 64.070742903548, 64.070742903548, 64.070742903548, 64.070742903548, 64.070742903548, 64.070742903548, 64.070742903548, 64.070742903548, 64.070742903548, 64.070742903548, 64.070742903548, 64.070742903548, 64.070742903548, 64.070742903548, 64.070742903548, 64.070742903548, 64.070742903548, 64.070742903548, 64.070742903548, 64.070742903548, 64.070742903548, 64.070742903548, 64.070742903548, 64.070742903548, 64.070742903548, 64.070742903548, 64.070742903548, 64.070742903548, 64.070742903548, 64.070742903548, 64.070742903548, 64.070742903548, 64.070742903548, 64.070742903548, 64.070742903548, 64.070742903548, 64.070742903548, 64.070742903548, 64.070742903548, 64.070742903548, 64.070742903548, 64.070742903548, 64.070742903548, 64.070742903548, 64.070742903548, 64.070742903548, 64.070742903548, 64.070742903548, 64.070742903548, 64.070742903548, 64.070742903548, 64.070742903548, 64.070742903548, 64.070742903548, 64.070742903548, 64.070742903548, 64.070742903548, 64.070742903548, 64.070742903548, 64.070742903548, 64.070742903548, 64.070742903548, 64.070742903548, 64.070742903548, 64.070742903548, 64.070742903548, 64.070742903548, 64.070742903548, 64.070742903548, 64.070742903548, 64.070742903548, 64.070742903548, 64.070742903548, 64.070742903548, 64.070742903548, 64.070742903548, 64.070742903548, 64.070742903548, 64.070742903548, 64.070742903548, 64.070742903548, 64.070742903548, 64.070742903548, 64.070742903548, 64.070742903548, 64.070742903548, 64.070742903548, 64.070742903548, 64.070742903548, 64.070742903548) 

3 : 

x <- c(72.24802803641582, 72.24802803641582, 72.24802803641582, 72.24802803641582, 72.24802803641582, 72.24802803641582, 72.24802803641582, 72.24802803641582, 72.24802803641582, 72.24802803641582, 72.24802803641582, 72.24802803641582, 72.24802803641582, 72.24802803641582, 72.24802803641582, 72.24802803641582, 72.24802803641582, 72.24802803641582, 72.24802803641582, 72.24802803641582, 72.24802803641582, 72.24802803641582, 72.24802803641582, 72.24802803641582, 72.24802803641582, 72.24802803641582, 72.24802803641582, 72.24802803641582, 72.24802803641582, 72.24802803641582, 72.24802803641582, 72.24802803641582, 72.24802803641582, 72.24802803641582, 72.24802803641582, 72.24802803641582, 72.24802803641582, 72.24802803641582, 72.24802803641582, 72.24802803641582, 72.24802803641582, 72.24802803641582, 72.24802803641582, 72.24802803641582, 72.24802803641582, 72.24802803641582, 72.24802803641582, 72.24802803641582, 72.24802803641582, 72.24802803641582, 72.24802803641582, 72.24802803641582, 72.24802803641582, 72.24802803641582, 72.24802803641582, 72.24802803641582, 72.24802803641582, 72.24802803641582, 72.24802803641582, 72.24802803641582, 72.24802803641582, 72.24802803641582, 72.24802803641582, 72.24802803641582, 72.24802803641582, 72.24802803641582, 72.24802803641582, 72.24802803641582, 72.24802803641582, 72.24802803641582, 72.24802803641582, 72.24802803641582, 72.24802803641582, 72.24802803641582, 72.24802803641582, 72.24802803641582, 72.24802803641582, 72.24802803641582, 72.24802803641582, 72.24802803641582, 72.24802803641582, 72.24802803641582, 72.24802803641582, 72.24802803641582, 72.24802803641582, 72.24802803641582, 72.24802803641582, 72.24802803641582, 72.24802803641582, 72.24802803641582, 72.24802803641582, 72.24802803641582, 72.24802803641582, 72.24802803641582, 72.24802803641582, 72.24802803641582, 72.24802803641582, 72.24802803641582, 72.24802803641582, 72.24802803641582) 

4 : 

x <- c(63.31702231885196, 63.31702231885196, 63.31702231885196, 63.31702231885196, 63.31702231885196, 63.31702231885196, 63.31702231885196, 63.31702231885196, 63.31702231885196, 63.31702231885196, 63.31702231885196, 63.31702231885196, 63.31702231885196, 63.31702231885196, 63.31702231885196, 63.31702231885196, 63.31702231885196, 63.31702231885196, 63.31702231885196, 63.31702231885196, 63.31702231885196, 63.31702231885196, 63.31702231885196, 63.31702231885196, 63.31702231885196, 63.31702231885196, 63.31702231885196, 63.31702231885196, 63.31702231885196, 63.31702231885196, 63.31702231885196, 63.31702231885196, 63.31702231885196, 63.31702231885196, 63.31702231885196, 63.31702231885196, 63.31702231885196, 63.31702231885196, 63.31702231885196, 63.31702231885196, 63.31702231885196, 63.31702231885196, 63.31702231885196, 63.31702231885196, 63.31702231885196, 63.31702231885196, 63.31702231885196, 63.31702231885196, 63.31702231885196, 63.31702231885196, 63.31702231885196, 63.31702231885196, 63.31702231885196, 63.31702231885196, 63.31702231885196, 63.31702231885196, 63.31702231885196, 63.31702231885196, 63.31702231885196, 63.31702231885196, 63.31702231885196, 63.31702231885196, 63.31702231885196, 63.31702231885196, 63.31702231885196, 63.31702231885196, 63.31702231885196, 63.31702231885196, 63.31702231885196, 63.31702231885196, 63.31702231885196, 63.31702231885196, 63.31702231885196, 63.31702231885196, 63.31702231885196, 63.31702231885196, 63.31702231885196, 63.31702231885196, 63.31702231885196, 63.31702231885196, 63.31702231885196, 63.31702231885196, 63.31702231885196, 63.31702231885196, 63.31702231885196, 63.31702231885196, 63.31702231885196, 63.31702231885196, 63.31702231885196, 63.31702231885196, 63.31702231885196, 63.31702231885196, 63.31702231885196, 63.31702231885196, 63.31702231885196, 63.31702231885196, 63.31702231885196, 63.31702231885196, 63.31702231885196, 63.31702231885196) 

5 : 

x <- c(68.11511493799235, 68.11511493799235, 68.11511493799235, 68.11511493799235, 68.11511493799235, 68.11511493799235, 68.11511493799235, 68.11511493799235, 68.11511493799235, 68.11511493799235, 68.11511493799235, 68.11511493799235, 68.11511493799235, 68.11511493799235, 68.11511493799235, 68.11511493799235, 68.11511493799235, 68.11511493799235, 68.11511493799235, 68.11511493799235, 68.11511493799235, 68.11511493799235, 68.11511493799235, 68.11511493799235, 68.11511493799235, 68.11511493799235, 68.11511493799235, 68.11511493799235, 68.11511493799235, 68.11511493799235, 68.11511493799235, 68.11511493799235, 68.11511493799235, 68.11511493799235, 68.11511493799235, 68.11511493799235, 68.11511493799235, 68.11511493799235, 68.11511493799235, 68.11511493799235, 68.11511493799235, 68.11511493799235, 68.11511493799235, 68.11511493799235, 68.11511493799235, 68.11511493799235, 68.11511493799235, 68.11511493799235, 68.11511493799235, 68.11511493799235, 68.11511493799235, 68.11511493799235, 68.11511493799235, 68.11511493799235, 68.11511493799235, 68.11511493799235, 68.11511493799235, 68.11511493799235, 68.11511493799235, 68.11511493799235, 68.11511493799235, 68.11511493799235, 68.11511493799235, 68.11511493799235, 68.11511493799235, 68.11511493799235, 68.11511493799235, 68.11511493799235, 68.11511493799235, 68.11511493799235, 68.11511493799235, 68.11511493799235, 68.11511493799235, 68.11511493799235, 68.11511493799235, 68.11511493799235, 68.11511493799235, 68.11511493799235, 68.11511493799235, 68.11511493799235, 68.11511493799235, 68.11511493799235, 68.11511493799235, 68.11511493799235, 68.11511493799235, 68.11511493799235, 68.11511493799235, 68.11511493799235, 68.11511493799235, 68.11511493799235, 68.11511493799235, 68.11511493799235, 68.11511493799235, 68.11511493799235, 68.11511493799235, 68.11511493799235, 68.11511493799235, 68.11511493799235, 68.11511493799235, 68.11511493799235) 

6 : 

x <- c(64.5314798477182, 64.5314798477182, 64.5314798477182, 64.5314798477182, 64.5314798477182, 64.5314798477182, 64.5314798477182, 64.5314798477182, 64.5314798477182, 64.5314798477182, 64.5314798477182, 64.5314798477182, 64.5314798477182, 64.5314798477182, 64.5314798477182, 64.5314798477182, 64.5314798477182, 64.5314798477182, 64.5314798477182, 64.5314798477182, 64.5314798477182, 64.5314798477182, 64.5314798477182, 64.5314798477182, 64.5314798477182, 64.5314798477182, 64.5314798477182, 64.5314798477182, 64.5314798477182, 64.5314798477182, 64.5314798477182, 64.5314798477182, 64.5314798477182, 64.5314798477182, 64.5314798477182, 64.5314798477182, 64.5314798477182, 64.5314798477182, 64.5314798477182, 64.5314798477182, 64.5314798477182, 64.5314798477182, 64.5314798477182, 64.5314798477182, 64.5314798477182, 64.5314798477182, 64.5314798477182, 64.5314798477182, 64.5314798477182, 64.5314798477182, 64.5314798477182, 64.5314798477182, 64.5314798477182, 64.5314798477182, 64.5314798477182, 64.5314798477182, 64.5314798477182, 64.5314798477182, 64.5314798477182, 64.5314798477182, 64.5314798477182, 64.5314798477182, 64.5314798477182, 64.5314798477182, 64.5314798477182, 64.5314798477182, 64.5314798477182, 64.5314798477182, 64.5314798477182, 64.5314798477182, 64.5314798477182, 64.5314798477182, 64.5314798477182, 64.5314798477182, 64.5314798477182, 64.5314798477182, 64.5314798477182, 64.5314798477182, 64.5314798477182, 64.5314798477182, 64.5314798477182, 64.5314798477182, 64.5314798477182, 64.5314798477182, 64.5314798477182, 64.5314798477182, 64.5314798477182, 64.5314798477182, 64.5314798477182, 64.5314798477182, 64.5314798477182, 64.5314798477182, 64.5314798477182, 64.5314798477182, 64.5314798477182, 64.5314798477182, 64.5314798477182, 64.5314798477182, 64.5314798477182, 64.5314798477182) 

7 : 

x <- c(62.0850382562169, 62.0850382562169, 62.0850382562169, 62.0850382562169, 62.0850382562169, 62.0850382562169, 62.0850382562169, 62.0850382562169, 62.0850382562169, 62.0850382562169, 62.0850382562169, 62.0850382562169, 62.0850382562169, 62.0850382562169, 62.0850382562169, 62.0850382562169, 62.0850382562169, 62.0850382562169, 62.0850382562169, 62.0850382562169, 62.0850382562169, 62.0850382562169, 62.0850382562169, 62.0850382562169, 62.0850382562169, 62.0850382562169, 62.0850382562169, 62.0850382562169, 62.0850382562169, 62.0850382562169, 62.0850382562169, 62.0850382562169, 62.0850382562169, 62.0850382562169, 62.0850382562169, 62.0850382562169, 62.0850382562169, 62.0850382562169, 62.0850382562169, 62.0850382562169, 62.0850382562169, 62.0850382562169, 62.0850382562169, 62.0850382562169, 62.0850382562169, 62.0850382562169, 62.0850382562169, 62.0850382562169, 62.0850382562169, 62.0850382562169, 62.0850382562169, 62.0850382562169, 62.0850382562169, 62.0850382562169, 62.0850382562169, 62.0850382562169, 62.0850382562169, 62.0850382562169, 62.0850382562169, 62.0850382562169, 62.0850382562169, 62.0850382562169, 62.0850382562169, 62.0850382562169, 62.0850382562169, 62.0850382562169, 62.0850382562169, 62.0850382562169, 62.0850382562169, 62.0850382562169, 62.0850382562169, 62.0850382562169, 62.0850382562169, 62.0850382562169, 62.0850382562169, 62.0850382562169, 62.0850382562169, 62.0850382562169, 62.0850382562169, 62.0850382562169, 62.0850382562169, 62.0850382562169, 62.0850382562169, 62.0850382562169, 62.0850382562169, 62.0850382562169, 62.0850382562169, 62.0850382562169, 62.0850382562169, 62.0850382562169, 62.0850382562169, 62.0850382562169, 62.0850382562169, 62.0850382562169, 62.0850382562169, 62.0850382562169, 62.0850382562169, 62.0850382562169, 62.0850382562169, 62.0850382562169) 

8 : 

x <- c(61.13739177933873, 61.13739177933873, 61.13739177933873, 61.13739177933873, 61.13739177933873, 61.13739177933873, 61.13739177933873, 61.13739177933873, 61.13739177933873, 61.13739177933873, 61.13739177933873, 61.13739177933873, 61.13739177933873, 61.13739177933873, 61.13739177933873, 61.13739177933873, 61.13739177933873, 61.13739177933873, 61.13739177933873, 61.13739177933873, 61.13739177933873, 61.13739177933873, 61.13739177933873, 61.13739177933873, 61.13739177933873, 61.13739177933873, 61.13739177933873, 61.13739177933873, 61.13739177933873, 61.13739177933873, 61.13739177933873, 61.13739177933873, 61.13739177933873, 61.13739177933873, 61.13739177933873, 61.13739177933873, 61.13739177933873, 61.13739177933873, 61.13739177933873, 61.13739177933873, 61.13739177933873, 61.13739177933873, 61.13739177933873, 61.13739177933873, 61.13739177933873, 61.13739177933873, 61.13739177933873, 61.13739177933873, 61.13739177933873, 61.13739177933873, 61.13739177933873, 61.13739177933873, 61.13739177933873, 61.13739177933873, 61.13739177933873, 61.13739177933873, 61.13739177933873, 61.13739177933873, 61.13739177933873, 61.13739177933873, 61.13739177933873, 61.13739177933873, 61.13739177933873, 61.13739177933873, 61.13739177933873, 61.13739177933873, 61.13739177933873, 61.13739177933873, 61.13739177933873, 61.13739177933873, 61.13739177933873, 61.13739177933873, 61.13739177933873, 61.13739177933873, 61.13739177933873, 61.13739177933873, 61.13739177933873, 61.13739177933873, 61.13739177933873, 61.13739177933873, 61.13739177933873, 61.13739177933873, 61.13739177933873, 61.13739177933873, 61.13739177933873, 61.13739177933873, 61.13739177933873, 61.13739177933873, 61.13739177933873, 61.13739177933873, 61.13739177933873, 61.13739177933873, 61.13739177933873, 61.13739177933873, 61.13739177933873, 61.13739177933873, 61.13739177933873, 61.13739177933873, 61.13739177933873, 61.13739177933873) 

9 : 

x <- c(66.45662018539278, 66.45662018539278, 66.45662018539278, 66.45662018539278, 66.45662018539278, 66.45662018539278, 66.45662018539278, 66.45662018539278, 66.45662018539278, 66.45662018539278, 66.45662018539278, 66.45662018539278, 66.45662018539278, 66.45662018539278, 66.45662018539278, 66.45662018539278, 66.45662018539278, 66.45662018539278, 66.45662018539278, 66.45662018539278, 66.45662018539278, 66.45662018539278, 66.45662018539278, 66.45662018539278, 66.45662018539278, 66.45662018539278, 66.45662018539278, 66.45662018539278, 66.45662018539278, 66.45662018539278, 66.45662018539278, 66.45662018539278, 66.45662018539278, 66.45662018539278, 66.45662018539278, 66.45662018539278, 66.45662018539278, 66.45662018539278, 66.45662018539278, 66.45662018539278, 66.45662018539278, 66.45662018539278, 66.45662018539278, 66.45662018539278, 66.45662018539278, 66.45662018539278, 66.45662018539278, 66.45662018539278, 66.45662018539278, 66.45662018539278, 66.45662018539278, 66.45662018539278, 66.45662018539278, 66.45662018539278, 66.45662018539278, 66.45662018539278, 66.45662018539278, 66.45662018539278, 66.45662018539278, 66.45662018539278, 66.45662018539278, 66.45662018539278, 66.45662018539278, 66.45662018539278, 66.45662018539278, 66.45662018539278, 66.45662018539278, 66.45662018539278, 66.45662018539278, 66.45662018539278, 66.45662018539278, 66.45662018539278, 66.45662018539278, 66.45662018539278, 66.45662018539278, 66.45662018539278, 66.45662018539278, 66.45662018539278, 66.45662018539278, 66.45662018539278, 66.45662018539278, 66.45662018539278, 66.45662018539278, 66.45662018539278, 66.45662018539278, 66.45662018539278, 66.45662018539278, 66.45662018539278, 66.45662018539278, 66.45662018539278, 66.45662018539278, 66.45662018539278, 66.45662018539278, 66.45662018539278, 66.45662018539278, 66.45662018539278, 66.45662018539278, 66.45662018539278, 66.45662018539278, 66.45662018539278) 

10 : 

x <- c(67.88125737111744, 67.88125737111744, 67.88125737111744, 67.88125737111744, 67.88125737111744, 67.88125737111744, 67.88125737111744, 67.88125737111744, 67.88125737111744, 67.88125737111744, 67.88125737111744, 67.88125737111744, 67.88125737111744, 67.88125737111744, 67.88125737111744, 67.88125737111744, 67.88125737111744, 67.88125737111744, 67.88125737111744, 67.88125737111744, 67.88125737111744, 67.88125737111744, 67.88125737111744, 67.88125737111744, 67.88125737111744, 67.88125737111744, 67.88125737111744, 67.88125737111744, 67.88125737111744, 67.88125737111744, 67.88125737111744, 67.88125737111744, 67.88125737111744, 67.88125737111744, 67.88125737111744, 67.88125737111744, 67.88125737111744, 67.88125737111744, 67.88125737111744, 67.88125737111744, 67.88125737111744, 67.88125737111744, 67.88125737111744, 67.88125737111744, 67.88125737111744, 67.88125737111744, 67.88125737111744, 67.88125737111744, 67.88125737111744, 67.88125737111744, 67.88125737111744, 67.88125737111744, 67.88125737111744, 67.88125737111744, 67.88125737111744, 67.88125737111744, 67.88125737111744, 67.88125737111744, 67.88125737111744, 67.88125737111744, 67.88125737111744, 67.88125737111744, 67.88125737111744, 67.88125737111744, 67.88125737111744, 67.88125737111744, 67.88125737111744, 67.88125737111744, 67.88125737111744, 67.88125737111744, 67.88125737111744, 67.88125737111744, 67.88125737111744, 67.88125737111744, 67.88125737111744, 67.88125737111744, 67.88125737111744, 67.88125737111744, 67.88125737111744, 67.88125737111744, 67.88125737111744, 67.88125737111744, 67.88125737111744, 67.88125737111744, 67.88125737111744, 67.88125737111744, 67.88125737111744, 67.88125737111744, 67.88125737111744, 67.88125737111744, 67.88125737111744, 67.88125737111744, 67.88125737111744, 67.88125737111744, 67.88125737111744, 67.88125737111744, 67.88125737111744, 67.88125737111744, 67.88125737111744, 67.88125737111744) 

11 : 

x <- c(58.656457831302255, 58.656457831302255, 58.656457831302255, 58.656457831302255, 58.656457831302255, 58.656457831302255, 58.656457831302255, 58.656457831302255, 58.656457831302255, 58.656457831302255, 58.656457831302255, 58.656457831302255, 58.656457831302255, 58.656457831302255, 58.656457831302255, 58.656457831302255, 58.656457831302255, 58.656457831302255, 58.656457831302255, 58.656457831302255, 58.656457831302255, 58.656457831302255, 58.656457831302255, 58.656457831302255, 58.656457831302255, 58.656457831302255, 58.656457831302255, 58.656457831302255, 58.656457831302255, 58.656457831302255, 58.656457831302255, 58.656457831302255, 58.656457831302255, 58.656457831302255, 58.656457831302255, 58.656457831302255, 58.656457831302255, 58.656457831302255, 58.656457831302255, 58.656457831302255, 58.656457831302255, 58.656457831302255, 58.656457831302255, 58.656457831302255, 58.656457831302255, 58.656457831302255, 58.656457831302255, 58.656457831302255, 58.656457831302255, 58.656457831302255, 58.656457831302255, 58.656457831302255, 58.656457831302255, 58.656457831302255, 58.656457831302255, 58.656457831302255, 58.656457831302255, 58.656457831302255, 58.656457831302255, 58.656457831302255, 58.656457831302255, 58.656457831302255, 58.656457831302255, 58.656457831302255, 58.656457831302255, 58.656457831302255, 58.656457831302255, 58.656457831302255, 58.656457831302255, 58.656457831302255, 58.656457831302255, 58.656457831302255, 58.656457831302255, 58.656457831302255, 58.656457831302255, 58.656457831302255, 58.656457831302255, 58.656457831302255, 58.656457831302255, 58.656457831302255, 58.656457831302255, 58.656457831302255, 58.656457831302255, 58.656457831302255, 58.656457831302255, 58.656457831302255, 58.656457831302255, 58.656457831302255, 58.656457831302255, 58.656457831302255, 58.656457831302255, 58.656457831302255, 58.656457831302255, 58.656457831302255, 58.656457831302255, 58.656457831302255, 58.656457831302255, 58.656457831302255, 58.656457831302255, 58.656457831302255) 

12 : 

x <- c(62.666818963911446, 62.666818963911446, 62.666818963911446, 62.666818963911446, 62.666818963911446, 62.666818963911446, 62.666818963911446, 62.666818963911446, 62.666818963911446, 62.666818963911446, 62.666818963911446, 62.666818963911446, 62.666818963911446, 62.666818963911446, 62.666818963911446, 62.666818963911446, 62.666818963911446, 62.666818963911446, 62.666818963911446, 62.666818963911446, 62.666818963911446, 62.666818963911446, 62.666818963911446, 62.666818963911446, 62.666818963911446, 62.666818963911446, 62.666818963911446, 62.666818963911446, 62.666818963911446, 62.666818963911446, 62.666818963911446, 62.666818963911446, 62.666818963911446, 62.666818963911446, 62.666818963911446, 62.666818963911446, 62.666818963911446, 62.666818963911446, 62.666818963911446, 62.666818963911446, 62.666818963911446, 62.666818963911446, 62.666818963911446, 62.666818963911446, 62.666818963911446, 62.666818963911446, 62.666818963911446, 62.666818963911446, 62.666818963911446, 62.666818963911446, 62.666818963911446, 62.666818963911446, 62.666818963911446, 62.666818963911446, 62.666818963911446, 62.666818963911446, 62.666818963911446, 62.666818963911446, 62.666818963911446, 62.666818963911446, 62.666818963911446, 62.666818963911446, 62.666818963911446, 62.666818963911446, 62.666818963911446, 62.666818963911446, 62.666818963911446, 62.666818963911446, 62.666818963911446, 62.666818963911446, 62.666818963911446, 62.666818963911446, 62.666818963911446, 62.666818963911446, 62.666818963911446, 62.666818963911446, 62.666818963911446, 62.666818963911446, 62.666818963911446, 62.666818963911446, 62.666818963911446, 62.666818963911446, 62.666818963911446, 62.666818963911446, 62.666818963911446, 62.666818963911446, 62.666818963911446, 62.666818963911446, 62.666818963911446, 62.666818963911446, 62.666818963911446, 62.666818963911446, 62.666818963911446, 62.666818963911446, 62.666818963911446, 62.666818963911446, 62.666818963911446, 62.666818963911446, 62.666818963911446, 62.666818963911446) 

13 : 

x <- c(59.82846878343862, 59.82846878343862, 59.82846878343862, 59.82846878343862, 59.82846878343862, 59.82846878343862, 59.82846878343862, 59.82846878343862, 59.82846878343862, 59.82846878343862, 59.82846878343862, 59.82846878343862, 59.82846878343862, 59.82846878343862, 59.82846878343862, 59.82846878343862, 59.82846878343862, 59.82846878343862, 59.82846878343862, 59.82846878343862, 59.82846878343862, 59.82846878343862, 59.82846878343862, 59.82846878343862, 59.82846878343862, 59.82846878343862, 59.82846878343862, 59.82846878343862, 59.82846878343862, 59.82846878343862, 59.82846878343862, 59.82846878343862, 59.82846878343862, 59.82846878343862, 59.82846878343862, 59.82846878343862, 59.82846878343862, 59.82846878343862, 59.82846878343862, 59.82846878343862, 59.82846878343862, 59.82846878343862, 59.82846878343862, 59.82846878343862, 59.82846878343862, 59.82846878343862, 59.82846878343862, 59.82846878343862, 59.82846878343862, 59.82846878343862, 59.82846878343862, 59.82846878343862, 59.82846878343862, 59.82846878343862, 59.82846878343862, 59.82846878343862, 59.82846878343862, 59.82846878343862, 59.82846878343862, 59.82846878343862, 59.82846878343862, 59.82846878343862, 59.82846878343862, 59.82846878343862, 59.82846878343862, 59.82846878343862, 59.82846878343862, 59.82846878343862, 59.82846878343862, 59.82846878343862, 59.82846878343862, 59.82846878343862, 59.82846878343862, 59.82846878343862, 59.82846878343862, 59.82846878343862, 59.82846878343862, 59.82846878343862, 59.82846878343862, 59.82846878343862, 59.82846878343862, 59.82846878343862, 59.82846878343862, 59.82846878343862, 59.82846878343862, 59.82846878343862, 59.82846878343862, 59.82846878343862, 59.82846878343862, 59.82846878343862, 59.82846878343862, 59.82846878343862, 59.82846878343862, 59.82846878343862, 59.82846878343862, 59.82846878343862, 59.82846878343862, 59.82846878343862, 59.82846878343862, 59.82846878343862) 

14 : 

x <- c(61.47967287531179, 61.47967287531179, 61.47967287531179, 61.47967287531179, 61.47967287531179, 61.47967287531179, 61.47967287531179, 61.47967287531179, 61.47967287531179, 61.47967287531179, 61.47967287531179, 61.47967287531179, 61.47967287531179, 61.47967287531179, 61.47967287531179, 61.47967287531179, 61.47967287531179, 61.47967287531179, 61.47967287531179, 61.47967287531179, 61.47967287531179, 61.47967287531179, 61.47967287531179, 61.47967287531179, 61.47967287531179, 61.47967287531179, 61.47967287531179, 61.47967287531179, 61.47967287531179, 61.47967287531179, 61.47967287531179, 61.47967287531179, 61.47967287531179, 61.47967287531179, 61.47967287531179, 61.47967287531179, 61.47967287531179, 61.47967287531179, 61.47967287531179, 61.47967287531179, 61.47967287531179, 61.47967287531179, 61.47967287531179, 61.47967287531179, 61.47967287531179, 61.47967287531179, 61.47967287531179, 61.47967287531179, 61.47967287531179, 61.47967287531179, 61.47967287531179, 61.47967287531179, 61.47967287531179, 61.47967287531179, 61.47967287531179, 61.47967287531179, 61.47967287531179, 61.47967287531179, 61.47967287531179, 61.47967287531179, 61.47967287531179, 61.47967287531179, 61.47967287531179, 61.47967287531179, 61.47967287531179, 61.47967287531179, 61.47967287531179, 61.47967287531179, 61.47967287531179, 61.47967287531179, 61.47967287531179, 61.47967287531179, 61.47967287531179, 61.47967287531179, 61.47967287531179, 61.47967287531179, 61.47967287531179, 61.47967287531179, 61.47967287531179, 61.47967287531179, 61.47967287531179, 61.47967287531179, 61.47967287531179, 61.47967287531179, 61.47967287531179, 61.47967287531179, 61.47967287531179, 61.47967287531179, 61.47967287531179, 61.47967287531179, 61.47967287531179, 61.47967287531179, 61.47967287531179, 61.47967287531179, 61.47967287531179, 61.47967287531179, 61.47967287531179, 61.47967287531179, 61.47967287531179, 61.47967287531179) 

15 : 

x <- c(65.56899391555399, 65.56899391555399, 65.56899391555399, 65.56899391555399, 65.56899391555399, 65.56899391555399, 65.56899391555399, 65.56899391555399, 65.56899391555399, 65.56899391555399, 65.56899391555399, 65.56899391555399, 65.56899391555399, 65.56899391555399, 65.56899391555399, 65.56899391555399, 65.56899391555399, 65.56899391555399, 65.56899391555399, 65.56899391555399, 65.56899391555399, 65.56899391555399, 65.56899391555399, 65.56899391555399, 65.56899391555399, 65.56899391555399, 65.56899391555399, 65.56899391555399, 65.56899391555399, 65.56899391555399, 65.56899391555399, 65.56899391555399, 65.56899391555399, 65.56899391555399, 65.56899391555399, 65.56899391555399, 65.56899391555399, 65.56899391555399, 65.56899391555399, 65.56899391555399, 65.56899391555399, 65.56899391555399, 65.56899391555399, 65.56899391555399, 65.56899391555399, 65.56899391555399, 65.56899391555399, 65.56899391555399, 65.56899391555399, 65.56899391555399, 65.56899391555399, 65.56899391555399, 65.56899391555399, 65.56899391555399, 65.56899391555399, 65.56899391555399, 65.56899391555399, 65.56899391555399, 65.56899391555399, 65.56899391555399, 65.56899391555399, 65.56899391555399, 65.56899391555399, 65.56899391555399, 65.56899391555399, 65.56899391555399, 65.56899391555399, 65.56899391555399, 65.56899391555399, 65.56899391555399, 65.56899391555399, 65.56899391555399, 65.56899391555399, 65.56899391555399, 65.56899391555399, 65.56899391555399, 65.56899391555399, 65.56899391555399, 65.56899391555399, 65.56899391555399, 65.56899391555399, 65.56899391555399, 65.56899391555399, 65.56899391555399, 65.56899391555399, 65.56899391555399, 65.56899391555399, 65.56899391555399, 65.56899391555399, 65.56899391555399, 65.56899391555399, 65.56899391555399, 65.56899391555399, 65.56899391555399, 65.56899391555399, 65.56899391555399, 65.56899391555399, 65.56899391555399, 65.56899391555399, 65.56899391555399) 

16 : 

x <- c(66.08529815820572, 66.08529815820572, 66.08529815820572, 66.08529815820572, 66.08529815820572, 66.08529815820572, 66.08529815820572, 66.08529815820572, 66.08529815820572, 66.08529815820572, 66.08529815820572, 66.08529815820572, 66.08529815820572, 66.08529815820572, 66.08529815820572, 66.08529815820572, 66.08529815820572, 66.08529815820572, 66.08529815820572, 66.08529815820572, 66.08529815820572, 66.08529815820572, 66.08529815820572, 66.08529815820572, 66.08529815820572, 66.08529815820572, 66.08529815820572, 66.08529815820572, 66.08529815820572, 66.08529815820572, 66.08529815820572, 66.08529815820572, 66.08529815820572, 66.08529815820572, 66.08529815820572, 66.08529815820572, 66.08529815820572, 66.08529815820572, 66.08529815820572, 66.08529815820572, 66.08529815820572, 66.08529815820572, 66.08529815820572, 66.08529815820572, 66.08529815820572, 66.08529815820572, 66.08529815820572, 66.08529815820572, 66.08529815820572, 66.08529815820572, 66.08529815820572, 66.08529815820572, 66.08529815820572, 66.08529815820572, 66.08529815820572, 66.08529815820572, 66.08529815820572, 66.08529815820572, 66.08529815820572, 66.08529815820572, 66.08529815820572, 66.08529815820572, 66.08529815820572, 66.08529815820572, 66.08529815820572, 66.08529815820572, 66.08529815820572, 66.08529815820572, 66.08529815820572, 66.08529815820572, 66.08529815820572, 66.08529815820572, 66.08529815820572, 66.08529815820572, 66.08529815820572, 66.08529815820572, 66.08529815820572, 66.08529815820572, 66.08529815820572, 66.08529815820572, 66.08529815820572, 66.08529815820572, 66.08529815820572, 66.08529815820572, 66.08529815820572, 66.08529815820572, 66.08529815820572, 66.08529815820572, 66.08529815820572, 66.08529815820572, 66.08529815820572, 66.08529815820572, 66.08529815820572, 66.08529815820572, 66.08529815820572, 66.08529815820572, 66.08529815820572, 66.08529815820572, 66.08529815820572, 66.08529815820572) 

17 : 

x <- c(70.74034637026408, 70.74034637026408, 70.74034637026408, 70.74034637026408, 70.74034637026408, 70.74034637026408, 70.74034637026408, 70.74034637026408, 70.74034637026408, 70.74034637026408, 70.74034637026408, 70.74034637026408, 70.74034637026408, 70.74034637026408, 70.74034637026408, 70.74034637026408, 70.74034637026408, 70.74034637026408, 70.74034637026408, 70.74034637026408, 70.74034637026408, 70.74034637026408, 70.74034637026408, 70.74034637026408, 70.74034637026408, 70.74034637026408, 70.74034637026408, 70.74034637026408, 70.74034637026408, 70.74034637026408, 70.74034637026408, 70.74034637026408, 70.74034637026408, 70.74034637026408, 70.74034637026408, 70.74034637026408, 70.74034637026408, 70.74034637026408, 70.74034637026408, 70.74034637026408, 70.74034637026408, 70.74034637026408, 70.74034637026408, 70.74034637026408, 70.74034637026408, 70.74034637026408, 70.74034637026408, 70.74034637026408, 70.74034637026408, 70.74034637026408, 70.74034637026408, 70.74034637026408, 70.74034637026408, 70.74034637026408, 70.74034637026408, 70.74034637026408, 70.74034637026408, 70.74034637026408, 70.74034637026408, 70.74034637026408, 70.74034637026408, 70.74034637026408, 70.74034637026408, 70.74034637026408, 70.74034637026408, 70.74034637026408, 70.74034637026408, 70.74034637026408, 70.74034637026408, 70.74034637026408, 70.74034637026408, 70.74034637026408, 70.74034637026408, 70.74034637026408, 70.74034637026408, 70.74034637026408, 70.74034637026408, 70.74034637026408, 70.74034637026408, 70.74034637026408, 70.74034637026408, 70.74034637026408, 70.74034637026408, 70.74034637026408, 70.74034637026408, 70.74034637026408, 70.74034637026408, 70.74034637026408, 70.74034637026408, 70.74034637026408, 70.74034637026408, 70.74034637026408, 70.74034637026408, 70.74034637026408, 70.74034637026408, 70.74034637026408, 70.74034637026408, 70.74034637026408, 70.74034637026408, 70.74034637026408) 

18 : 

x <- c(64.6541913923395, 64.6541913923395, 64.6541913923395, 64.6541913923395, 64.6541913923395, 64.6541913923395, 64.6541913923395, 64.6541913923395, 64.6541913923395, 64.6541913923395, 64.6541913923395, 64.6541913923395, 64.6541913923395, 64.6541913923395, 64.6541913923395, 64.6541913923395, 64.6541913923395, 64.6541913923395, 64.6541913923395, 64.6541913923395, 64.6541913923395, 64.6541913923395, 64.6541913923395, 64.6541913923395, 64.6541913923395, 64.6541913923395, 64.6541913923395, 64.6541913923395, 64.6541913923395, 64.6541913923395, 64.6541913923395, 64.6541913923395, 64.6541913923395, 64.6541913923395, 64.6541913923395, 64.6541913923395, 64.6541913923395, 64.6541913923395, 64.6541913923395, 64.6541913923395, 64.6541913923395, 64.6541913923395, 64.6541913923395, 64.6541913923395, 64.6541913923395, 64.6541913923395, 64.6541913923395, 64.6541913923395, 64.6541913923395, 64.6541913923395, 64.6541913923395, 64.6541913923395, 64.6541913923395, 64.6541913923395, 64.6541913923395, 64.6541913923395, 64.6541913923395, 64.6541913923395, 64.6541913923395, 64.6541913923395, 64.6541913923395, 64.6541913923395, 64.6541913923395, 64.6541913923395, 64.6541913923395, 64.6541913923395, 64.6541913923395, 64.6541913923395, 64.6541913923395, 64.6541913923395, 64.6541913923395, 64.6541913923395, 64.6541913923395, 64.6541913923395, 64.6541913923395, 64.6541913923395, 64.6541913923395, 64.6541913923395, 64.6541913923395, 64.6541913923395, 64.6541913923395, 64.6541913923395, 64.6541913923395, 64.6541913923395, 64.6541913923395, 64.6541913923395, 64.6541913923395, 64.6541913923395, 64.6541913923395, 64.6541913923395, 64.6541913923395, 64.6541913923395, 64.6541913923395, 64.6541913923395, 64.6541913923395, 64.6541913923395, 64.6541913923395, 64.6541913923395, 64.6541913923395, 64.6541913923395) 

19 : 

x <- c(62.87757151033312, 62.87757151033312, 62.87757151033312, 62.87757151033312, 62.87757151033312, 62.87757151033312, 62.87757151033312, 62.87757151033312, 62.87757151033312, 62.87757151033312, 62.87757151033312, 62.87757151033312, 62.87757151033312, 62.87757151033312, 62.87757151033312, 62.87757151033312, 62.87757151033312, 62.87757151033312, 62.87757151033312, 62.87757151033312, 62.87757151033312, 62.87757151033312, 62.87757151033312, 62.87757151033312, 62.87757151033312, 62.87757151033312, 62.87757151033312, 62.87757151033312, 62.87757151033312, 62.87757151033312, 62.87757151033312, 62.87757151033312, 62.87757151033312, 62.87757151033312, 62.87757151033312, 62.87757151033312, 62.87757151033312, 62.87757151033312, 62.87757151033312, 62.87757151033312, 62.87757151033312, 62.87757151033312, 62.87757151033312, 62.87757151033312, 62.87757151033312, 62.87757151033312, 62.87757151033312, 62.87757151033312, 62.87757151033312, 62.87757151033312, 62.87757151033312, 62.87757151033312, 62.87757151033312, 62.87757151033312, 62.87757151033312, 62.87757151033312, 62.87757151033312, 62.87757151033312, 62.87757151033312, 62.87757151033312, 62.87757151033312, 62.87757151033312, 62.87757151033312, 62.87757151033312, 62.87757151033312, 62.87757151033312, 62.87757151033312, 62.87757151033312, 62.87757151033312, 62.87757151033312, 62.87757151033312, 62.87757151033312, 62.87757151033312, 62.87757151033312, 62.87757151033312, 62.87757151033312, 62.87757151033312, 62.87757151033312, 62.87757151033312, 62.87757151033312, 62.87757151033312, 62.87757151033312, 62.87757151033312, 62.87757151033312, 62.87757151033312, 62.87757151033312, 62.87757151033312, 62.87757151033312, 62.87757151033312, 62.87757151033312, 62.87757151033312, 62.87757151033312, 62.87757151033312, 62.87757151033312, 62.87757151033312, 62.87757151033312, 62.87757151033312, 62.87757151033312, 62.87757151033312, 62.87757151033312) 

20 : 

x <- c(60.487789179993236, 60.487789179993236, 60.487789179993236, 60.487789179993236, 60.487789179993236, 60.487789179993236, 60.487789179993236, 60.487789179993236, 60.487789179993236, 60.487789179993236, 60.487789179993236, 60.487789179993236, 60.487789179993236, 60.487789179993236, 60.487789179993236, 60.487789179993236, 60.487789179993236, 60.487789179993236, 60.487789179993236, 60.487789179993236, 60.487789179993236, 60.487789179993236, 60.487789179993236, 60.487789179993236, 60.487789179993236, 60.487789179993236, 60.487789179993236, 60.487789179993236, 60.487789179993236, 60.487789179993236, 60.487789179993236, 60.487789179993236, 60.487789179993236, 60.487789179993236, 60.487789179993236, 60.487789179993236, 60.487789179993236, 60.487789179993236, 60.487789179993236, 60.487789179993236, 60.487789179993236, 60.487789179993236, 60.487789179993236, 60.487789179993236, 60.487789179993236, 60.487789179993236, 60.487789179993236, 60.487789179993236, 60.487789179993236, 60.487789179993236, 60.487789179993236, 60.487789179993236, 60.487789179993236, 60.487789179993236, 60.487789179993236, 60.487789179993236, 60.487789179993236, 60.487789179993236, 60.487789179993236, 60.487789179993236, 60.487789179993236, 60.487789179993236, 60.487789179993236, 60.487789179993236, 60.487789179993236, 60.487789179993236, 60.487789179993236, 60.487789179993236, 60.487789179993236, 60.487789179993236, 60.487789179993236, 60.487789179993236, 60.487789179993236, 60.487789179993236, 60.487789179993236, 60.487789179993236, 60.487789179993236, 60.487789179993236, 60.487789179993236, 60.487789179993236, 60.487789179993236, 60.487789179993236, 60.487789179993236, 60.487789179993236, 60.487789179993236, 60.487789179993236, 60.487789179993236, 60.487789179993236, 60.487789179993236, 60.487789179993236, 60.487789179993236, 60.487789179993236, 60.487789179993236, 60.487789179993236, 60.487789179993236, 60.487789179993236, 60.487789179993236, 60.487789179993236, 60.487789179993236, 60.487789179993236) 

21 : 

x <- c(61.52857354208272, 61.52857354208272, 61.52857354208272, 61.52857354208272, 61.52857354208272, 61.52857354208272, 61.52857354208272, 61.52857354208272, 61.52857354208272, 61.52857354208272, 61.52857354208272, 61.52857354208272, 61.52857354208272, 61.52857354208272, 61.52857354208272, 61.52857354208272, 61.52857354208272, 61.52857354208272, 61.52857354208272, 61.52857354208272, 61.52857354208272, 61.52857354208272, 61.52857354208272, 61.52857354208272, 61.52857354208272, 61.52857354208272, 61.52857354208272, 61.52857354208272, 61.52857354208272, 61.52857354208272, 61.52857354208272, 61.52857354208272, 61.52857354208272, 61.52857354208272, 61.52857354208272, 61.52857354208272, 61.52857354208272, 61.52857354208272, 61.52857354208272, 61.52857354208272, 61.52857354208272, 61.52857354208272, 61.52857354208272, 61.52857354208272, 61.52857354208272, 61.52857354208272, 61.52857354208272, 61.52857354208272, 61.52857354208272, 61.52857354208272, 61.52857354208272, 61.52857354208272, 61.52857354208272, 61.52857354208272, 61.52857354208272, 61.52857354208272, 61.52857354208272, 61.52857354208272, 61.52857354208272, 61.52857354208272, 61.52857354208272, 61.52857354208272, 61.52857354208272, 61.52857354208272, 61.52857354208272, 61.52857354208272, 61.52857354208272, 61.52857354208272, 61.52857354208272, 61.52857354208272, 61.52857354208272, 61.52857354208272, 61.52857354208272, 61.52857354208272, 61.52857354208272, 61.52857354208272, 61.52857354208272, 61.52857354208272, 61.52857354208272, 61.52857354208272, 61.52857354208272, 61.52857354208272, 61.52857354208272, 61.52857354208272, 61.52857354208272, 61.52857354208272, 61.52857354208272, 61.52857354208272, 61.52857354208272, 61.52857354208272, 61.52857354208272, 61.52857354208272, 61.52857354208272, 61.52857354208272, 61.52857354208272, 61.52857354208272, 61.52857354208272, 61.52857354208272, 61.52857354208272, 61.52857354208272) 

22 : 

x <- c(62.92559141824446, 62.92559141824446, 62.92559141824446, 62.92559141824446, 62.92559141824446, 62.92559141824446, 62.92559141824446, 62.92559141824446, 62.92559141824446, 62.92559141824446, 62.92559141824446, 62.92559141824446, 62.92559141824446, 62.92559141824446, 62.92559141824446, 62.92559141824446, 62.92559141824446, 62.92559141824446, 62.92559141824446, 62.92559141824446, 62.92559141824446, 62.92559141824446, 62.92559141824446, 62.92559141824446, 62.92559141824446, 62.92559141824446, 62.92559141824446, 62.92559141824446, 62.92559141824446, 62.92559141824446, 62.92559141824446, 62.92559141824446, 62.92559141824446, 62.92559141824446, 62.92559141824446, 62.92559141824446, 62.92559141824446, 62.92559141824446, 62.92559141824446, 62.92559141824446, 62.92559141824446, 62.92559141824446, 62.92559141824446, 62.92559141824446, 62.92559141824446, 62.92559141824446, 62.92559141824446, 62.92559141824446, 62.92559141824446, 62.92559141824446, 62.92559141824446, 62.92559141824446, 62.92559141824446, 62.92559141824446, 62.92559141824446, 62.92559141824446, 62.92559141824446, 62.92559141824446, 62.92559141824446, 62.92559141824446, 62.92559141824446, 62.92559141824446, 62.92559141824446, 62.92559141824446, 62.92559141824446, 62.92559141824446, 62.92559141824446, 62.92559141824446, 62.92559141824446, 62.92559141824446, 62.92559141824446, 62.92559141824446, 62.92559141824446, 62.92559141824446, 62.92559141824446, 62.92559141824446, 62.92559141824446, 62.92559141824446, 62.92559141824446, 62.92559141824446, 62.92559141824446, 62.92559141824446, 62.92559141824446, 62.92559141824446, 62.92559141824446, 62.92559141824446, 62.92559141824446, 62.92559141824446, 62.92559141824446, 62.92559141824446, 62.92559141824446, 62.92559141824446, 62.92559141824446, 62.92559141824446, 62.92559141824446, 62.92559141824446, 62.92559141824446, 62.92559141824446, 62.92559141824446, 62.92559141824446) 

23 : 

x <- c(64.46029799822642, 64.46029799822642, 64.46029799822642, 64.46029799822642, 64.46029799822642, 64.46029799822642, 64.46029799822642, 64.46029799822642, 64.46029799822642, 64.46029799822642, 64.46029799822642, 64.46029799822642, 64.46029799822642, 64.46029799822642, 64.46029799822642, 64.46029799822642, 64.46029799822642, 64.46029799822642, 64.46029799822642, 64.46029799822642, 64.46029799822642, 64.46029799822642, 64.46029799822642, 64.46029799822642, 64.46029799822642, 64.46029799822642, 64.46029799822642, 64.46029799822642, 64.46029799822642, 64.46029799822642, 64.46029799822642, 64.46029799822642, 64.46029799822642, 64.46029799822642, 64.46029799822642, 64.46029799822642, 64.46029799822642, 64.46029799822642, 64.46029799822642, 64.46029799822642, 64.46029799822642, 64.46029799822642, 64.46029799822642, 64.46029799822642, 64.46029799822642, 64.46029799822642, 64.46029799822642, 64.46029799822642, 64.46029799822642, 64.46029799822642, 64.46029799822642, 64.46029799822642, 64.46029799822642, 64.46029799822642, 64.46029799822642, 64.46029799822642, 64.46029799822642, 64.46029799822642, 64.46029799822642, 64.46029799822642, 64.46029799822642, 64.46029799822642, 64.46029799822642, 64.46029799822642, 64.46029799822642, 64.46029799822642, 64.46029799822642, 64.46029799822642, 64.46029799822642, 64.46029799822642, 64.46029799822642, 64.46029799822642, 64.46029799822642, 64.46029799822642, 64.46029799822642, 64.46029799822642, 64.46029799822642, 64.46029799822642, 64.46029799822642, 64.46029799822642, 64.46029799822642, 64.46029799822642, 64.46029799822642, 64.46029799822642, 64.46029799822642, 64.46029799822642, 64.46029799822642, 64.46029799822642, 64.46029799822642, 64.46029799822642, 64.46029799822642, 64.46029799822642, 64.46029799822642, 64.46029799822642, 64.46029799822642, 64.46029799822642, 64.46029799822642, 64.46029799822642, 64.46029799822642, 64.46029799822642) 

24 : 

x <- c(61.36693742094738, 61.36693742094738, 61.36693742094738, 61.36693742094738, 61.36693742094738, 61.36693742094738, 61.36693742094738, 61.36693742094738, 61.36693742094738, 61.36693742094738, 61.36693742094738, 61.36693742094738, 61.36693742094738, 61.36693742094738, 61.36693742094738, 61.36693742094738, 61.36693742094738, 61.36693742094738, 61.36693742094738, 61.36693742094738, 61.36693742094738, 61.36693742094738, 61.36693742094738, 61.36693742094738, 61.36693742094738, 61.36693742094738, 61.36693742094738, 61.36693742094738, 61.36693742094738, 61.36693742094738, 61.36693742094738, 61.36693742094738, 61.36693742094738, 61.36693742094738, 61.36693742094738, 61.36693742094738, 61.36693742094738, 61.36693742094738, 61.36693742094738, 61.36693742094738, 61.36693742094738, 61.36693742094738, 61.36693742094738, 61.36693742094738, 61.36693742094738, 61.36693742094738, 61.36693742094738, 61.36693742094738, 61.36693742094738, 61.36693742094738, 61.36693742094738, 61.36693742094738, 61.36693742094738, 61.36693742094738, 61.36693742094738, 61.36693742094738, 61.36693742094738, 61.36693742094738, 61.36693742094738, 61.36693742094738, 61.36693742094738, 61.36693742094738, 61.36693742094738, 61.36693742094738, 61.36693742094738, 61.36693742094738, 61.36693742094738, 61.36693742094738, 61.36693742094738, 61.36693742094738, 61.36693742094738, 61.36693742094738, 61.36693742094738, 61.36693742094738, 61.36693742094738, 61.36693742094738, 61.36693742094738, 61.36693742094738, 61.36693742094738, 61.36693742094738, 61.36693742094738, 61.36693742094738, 61.36693742094738, 61.36693742094738, 61.36693742094738, 61.36693742094738, 61.36693742094738, 61.36693742094738, 61.36693742094738, 61.36693742094738, 61.36693742094738, 61.36693742094738, 61.36693742094738, 61.36693742094738, 61.36693742094738, 61.36693742094738, 61.36693742094738, 61.36693742094738, 61.36693742094738, 61.36693742094738) 

25 : 

x <- c(71.15757158344653, 71.15757158344653, 71.15757158344653, 71.15757158344653, 71.15757158344653, 71.15757158344653, 71.15757158344653, 71.15757158344653, 71.15757158344653, 71.15757158344653, 71.15757158344653, 71.15757158344653, 71.15757158344653, 71.15757158344653, 71.15757158344653, 71.15757158344653, 71.15757158344653, 71.15757158344653, 71.15757158344653, 71.15757158344653, 71.15757158344653, 71.15757158344653, 71.15757158344653, 71.15757158344653, 71.15757158344653, 71.15757158344653, 71.15757158344653, 71.15757158344653, 71.15757158344653, 71.15757158344653, 71.15757158344653, 71.15757158344653, 71.15757158344653, 71.15757158344653, 71.15757158344653, 71.15757158344653, 71.15757158344653, 71.15757158344653, 71.15757158344653, 71.15757158344653, 71.15757158344653, 71.15757158344653, 71.15757158344653, 71.15757158344653, 71.15757158344653, 71.15757158344653, 71.15757158344653, 71.15757158344653, 71.15757158344653, 71.15757158344653, 71.15757158344653, 71.15757158344653, 71.15757158344653, 71.15757158344653, 71.15757158344653, 71.15757158344653, 71.15757158344653, 71.15757158344653, 71.15757158344653, 71.15757158344653, 71.15757158344653, 71.15757158344653, 71.15757158344653, 71.15757158344653, 71.15757158344653, 71.15757158344653, 71.15757158344653, 71.15757158344653, 71.15757158344653, 71.15757158344653, 71.15757158344653, 71.15757158344653, 71.15757158344653, 71.15757158344653, 71.15757158344653, 71.15757158344653, 71.15757158344653, 71.15757158344653, 71.15757158344653, 71.15757158344653, 71.15757158344653, 71.15757158344653, 71.15757158344653, 71.15757158344653, 71.15757158344653, 71.15757158344653, 71.15757158344653, 71.15757158344653, 71.15757158344653, 71.15757158344653, 71.15757158344653, 71.15757158344653, 71.15757158344653, 71.15757158344653, 71.15757158344653, 71.15757158344653, 71.15757158344653, 71.15757158344653, 71.15757158344653, 71.15757158344653) 

26 : 

x <- c(66.51935118092811, 66.51935118092811, 66.51935118092811, 66.51935118092811, 66.51935118092811, 66.51935118092811, 66.51935118092811, 66.51935118092811, 66.51935118092811, 66.51935118092811, 66.51935118092811, 66.51935118092811, 66.51935118092811, 66.51935118092811, 66.51935118092811, 66.51935118092811, 66.51935118092811, 66.51935118092811, 66.51935118092811, 66.51935118092811, 66.51935118092811, 66.51935118092811, 66.51935118092811, 66.51935118092811, 66.51935118092811, 66.51935118092811, 66.51935118092811, 66.51935118092811, 66.51935118092811, 66.51935118092811, 66.51935118092811, 66.51935118092811, 66.51935118092811, 66.51935118092811, 66.51935118092811, 66.51935118092811, 66.51935118092811, 66.51935118092811, 66.51935118092811, 66.51935118092811, 66.51935118092811, 66.51935118092811, 66.51935118092811, 66.51935118092811, 66.51935118092811, 66.51935118092811, 66.51935118092811, 66.51935118092811, 66.51935118092811, 66.51935118092811, 66.51935118092811, 66.51935118092811, 66.51935118092811, 66.51935118092811, 66.51935118092811, 66.51935118092811, 66.51935118092811, 66.51935118092811, 66.51935118092811, 66.51935118092811, 66.51935118092811, 66.51935118092811, 66.51935118092811, 66.51935118092811, 66.51935118092811, 66.51935118092811, 66.51935118092811, 66.51935118092811, 66.51935118092811, 66.51935118092811, 66.51935118092811, 66.51935118092811, 66.51935118092811, 66.51935118092811, 66.51935118092811, 66.51935118092811, 66.51935118092811, 66.51935118092811, 66.51935118092811, 66.51935118092811, 66.51935118092811, 66.51935118092811, 66.51935118092811, 66.51935118092811, 66.51935118092811, 66.51935118092811, 66.51935118092811, 66.51935118092811, 66.51935118092811, 66.51935118092811, 66.51935118092811, 66.51935118092811, 66.51935118092811, 66.51935118092811, 66.51935118092811, 66.51935118092811, 66.51935118092811, 66.51935118092811, 66.51935118092811, 66.51935118092811) 

27 : 

x <- c(63.19317221548334, 63.19317221548334, 63.19317221548334, 63.19317221548334, 63.19317221548334, 63.19317221548334, 63.19317221548334, 63.19317221548334, 63.19317221548334, 63.19317221548334, 63.19317221548334, 63.19317221548334, 63.19317221548334, 63.19317221548334, 63.19317221548334, 63.19317221548334, 63.19317221548334, 63.19317221548334, 63.19317221548334, 63.19317221548334, 63.19317221548334, 63.19317221548334, 63.19317221548334, 63.19317221548334, 63.19317221548334, 63.19317221548334, 63.19317221548334, 63.19317221548334, 63.19317221548334, 63.19317221548334, 63.19317221548334, 63.19317221548334, 63.19317221548334, 63.19317221548334, 63.19317221548334, 63.19317221548334, 63.19317221548334, 63.19317221548334, 63.19317221548334, 63.19317221548334, 63.19317221548334, 63.19317221548334, 63.19317221548334, 63.19317221548334, 63.19317221548334, 63.19317221548334, 63.19317221548334, 63.19317221548334, 63.19317221548334, 63.19317221548334, 63.19317221548334, 63.19317221548334, 63.19317221548334, 63.19317221548334, 63.19317221548334, 63.19317221548334, 63.19317221548334, 63.19317221548334, 63.19317221548334, 63.19317221548334, 63.19317221548334, 63.19317221548334, 63.19317221548334, 63.19317221548334, 63.19317221548334, 63.19317221548334, 63.19317221548334, 63.19317221548334, 63.19317221548334, 63.19317221548334, 63.19317221548334, 63.19317221548334, 63.19317221548334, 63.19317221548334, 63.19317221548334, 63.19317221548334, 63.19317221548334, 63.19317221548334, 63.19317221548334, 63.19317221548334, 63.19317221548334, 63.19317221548334, 63.19317221548334, 63.19317221548334, 63.19317221548334, 63.19317221548334, 63.19317221548334, 63.19317221548334, 63.19317221548334, 63.19317221548334, 63.19317221548334, 63.19317221548334, 63.19317221548334, 63.19317221548334, 63.19317221548334, 63.19317221548334, 63.19317221548334, 63.19317221548334, 63.19317221548334, 63.19317221548334) 

28 : 

x <- c(59.862524533498586, 59.862524533498586, 59.862524533498586, 59.862524533498586, 59.862524533498586, 59.862524533498586, 59.862524533498586, 59.862524533498586, 59.862524533498586, 59.862524533498586, 59.862524533498586, 59.862524533498586, 59.862524533498586, 59.862524533498586, 59.862524533498586, 59.862524533498586, 59.862524533498586, 59.862524533498586, 59.862524533498586, 59.862524533498586, 59.862524533498586, 59.862524533498586, 59.862524533498586, 59.862524533498586, 59.862524533498586, 59.862524533498586, 59.862524533498586, 59.862524533498586, 59.862524533498586, 59.862524533498586, 59.862524533498586, 59.862524533498586, 59.862524533498586, 59.862524533498586, 59.862524533498586, 59.862524533498586, 59.862524533498586, 59.862524533498586, 59.862524533498586, 59.862524533498586, 59.862524533498586, 59.862524533498586, 59.862524533498586, 59.862524533498586, 59.862524533498586, 59.862524533498586, 59.862524533498586, 59.862524533498586, 59.862524533498586, 59.862524533498586, 59.862524533498586, 59.862524533498586, 59.862524533498586, 59.862524533498586, 59.862524533498586, 59.862524533498586, 59.862524533498586, 59.862524533498586, 59.862524533498586, 59.862524533498586, 59.862524533498586, 59.862524533498586, 59.862524533498586, 59.862524533498586, 59.862524533498586, 59.862524533498586, 59.862524533498586, 59.862524533498586, 59.862524533498586, 59.862524533498586, 59.862524533498586, 59.862524533498586, 59.862524533498586, 59.862524533498586, 59.862524533498586, 59.862524533498586, 59.862524533498586, 59.862524533498586, 59.862524533498586, 59.862524533498586, 59.862524533498586, 59.862524533498586, 59.862524533498586, 59.862524533498586, 59.862524533498586, 59.862524533498586, 59.862524533498586, 59.862524533498586, 59.862524533498586, 59.862524533498586, 59.862524533498586, 59.862524533498586, 59.862524533498586, 59.862524533498586, 59.862524533498586, 59.862524533498586, 59.862524533498586, 59.862524533498586, 59.862524533498586, 59.862524533498586) 

29 : 

x <- c(60.5168810375854, 60.5168810375854, 60.5168810375854, 60.5168810375854, 60.5168810375854, 60.5168810375854, 60.5168810375854, 60.5168810375854, 60.5168810375854, 60.5168810375854, 60.5168810375854, 60.5168810375854, 60.5168810375854, 60.5168810375854, 60.5168810375854, 60.5168810375854, 60.5168810375854, 60.5168810375854, 60.5168810375854, 60.5168810375854, 60.5168810375854, 60.5168810375854, 60.5168810375854, 60.5168810375854, 60.5168810375854, 60.5168810375854, 60.5168810375854, 60.5168810375854, 60.5168810375854, 60.5168810375854, 60.5168810375854, 60.5168810375854, 60.5168810375854, 60.5168810375854, 60.5168810375854, 60.5168810375854, 60.5168810375854, 60.5168810375854, 60.5168810375854, 60.5168810375854, 60.5168810375854, 60.5168810375854, 60.5168810375854, 60.5168810375854, 60.5168810375854, 60.5168810375854, 60.5168810375854, 60.5168810375854, 60.5168810375854, 60.5168810375854, 60.5168810375854, 60.5168810375854, 60.5168810375854, 60.5168810375854, 60.5168810375854, 60.5168810375854, 60.5168810375854, 60.5168810375854, 60.5168810375854, 60.5168810375854, 60.5168810375854, 60.5168810375854, 60.5168810375854, 60.5168810375854, 60.5168810375854, 60.5168810375854, 60.5168810375854, 60.5168810375854, 60.5168810375854, 60.5168810375854, 60.5168810375854, 60.5168810375854, 60.5168810375854, 60.5168810375854, 60.5168810375854, 60.5168810375854, 60.5168810375854, 60.5168810375854, 60.5168810375854, 60.5168810375854, 60.5168810375854, 60.5168810375854, 60.5168810375854, 60.5168810375854, 60.5168810375854, 60.5168810375854, 60.5168810375854, 60.5168810375854, 60.5168810375854, 60.5168810375854, 60.5168810375854, 60.5168810375854, 60.5168810375854, 60.5168810375854, 60.5168810375854, 60.5168810375854, 60.5168810375854, 60.5168810375854, 60.5168810375854, 60.5168810375854) 

30 : 

x <- c(64.93931423836702, 64.93931423836702, 64.93931423836702, 64.93931423836702, 64.93931423836702, 64.93931423836702, 64.93931423836702, 64.93931423836702, 64.93931423836702, 64.93931423836702, 64.93931423836702, 64.93931423836702, 64.93931423836702, 64.93931423836702, 64.93931423836702, 64.93931423836702, 64.93931423836702, 64.93931423836702, 64.93931423836702, 64.93931423836702, 64.93931423836702, 64.93931423836702, 64.93931423836702, 64.93931423836702, 64.93931423836702, 64.93931423836702, 64.93931423836702, 64.93931423836702, 64.93931423836702, 64.93931423836702, 64.93931423836702, 64.93931423836702, 64.93931423836702, 64.93931423836702, 64.93931423836702, 64.93931423836702, 64.93931423836702, 64.93931423836702, 64.93931423836702, 64.93931423836702, 64.93931423836702, 64.93931423836702, 64.93931423836702, 64.93931423836702, 64.93931423836702, 64.93931423836702, 64.93931423836702, 64.93931423836702, 64.93931423836702, 64.93931423836702, 64.93931423836702, 64.93931423836702, 64.93931423836702, 64.93931423836702, 64.93931423836702, 64.93931423836702, 64.93931423836702, 64.93931423836702, 64.93931423836702, 64.93931423836702, 64.93931423836702, 64.93931423836702, 64.93931423836702, 64.93931423836702, 64.93931423836702, 64.93931423836702, 64.93931423836702, 64.93931423836702, 64.93931423836702, 64.93931423836702, 64.93931423836702, 64.93931423836702, 64.93931423836702, 64.93931423836702, 64.93931423836702, 64.93931423836702, 64.93931423836702, 64.93931423836702, 64.93931423836702, 64.93931423836702, 64.93931423836702, 64.93931423836702, 64.93931423836702, 64.93931423836702, 64.93931423836702, 64.93931423836702, 64.93931423836702, 64.93931423836702, 64.93931423836702, 64.93931423836702, 64.93931423836702, 64.93931423836702, 64.93931423836702, 64.93931423836702, 64.93931423836702, 64.93931423836702, 64.93931423836702, 64.93931423836702, 64.93931423836702, 64.93931423836702) 



