med: 75.67643695358672/desvio: 3.5524096231072306


Funcoes: 

Erros: 

1 : 

x <- c(72.89163962202045, 72.89163962202045, 72.89163962202045, 72.89163962202045, 72.89163962202045, 72.89163962202045, 72.89163962202045, 72.89163962202045, 72.89163962202045, 72.89163962202045, 72.89163962202045, 72.89163962202045, 72.89163962202045, 72.89163962202045, 72.89163962202045, 72.89163962202045, 72.89163962202045, 72.89163962202045, 72.89163962202045, 72.89163962202045, 72.89163962202045, 72.89163962202045, 72.89163962202045, 72.89163962202045, 72.89163962202045, 72.89163962202045, 72.89163962202045, 72.89163962202045, 72.89163962202045, 72.89163962202045, 72.89163962202045, 72.89163962202045, 72.89163962202045, 72.89163962202045, 72.89163962202045, 72.89163962202045, 72.89163962202045, 72.89163962202045, 72.89163962202045, 72.89163962202045, 72.89163962202045, 72.89163962202045, 72.89163962202045, 72.89163962202045, 72.89163962202045, 72.89163962202045, 72.89163962202045, 72.89163962202045, 72.89163962202045, 72.89163962202045, 72.89163962202045, 72.89163962202045, 72.89163962202045, 72.89163962202045, 72.89163962202045, 72.89163962202045, 72.89163962202045, 72.89163962202045, 72.89163962202045, 72.89163962202045, 72.89163962202045, 72.89163962202045, 72.89163962202045, 72.89163962202045, 72.89163962202045, 72.89163962202045, 72.89163962202045, 72.89163962202045, 72.89163962202045, 72.89163962202045, 72.89163962202045, 72.89163962202045, 72.89163962202045, 72.89163962202045, 72.89163962202045, 72.89163962202045, 72.89163962202045, 72.89163962202045, 72.89163962202045, 72.89163962202045, 72.89163962202045, 72.89163962202045, 72.89163962202045, 72.89163962202045, 72.89163962202045, 72.89163962202045, 72.89163962202045, 72.89163962202045, 72.89163962202045, 72.89163962202045, 72.89163962202045, 72.89163962202045, 72.89163962202045, 72.89163962202045, 72.89163962202045, 72.89163962202045, 72.89163962202045, 72.89163962202045, 72.89163962202045, 72.89163962202045) 

2 : 

x <- c(75.2021682164177, 75.2021682164177, 75.2021682164177, 75.2021682164177, 75.2021682164177, 75.2021682164177, 75.2021682164177, 75.2021682164177, 75.2021682164177, 75.2021682164177, 75.2021682164177, 75.2021682164177, 75.2021682164177, 75.2021682164177, 75.2021682164177, 75.2021682164177, 75.2021682164177, 75.2021682164177, 75.2021682164177, 75.2021682164177, 75.2021682164177, 75.2021682164177, 75.2021682164177, 75.2021682164177, 75.2021682164177, 75.2021682164177, 75.2021682164177, 75.2021682164177, 75.2021682164177, 75.2021682164177, 75.2021682164177, 75.2021682164177, 75.2021682164177, 75.2021682164177, 75.2021682164177, 75.2021682164177, 75.2021682164177, 75.2021682164177, 75.2021682164177, 75.2021682164177, 75.2021682164177, 75.2021682164177, 75.2021682164177, 75.2021682164177, 75.2021682164177, 75.2021682164177, 75.2021682164177, 75.2021682164177, 75.2021682164177, 75.2021682164177, 75.2021682164177, 75.2021682164177, 75.2021682164177, 75.2021682164177, 75.2021682164177, 75.2021682164177, 75.2021682164177, 75.2021682164177, 75.2021682164177, 75.2021682164177, 75.2021682164177, 75.2021682164177, 75.2021682164177, 75.2021682164177, 75.2021682164177, 75.2021682164177, 75.2021682164177, 75.2021682164177, 75.2021682164177, 75.2021682164177, 75.2021682164177, 75.2021682164177, 75.2021682164177, 75.2021682164177, 75.2021682164177, 75.2021682164177, 75.2021682164177, 75.2021682164177, 75.2021682164177, 75.2021682164177, 75.2021682164177, 75.2021682164177, 75.2021682164177, 75.2021682164177, 75.2021682164177, 75.2021682164177, 75.2021682164177, 75.2021682164177, 75.2021682164177, 75.2021682164177, 75.2021682164177, 75.2021682164177, 75.2021682164177, 75.2021682164177, 75.2021682164177, 75.2021682164177, 75.2021682164177, 75.2021682164177, 75.2021682164177, 75.2021682164177) 

3 : 

x <- c(71.82458750437374, 71.82458750437374, 71.82458750437374, 71.82458750437374, 71.82458750437374, 71.82458750437374, 71.82458750437374, 71.82458750437374, 71.82458750437374, 71.82458750437374, 71.82458750437374, 71.82458750437374, 71.82458750437374, 71.82458750437374, 71.82458750437374, 71.82458750437374, 71.82458750437374, 71.82458750437374, 71.82458750437374, 71.82458750437374, 71.82458750437374, 71.82458750437374, 71.82458750437374, 71.82458750437374, 71.82458750437374, 71.82458750437374, 71.82458750437374, 71.82458750437374, 71.82458750437374, 71.82458750437374, 71.82458750437374, 71.82458750437374, 71.82458750437374, 71.82458750437374, 71.82458750437374, 71.82458750437374, 71.82458750437374, 71.82458750437374, 71.82458750437374, 71.82458750437374, 71.82458750437374, 71.82458750437374, 71.82458750437374, 71.82458750437374, 71.82458750437374, 71.82458750437374, 71.82458750437374, 71.82458750437374, 71.82458750437374, 71.82458750437374, 71.82458750437374, 71.82458750437374, 71.82458750437374, 71.82458750437374, 71.82458750437374, 71.82458750437374, 71.82458750437374, 71.82458750437374, 71.82458750437374, 71.82458750437374, 71.82458750437374, 71.82458750437374, 71.82458750437374, 71.82458750437374, 71.82458750437374, 71.82458750437374, 71.82458750437374, 71.82458750437374, 71.82458750437374, 71.82458750437374, 71.82458750437374, 71.82458750437374, 71.82458750437374, 71.82458750437374, 71.82458750437374, 71.82458750437374, 71.82458750437374, 71.82458750437374, 71.82458750437374, 71.82458750437374, 71.82458750437374, 71.82458750437374, 71.82458750437374, 71.82458750437374, 71.82458750437374, 71.82458750437374, 71.82458750437374, 71.82458750437374, 71.82458750437374, 71.82458750437374, 71.82458750437374, 71.82458750437374, 71.82458750437374, 71.82458750437374, 71.82458750437374, 71.82458750437374, 71.82458750437374, 71.82458750437374, 71.82458750437374, 71.82458750437374) 

4 : 

x <- c(77.40072322289943, 77.40072322289943, 77.40072322289943, 77.40072322289943, 77.40072322289943, 77.40072322289943, 77.40072322289943, 77.40072322289943, 77.40072322289943, 77.40072322289943, 77.40072322289943, 77.40072322289943, 77.40072322289943, 77.40072322289943, 77.40072322289943, 77.40072322289943, 77.40072322289943, 77.40072322289943, 77.40072322289943, 77.40072322289943, 77.40072322289943, 77.40072322289943, 77.40072322289943, 77.40072322289943, 77.40072322289943, 77.40072322289943, 77.40072322289943, 77.40072322289943, 77.40072322289943, 77.40072322289943, 77.40072322289943, 77.40072322289943, 77.40072322289943, 77.40072322289943, 77.40072322289943, 77.40072322289943, 77.40072322289943, 77.40072322289943, 77.40072322289943, 77.40072322289943, 77.40072322289943, 77.40072322289943, 77.40072322289943, 77.40072322289943, 77.40072322289943, 77.40072322289943, 77.40072322289943, 77.40072322289943, 77.40072322289943, 77.40072322289943, 77.40072322289943, 77.40072322289943, 77.40072322289943, 77.40072322289943, 77.40072322289943, 77.40072322289943, 77.40072322289943, 77.40072322289943, 77.40072322289943, 77.40072322289943, 77.40072322289943, 77.40072322289943, 77.40072322289943, 77.40072322289943, 77.40072322289943, 77.40072322289943, 77.40072322289943, 77.40072322289943, 77.40072322289943, 77.40072322289943, 77.40072322289943, 77.40072322289943, 77.40072322289943, 77.40072322289943, 77.40072322289943, 77.40072322289943, 77.40072322289943, 77.40072322289943, 77.40072322289943, 77.40072322289943, 77.40072322289943, 77.40072322289943, 77.40072322289943, 77.40072322289943, 77.40072322289943, 77.40072322289943, 77.40072322289943, 77.40072322289943, 77.40072322289943, 77.40072322289943, 77.40072322289943, 77.40072322289943, 77.40072322289943, 77.40072322289943, 77.40072322289943, 77.40072322289943, 77.40072322289943, 77.40072322289943, 77.40072322289943, 77.40072322289943) 

5 : 

x <- c(72.17987661002768, 72.17987661002768, 72.17987661002768, 72.17987661002768, 72.17987661002768, 72.17987661002768, 72.17987661002768, 72.17987661002768, 72.17987661002768, 72.17987661002768, 72.17987661002768, 72.17987661002768, 72.17987661002768, 72.17987661002768, 72.17987661002768, 72.17987661002768, 72.17987661002768, 72.17987661002768, 72.17987661002768, 72.17987661002768, 72.17987661002768, 72.17987661002768, 72.17987661002768, 72.17987661002768, 72.17987661002768, 72.17987661002768, 72.17987661002768, 72.17987661002768, 72.17987661002768, 72.17987661002768, 72.17987661002768, 72.17987661002768, 72.17987661002768, 72.17987661002768, 72.17987661002768, 72.17987661002768, 72.17987661002768, 72.17987661002768, 72.17987661002768, 72.17987661002768, 72.17987661002768, 72.17987661002768, 72.17987661002768, 72.17987661002768, 72.17987661002768, 72.17987661002768, 72.17987661002768, 72.17987661002768, 72.17987661002768, 72.17987661002768, 72.17987661002768, 72.17987661002768, 72.17987661002768, 72.17987661002768, 72.17987661002768, 72.17987661002768, 72.17987661002768, 72.17987661002768, 72.17987661002768, 72.17987661002768, 72.17987661002768, 72.17987661002768, 72.17987661002768, 72.17987661002768, 72.17987661002768, 72.17987661002768, 72.17987661002768, 72.17987661002768, 72.17987661002768, 72.17987661002768, 72.17987661002768, 72.17987661002768, 72.17987661002768, 72.17987661002768, 72.17987661002768, 72.17987661002768, 72.17987661002768, 72.17987661002768, 72.17987661002768, 72.17987661002768, 72.17987661002768, 72.17987661002768, 72.17987661002768, 72.17987661002768, 72.17987661002768, 72.17987661002768, 72.17987661002768, 72.17987661002768, 72.17987661002768, 72.17987661002768, 72.17987661002768, 72.17987661002768, 72.17987661002768, 72.17987661002768, 72.17987661002768, 72.17987661002768, 72.17987661002768, 72.17987661002768, 72.17987661002768, 72.17987661002768) 

6 : 

x <- c(72.51329901701826, 72.51329901701826, 72.51329901701826, 72.51329901701826, 72.51329901701826, 72.51329901701826, 72.51329901701826, 72.51329901701826, 72.51329901701826, 72.51329901701826, 72.51329901701826, 72.51329901701826, 72.51329901701826, 72.51329901701826, 72.51329901701826, 72.51329901701826, 72.51329901701826, 72.51329901701826, 72.51329901701826, 72.51329901701826, 72.51329901701826, 72.51329901701826, 72.51329901701826, 72.51329901701826, 72.51329901701826, 72.51329901701826, 72.51329901701826, 72.51329901701826, 72.51329901701826, 72.51329901701826, 72.51329901701826, 72.51329901701826, 72.51329901701826, 72.51329901701826, 72.51329901701826, 72.51329901701826, 72.51329901701826, 72.51329901701826, 72.51329901701826, 72.51329901701826, 72.51329901701826, 72.51329901701826, 72.51329901701826, 72.51329901701826, 72.51329901701826, 72.51329901701826, 72.51329901701826, 72.51329901701826, 72.51329901701826, 72.51329901701826, 72.51329901701826, 72.51329901701826, 72.51329901701826, 72.51329901701826, 72.51329901701826, 72.51329901701826, 72.51329901701826, 72.51329901701826, 72.51329901701826, 72.51329901701826, 72.51329901701826, 72.51329901701826, 72.51329901701826, 72.51329901701826, 72.51329901701826, 72.51329901701826, 72.51329901701826, 72.51329901701826, 72.51329901701826, 72.51329901701826, 72.51329901701826, 72.51329901701826, 72.51329901701826, 72.51329901701826, 72.51329901701826, 72.51329901701826, 72.51329901701826, 72.51329901701826, 72.51329901701826, 72.51329901701826, 72.51329901701826, 72.51329901701826, 72.51329901701826, 72.51329901701826, 72.51329901701826, 72.51329901701826, 72.51329901701826, 72.51329901701826, 72.51329901701826, 72.51329901701826, 72.51329901701826, 72.51329901701826, 72.51329901701826, 72.51329901701826, 72.51329901701826, 72.51329901701826, 72.51329901701826, 72.51329901701826, 72.51329901701826, 72.51329901701826) 

7 : 

x <- c(81.97683548657605, 81.97683548657605, 81.97683548657605, 81.97683548657605, 81.97683548657605, 81.97683548657605, 81.97683548657605, 81.97683548657605, 81.97683548657605, 81.97683548657605, 81.97683548657605, 81.97683548657605, 81.97683548657605, 81.97683548657605, 81.97683548657605, 81.97683548657605, 81.97683548657605, 81.97683548657605, 81.97683548657605, 81.97683548657605, 81.97683548657605, 81.97683548657605, 81.97683548657605, 81.97683548657605, 81.97683548657605, 81.97683548657605, 81.97683548657605, 81.97683548657605, 81.97683548657605, 81.97683548657605, 81.97683548657605, 81.97683548657605, 81.97683548657605, 81.97683548657605, 81.97683548657605, 81.97683548657605, 81.97683548657605, 81.97683548657605, 81.97683548657605, 81.97683548657605, 81.97683548657605, 81.97683548657605, 81.97683548657605, 81.97683548657605, 81.97683548657605, 81.97683548657605, 81.97683548657605, 81.97683548657605, 81.97683548657605, 81.97683548657605, 81.97683548657605, 81.97683548657605, 81.97683548657605, 81.97683548657605, 81.97683548657605, 81.97683548657605, 81.97683548657605, 81.97683548657605, 81.97683548657605, 81.97683548657605, 81.97683548657605, 81.97683548657605, 81.97683548657605, 81.97683548657605, 81.97683548657605, 81.97683548657605, 81.97683548657605, 81.97683548657605, 81.97683548657605, 81.97683548657605, 81.97683548657605, 81.97683548657605, 81.97683548657605, 81.97683548657605, 81.97683548657605, 81.97683548657605, 81.97683548657605, 81.97683548657605, 81.97683548657605, 81.97683548657605, 81.97683548657605, 81.97683548657605, 81.97683548657605, 81.97683548657605, 81.97683548657605, 81.97683548657605, 81.97683548657605, 81.97683548657605, 81.97683548657605, 81.97683548657605, 81.97683548657605, 81.97683548657605, 81.97683548657605, 81.97683548657605, 81.97683548657605, 81.97683548657605, 81.97683548657605, 81.97683548657605, 81.97683548657605, 81.97683548657605) 

8 : 

x <- c(79.74918341598718, 79.74918341598718, 79.74918341598718, 79.74918341598718, 79.74918341598718, 79.74918341598718, 79.74918341598718, 79.74918341598718, 79.74918341598718, 79.74918341598718, 79.74918341598718, 79.74918341598718, 79.74918341598718, 79.74918341598718, 79.74918341598718, 79.74918341598718, 79.74918341598718, 79.74918341598718, 79.74918341598718, 79.74918341598718, 79.74918341598718, 79.74918341598718, 79.74918341598718, 79.74918341598718, 79.74918341598718, 79.74918341598718, 79.74918341598718, 79.74918341598718, 79.74918341598718, 79.74918341598718, 79.74918341598718, 79.74918341598718, 79.74918341598718, 79.74918341598718, 79.74918341598718, 79.74918341598718, 79.74918341598718, 79.74918341598718, 79.74918341598718, 79.74918341598718, 79.74918341598718, 79.74918341598718, 79.74918341598718, 79.74918341598718, 79.74918341598718, 79.74918341598718, 79.74918341598718, 79.74918341598718, 79.74918341598718, 79.74918341598718, 79.74918341598718, 79.74918341598718, 79.74918341598718, 79.74918341598718, 79.74918341598718, 79.74918341598718, 79.74918341598718, 79.74918341598718, 79.74918341598718, 79.74918341598718, 79.74918341598718, 79.74918341598718, 79.74918341598718, 79.74918341598718, 79.74918341598718, 79.74918341598718, 79.74918341598718, 79.74918341598718, 79.74918341598718, 79.74918341598718, 79.74918341598718, 79.74918341598718, 79.74918341598718, 79.74918341598718, 79.74918341598718, 79.74918341598718, 79.74918341598718, 79.74918341598718, 79.74918341598718, 79.74918341598718, 79.74918341598718, 79.74918341598718, 79.74918341598718, 79.74918341598718, 79.74918341598718, 79.74918341598718, 79.74918341598718, 79.74918341598718, 79.74918341598718, 79.74918341598718, 79.74918341598718, 79.74918341598718, 79.74918341598718, 79.74918341598718, 79.74918341598718, 79.74918341598718, 79.74918341598718, 79.74918341598718, 79.74918341598718, 79.74918341598718) 

9 : 

x <- c(76.84173367305564, 76.84173367305564, 76.84173367305564, 76.84173367305564, 76.84173367305564, 76.84173367305564, 76.84173367305564, 76.84173367305564, 76.84173367305564, 76.84173367305564, 76.84173367305564, 76.84173367305564, 76.84173367305564, 76.84173367305564, 76.84173367305564, 76.84173367305564, 76.84173367305564, 76.84173367305564, 76.84173367305564, 76.84173367305564, 76.84173367305564, 76.84173367305564, 76.84173367305564, 76.84173367305564, 76.84173367305564, 76.84173367305564, 76.84173367305564, 76.84173367305564, 76.84173367305564, 76.84173367305564, 76.84173367305564, 76.84173367305564, 76.84173367305564, 76.84173367305564, 76.84173367305564, 76.84173367305564, 76.84173367305564, 76.84173367305564, 76.84173367305564, 76.84173367305564, 76.84173367305564, 76.84173367305564, 76.84173367305564, 76.84173367305564, 76.84173367305564, 76.84173367305564, 76.84173367305564, 76.84173367305564, 76.84173367305564, 76.84173367305564, 76.84173367305564, 76.84173367305564, 76.84173367305564, 76.84173367305564, 76.84173367305564, 76.84173367305564, 76.84173367305564, 76.84173367305564, 76.84173367305564, 76.84173367305564, 76.84173367305564, 76.84173367305564, 76.84173367305564, 76.84173367305564, 76.84173367305564, 76.84173367305564, 76.84173367305564, 76.84173367305564, 76.84173367305564, 76.84173367305564, 76.84173367305564, 76.84173367305564, 76.84173367305564, 76.84173367305564, 76.84173367305564, 76.84173367305564, 76.84173367305564, 76.84173367305564, 76.84173367305564, 76.84173367305564, 76.84173367305564, 76.84173367305564, 76.84173367305564, 76.84173367305564, 76.84173367305564, 76.84173367305564, 76.84173367305564, 76.84173367305564, 76.84173367305564, 76.84173367305564, 76.84173367305564, 76.84173367305564, 76.84173367305564, 76.84173367305564, 76.84173367305564, 76.84173367305564, 76.84173367305564, 76.84173367305564, 76.84173367305564, 76.84173367305564) 

10 : 

x <- c(81.61741378532827, 81.61741378532827, 81.61741378532827, 81.61741378532827, 81.61741378532827, 81.61741378532827, 81.61741378532827, 81.61741378532827, 81.61741378532827, 81.61741378532827, 81.61741378532827, 81.61741378532827, 81.61741378532827, 81.61741378532827, 81.61741378532827, 81.61741378532827, 81.61741378532827, 81.61741378532827, 81.61741378532827, 81.61741378532827, 81.61741378532827, 81.61741378532827, 81.61741378532827, 81.61741378532827, 81.61741378532827, 81.61741378532827, 81.61741378532827, 81.61741378532827, 81.61741378532827, 81.61741378532827, 81.61741378532827, 81.61741378532827, 81.61741378532827, 81.61741378532827, 81.61741378532827, 81.61741378532827, 81.61741378532827, 81.61741378532827, 81.61741378532827, 81.61741378532827, 81.61741378532827, 81.61741378532827, 81.61741378532827, 81.61741378532827, 81.61741378532827, 81.61741378532827, 81.61741378532827, 81.61741378532827, 81.61741378532827, 81.61741378532827, 81.61741378532827, 81.61741378532827, 81.61741378532827, 81.61741378532827, 81.61741378532827, 81.61741378532827, 81.61741378532827, 81.61741378532827, 81.61741378532827, 81.61741378532827, 81.61741378532827, 81.61741378532827, 81.61741378532827, 81.61741378532827, 81.61741378532827, 81.61741378532827, 81.61741378532827, 81.61741378532827, 81.61741378532827, 81.61741378532827, 81.61741378532827, 81.61741378532827, 81.61741378532827, 81.61741378532827, 81.61741378532827, 81.61741378532827, 81.61741378532827, 81.61741378532827, 81.61741378532827, 81.61741378532827, 81.61741378532827, 81.61741378532827, 81.61741378532827, 81.61741378532827, 81.61741378532827, 81.61741378532827, 81.61741378532827, 81.61741378532827, 81.61741378532827, 81.61741378532827, 81.61741378532827, 81.61741378532827, 81.61741378532827, 81.61741378532827, 81.61741378532827, 81.61741378532827, 81.61741378532827, 81.61741378532827, 81.61741378532827, 81.61741378532827) 

11 : 

x <- c(78.54763764002573, 78.54763764002573, 78.54763764002573, 78.54763764002573, 78.54763764002573, 78.54763764002573, 78.54763764002573, 78.54763764002573, 78.54763764002573, 78.54763764002573, 78.54763764002573, 78.54763764002573, 78.54763764002573, 78.54763764002573, 78.54763764002573, 78.54763764002573, 78.54763764002573, 78.54763764002573, 78.54763764002573, 78.54763764002573, 78.54763764002573, 78.54763764002573, 78.54763764002573, 78.54763764002573, 78.54763764002573, 78.54763764002573, 78.54763764002573, 78.54763764002573, 78.54763764002573, 78.54763764002573, 78.54763764002573, 78.54763764002573, 78.54763764002573, 78.54763764002573, 78.54763764002573, 78.54763764002573, 78.54763764002573, 78.54763764002573, 78.54763764002573, 78.54763764002573, 78.54763764002573, 78.54763764002573, 78.54763764002573, 78.54763764002573, 78.54763764002573, 78.54763764002573, 78.54763764002573, 78.54763764002573, 78.54763764002573, 78.54763764002573, 78.54763764002573, 78.54763764002573, 78.54763764002573, 78.54763764002573, 78.54763764002573, 78.54763764002573, 78.54763764002573, 78.54763764002573, 78.54763764002573, 78.54763764002573, 78.54763764002573, 78.54763764002573, 78.54763764002573, 78.54763764002573, 78.54763764002573, 78.54763764002573, 78.54763764002573, 78.54763764002573, 78.54763764002573, 78.54763764002573, 78.54763764002573, 78.54763764002573, 78.54763764002573, 78.54763764002573, 78.54763764002573, 78.54763764002573, 78.54763764002573, 78.54763764002573, 78.54763764002573, 78.54763764002573, 78.54763764002573, 78.54763764002573, 78.54763764002573, 78.54763764002573, 78.54763764002573, 78.54763764002573, 78.54763764002573, 78.54763764002573, 78.54763764002573, 78.54763764002573, 78.54763764002573, 78.54763764002573, 78.54763764002573, 78.54763764002573, 78.54763764002573, 78.54763764002573, 78.54763764002573, 78.54763764002573, 78.54763764002573, 78.54763764002573) 

12 : 

x <- c(74.34064095867818, 74.34064095867818, 74.34064095867818, 74.34064095867818, 74.34064095867818, 74.34064095867818, 74.34064095867818, 74.34064095867818, 74.34064095867818, 74.34064095867818, 74.34064095867818, 74.34064095867818, 74.34064095867818, 74.34064095867818, 74.34064095867818, 74.34064095867818, 74.34064095867818, 74.34064095867818, 74.34064095867818, 74.34064095867818, 74.34064095867818, 74.34064095867818, 74.34064095867818, 74.34064095867818, 74.34064095867818, 74.34064095867818, 74.34064095867818, 74.34064095867818, 74.34064095867818, 74.34064095867818, 74.34064095867818, 74.34064095867818, 74.34064095867818, 74.34064095867818, 74.34064095867818, 74.34064095867818, 74.34064095867818, 74.34064095867818, 74.34064095867818, 74.34064095867818, 74.34064095867818, 74.34064095867818, 74.34064095867818, 74.34064095867818, 74.34064095867818, 74.34064095867818, 74.34064095867818, 74.34064095867818, 74.34064095867818, 74.34064095867818, 74.34064095867818, 74.34064095867818, 74.34064095867818, 74.34064095867818, 74.34064095867818, 74.34064095867818, 74.34064095867818, 74.34064095867818, 74.34064095867818, 74.34064095867818, 74.34064095867818, 74.34064095867818, 74.34064095867818, 74.34064095867818, 74.34064095867818, 74.34064095867818, 74.34064095867818, 74.34064095867818, 74.34064095867818, 74.34064095867818, 74.34064095867818, 74.34064095867818, 74.34064095867818, 74.34064095867818, 74.34064095867818, 74.34064095867818, 74.34064095867818, 74.34064095867818, 74.34064095867818, 74.34064095867818, 74.34064095867818, 74.34064095867818, 74.34064095867818, 74.34064095867818, 74.34064095867818, 74.34064095867818, 74.34064095867818, 74.34064095867818, 74.34064095867818, 74.34064095867818, 74.34064095867818, 74.34064095867818, 74.34064095867818, 74.34064095867818, 74.34064095867818, 74.34064095867818, 74.34064095867818, 74.34064095867818, 74.34064095867818, 74.34064095867818) 

13 : 

x <- c(81.2299670642724, 81.2299670642724, 81.2299670642724, 81.2299670642724, 81.2299670642724, 81.2299670642724, 81.2299670642724, 81.2299670642724, 81.2299670642724, 81.2299670642724, 81.2299670642724, 81.2299670642724, 81.2299670642724, 81.2299670642724, 81.2299670642724, 81.2299670642724, 81.2299670642724, 81.2299670642724, 81.2299670642724, 81.2299670642724, 81.2299670642724, 81.2299670642724, 81.2299670642724, 81.2299670642724, 81.2299670642724, 81.2299670642724, 81.2299670642724, 81.2299670642724, 81.2299670642724, 81.2299670642724, 81.2299670642724, 81.2299670642724, 81.2299670642724, 81.2299670642724, 81.2299670642724, 81.2299670642724, 81.2299670642724, 81.2299670642724, 81.2299670642724, 81.2299670642724, 81.2299670642724, 81.2299670642724, 81.2299670642724, 81.2299670642724, 81.2299670642724, 81.2299670642724, 81.2299670642724, 81.2299670642724, 81.2299670642724, 81.2299670642724, 81.2299670642724, 81.2299670642724, 81.2299670642724, 81.2299670642724, 81.2299670642724, 81.2299670642724, 81.2299670642724, 81.2299670642724, 81.2299670642724, 81.2299670642724, 81.2299670642724, 81.2299670642724, 81.2299670642724, 81.2299670642724, 81.2299670642724, 81.2299670642724, 81.2299670642724, 81.2299670642724, 81.2299670642724, 81.2299670642724, 81.2299670642724, 81.2299670642724, 81.2299670642724, 81.2299670642724, 81.2299670642724, 81.2299670642724, 81.2299670642724, 81.2299670642724, 81.2299670642724, 81.2299670642724, 81.2299670642724, 81.2299670642724, 81.2299670642724, 81.2299670642724, 81.2299670642724, 81.2299670642724, 81.2299670642724, 81.2299670642724, 81.2299670642724, 81.2299670642724, 81.2299670642724, 81.2299670642724, 81.2299670642724, 81.2299670642724, 81.2299670642724, 81.2299670642724, 81.2299670642724, 81.2299670642724, 81.2299670642724, 81.2299670642724) 

14 : 

x <- c(73.67392718239951, 73.67392718239951, 73.67392718239951, 73.67392718239951, 73.67392718239951, 73.67392718239951, 73.67392718239951, 73.67392718239951, 73.67392718239951, 73.67392718239951, 73.67392718239951, 73.67392718239951, 73.67392718239951, 73.67392718239951, 73.67392718239951, 73.67392718239951, 73.67392718239951, 73.67392718239951, 73.67392718239951, 73.67392718239951, 73.67392718239951, 73.67392718239951, 73.67392718239951, 73.67392718239951, 73.67392718239951, 73.67392718239951, 73.67392718239951, 73.67392718239951, 73.67392718239951, 73.67392718239951, 73.67392718239951, 73.67392718239951, 73.67392718239951, 73.67392718239951, 73.67392718239951, 73.67392718239951, 73.67392718239951, 73.67392718239951, 73.67392718239951, 73.67392718239951, 73.67392718239951, 73.67392718239951, 73.67392718239951, 73.67392718239951, 73.67392718239951, 73.67392718239951, 73.67392718239951, 73.67392718239951, 73.67392718239951, 73.67392718239951, 73.67392718239951, 73.67392718239951, 73.67392718239951, 73.67392718239951, 73.67392718239951, 73.67392718239951, 73.67392718239951, 73.67392718239951, 73.67392718239951, 73.67392718239951, 73.67392718239951, 73.67392718239951, 73.67392718239951, 73.67392718239951, 73.67392718239951, 73.67392718239951, 73.67392718239951, 73.67392718239951, 73.67392718239951, 73.67392718239951, 73.67392718239951, 73.67392718239951, 73.67392718239951, 73.67392718239951, 73.67392718239951, 73.67392718239951, 73.67392718239951, 73.67392718239951, 73.67392718239951, 73.67392718239951, 73.67392718239951, 73.67392718239951, 73.67392718239951, 73.67392718239951, 73.67392718239951, 73.67392718239951, 73.67392718239951, 73.67392718239951, 73.67392718239951, 73.67392718239951, 73.67392718239951, 73.67392718239951, 73.67392718239951, 73.67392718239951, 73.67392718239951, 73.67392718239951, 73.67392718239951, 73.67392718239951, 73.67392718239951, 73.67392718239951) 

15 : 

x <- c(71.15247769403882, 71.15247769403882, 71.15247769403882, 71.15247769403882, 71.15247769403882, 71.15247769403882, 71.15247769403882, 71.15247769403882, 71.15247769403882, 71.15247769403882, 71.15247769403882, 71.15247769403882, 71.15247769403882, 71.15247769403882, 71.15247769403882, 71.15247769403882, 71.15247769403882, 71.15247769403882, 71.15247769403882, 71.15247769403882, 71.15247769403882, 71.15247769403882, 71.15247769403882, 71.15247769403882, 71.15247769403882, 71.15247769403882, 71.15247769403882, 71.15247769403882, 71.15247769403882, 71.15247769403882, 71.15247769403882, 71.15247769403882, 71.15247769403882, 71.15247769403882, 71.15247769403882, 71.15247769403882, 71.15247769403882, 71.15247769403882, 71.15247769403882, 71.15247769403882, 71.15247769403882, 71.15247769403882, 71.15247769403882, 71.15247769403882, 71.15247769403882, 71.15247769403882, 71.15247769403882, 71.15247769403882, 71.15247769403882, 71.15247769403882, 71.15247769403882, 71.15247769403882, 71.15247769403882, 71.15247769403882, 71.15247769403882, 71.15247769403882, 71.15247769403882, 71.15247769403882, 71.15247769403882, 71.15247769403882, 71.15247769403882, 71.15247769403882, 71.15247769403882, 71.15247769403882, 71.15247769403882, 71.15247769403882, 71.15247769403882, 71.15247769403882, 71.15247769403882, 71.15247769403882, 71.15247769403882, 71.15247769403882, 71.15247769403882, 71.15247769403882, 71.15247769403882, 71.15247769403882, 71.15247769403882, 71.15247769403882, 71.15247769403882, 71.15247769403882, 71.15247769403882, 71.15247769403882, 71.15247769403882, 71.15247769403882, 71.15247769403882, 71.15247769403882, 71.15247769403882, 71.15247769403882, 71.15247769403882, 71.15247769403882, 71.15247769403882, 71.15247769403882, 71.15247769403882, 71.15247769403882, 71.15247769403882, 71.15247769403882, 71.15247769403882, 71.15247769403882, 71.15247769403882, 71.15247769403882) 

16 : 

x <- c(69.76366242180977, 69.76366242180977, 69.76366242180977, 69.76366242180977, 69.76366242180977, 69.76366242180977, 69.76366242180977, 69.76366242180977, 69.76366242180977, 69.76366242180977, 69.76366242180977, 69.76366242180977, 69.76366242180977, 69.76366242180977, 69.76366242180977, 69.76366242180977, 69.76366242180977, 69.76366242180977, 69.76366242180977, 69.76366242180977, 69.76366242180977, 69.76366242180977, 69.76366242180977, 69.76366242180977, 69.76366242180977, 69.76366242180977, 69.76366242180977, 69.76366242180977, 69.76366242180977, 69.76366242180977, 69.76366242180977, 69.76366242180977, 69.76366242180977, 69.76366242180977, 69.76366242180977, 69.76366242180977, 69.76366242180977, 69.76366242180977, 69.76366242180977, 69.76366242180977, 69.76366242180977, 69.76366242180977, 69.76366242180977, 69.76366242180977, 69.76366242180977, 69.76366242180977, 69.76366242180977, 69.76366242180977, 69.76366242180977, 69.76366242180977, 69.76366242180977, 69.76366242180977, 69.76366242180977, 69.76366242180977, 69.76366242180977, 69.76366242180977, 69.76366242180977, 69.76366242180977, 69.76366242180977, 69.76366242180977, 69.76366242180977, 69.76366242180977, 69.76366242180977, 69.76366242180977, 69.76366242180977, 69.76366242180977, 69.76366242180977, 69.76366242180977, 69.76366242180977, 69.76366242180977, 69.76366242180977, 69.76366242180977, 69.76366242180977, 69.76366242180977, 69.76366242180977, 69.76366242180977, 69.76366242180977, 69.76366242180977, 69.76366242180977, 69.76366242180977, 69.76366242180977, 69.76366242180977, 69.76366242180977, 69.76366242180977, 69.76366242180977, 69.76366242180977, 69.76366242180977, 69.76366242180977, 69.76366242180977, 69.76366242180977, 69.76366242180977, 69.76366242180977, 69.76366242180977, 69.76366242180977, 69.76366242180977, 69.76366242180977, 69.76366242180977, 69.76366242180977, 69.76366242180977, 69.76366242180977) 

17 : 

x <- c(75.57122268091769, 75.57122268091769, 75.57122268091769, 75.57122268091769, 75.57122268091769, 75.57122268091769, 75.57122268091769, 75.57122268091769, 75.57122268091769, 75.57122268091769, 75.57122268091769, 75.57122268091769, 75.57122268091769, 75.57122268091769, 75.57122268091769, 75.57122268091769, 75.57122268091769, 75.57122268091769, 75.57122268091769, 75.57122268091769, 75.57122268091769, 75.57122268091769, 75.57122268091769, 75.57122268091769, 75.57122268091769, 75.57122268091769, 75.57122268091769, 75.57122268091769, 75.57122268091769, 75.57122268091769, 75.57122268091769, 75.57122268091769, 75.57122268091769, 75.57122268091769, 75.57122268091769, 75.57122268091769, 75.57122268091769, 75.57122268091769, 75.57122268091769, 75.57122268091769, 75.57122268091769, 75.57122268091769, 75.57122268091769, 75.57122268091769, 75.57122268091769, 75.57122268091769, 75.57122268091769, 75.57122268091769, 75.57122268091769, 75.57122268091769, 75.57122268091769, 75.57122268091769, 75.57122268091769, 75.57122268091769, 75.57122268091769, 75.57122268091769, 75.57122268091769, 75.57122268091769, 75.57122268091769, 75.57122268091769, 75.57122268091769, 75.57122268091769, 75.57122268091769, 75.57122268091769, 75.57122268091769, 75.57122268091769, 75.57122268091769, 75.57122268091769, 75.57122268091769, 75.57122268091769, 75.57122268091769, 75.57122268091769, 75.57122268091769, 75.57122268091769, 75.57122268091769, 75.57122268091769, 75.57122268091769, 75.57122268091769, 75.57122268091769, 75.57122268091769, 75.57122268091769, 75.57122268091769, 75.57122268091769, 75.57122268091769, 75.57122268091769, 75.57122268091769, 75.57122268091769, 75.57122268091769, 75.57122268091769, 75.57122268091769, 75.57122268091769, 75.57122268091769, 75.57122268091769, 75.57122268091769, 75.57122268091769, 75.57122268091769, 75.57122268091769, 75.57122268091769, 75.57122268091769, 75.57122268091769) 

18 : 

x <- c(78.45622943540732, 78.45622943540732, 78.45622943540732, 78.45622943540732, 78.45622943540732, 78.45622943540732, 78.45622943540732, 78.45622943540732, 78.45622943540732, 78.45622943540732, 78.45622943540732, 78.45622943540732, 78.45622943540732, 78.45622943540732, 78.45622943540732, 78.45622943540732, 78.45622943540732, 78.45622943540732, 78.45622943540732, 78.45622943540732, 78.45622943540732, 78.45622943540732, 78.45622943540732, 78.45622943540732, 78.45622943540732, 78.45622943540732, 78.45622943540732, 78.45622943540732, 78.45622943540732, 78.45622943540732, 78.45622943540732, 78.45622943540732, 78.45622943540732, 78.45622943540732, 78.45622943540732, 78.45622943540732, 78.45622943540732, 78.45622943540732, 78.45622943540732, 78.45622943540732, 78.45622943540732, 78.45622943540732, 78.45622943540732, 78.45622943540732, 78.45622943540732, 78.45622943540732, 78.45622943540732, 78.45622943540732, 78.45622943540732, 78.45622943540732, 78.45622943540732, 78.45622943540732, 78.45622943540732, 78.45622943540732, 78.45622943540732, 78.45622943540732, 78.45622943540732, 78.45622943540732, 78.45622943540732, 78.45622943540732, 78.45622943540732, 78.45622943540732, 78.45622943540732, 78.45622943540732, 78.45622943540732, 78.45622943540732, 78.45622943540732, 78.45622943540732, 78.45622943540732, 78.45622943540732, 78.45622943540732, 78.45622943540732, 78.45622943540732, 78.45622943540732, 78.45622943540732, 78.45622943540732, 78.45622943540732, 78.45622943540732, 78.45622943540732, 78.45622943540732, 78.45622943540732, 78.45622943540732, 78.45622943540732, 78.45622943540732, 78.45622943540732, 78.45622943540732, 78.45622943540732, 78.45622943540732, 78.45622943540732, 78.45622943540732, 78.45622943540732, 78.45622943540732, 78.45622943540732, 78.45622943540732, 78.45622943540732, 78.45622943540732, 78.45622943540732, 78.45622943540732, 78.45622943540732, 78.45622943540732) 

19 : 

x <- c(76.43790586092248, 76.43790586092248, 76.43790586092248, 76.43790586092248, 76.43790586092248, 76.43790586092248, 76.43790586092248, 76.43790586092248, 76.43790586092248, 76.43790586092248, 76.43790586092248, 76.43790586092248, 76.43790586092248, 76.43790586092248, 76.43790586092248, 76.43790586092248, 76.43790586092248, 76.43790586092248, 76.43790586092248, 76.43790586092248, 76.43790586092248, 76.43790586092248, 76.43790586092248, 76.43790586092248, 76.43790586092248, 76.43790586092248, 76.43790586092248, 76.43790586092248, 76.43790586092248, 76.43790586092248, 76.43790586092248, 76.43790586092248, 76.43790586092248, 76.43790586092248, 76.43790586092248, 76.43790586092248, 76.43790586092248, 76.43790586092248, 76.43790586092248, 76.43790586092248, 76.43790586092248, 76.43790586092248, 76.43790586092248, 76.43790586092248, 76.43790586092248, 76.43790586092248, 76.43790586092248, 76.43790586092248, 76.43790586092248, 76.43790586092248, 76.43790586092248, 76.43790586092248, 76.43790586092248, 76.43790586092248, 76.43790586092248, 76.43790586092248, 76.43790586092248, 76.43790586092248, 76.43790586092248, 76.43790586092248, 76.43790586092248, 76.43790586092248, 76.43790586092248, 76.43790586092248, 76.43790586092248, 76.43790586092248, 76.43790586092248, 76.43790586092248, 76.43790586092248, 76.43790586092248, 76.43790586092248, 76.43790586092248, 76.43790586092248, 76.43790586092248, 76.43790586092248, 76.43790586092248, 76.43790586092248, 76.43790586092248, 76.43790586092248, 76.43790586092248, 76.43790586092248, 76.43790586092248, 76.43790586092248, 76.43790586092248, 76.43790586092248, 76.43790586092248, 76.43790586092248, 76.43790586092248, 76.43790586092248, 76.43790586092248, 76.43790586092248, 76.43790586092248, 76.43790586092248, 76.43790586092248, 76.43790586092248, 76.43790586092248, 76.43790586092248, 76.43790586092248, 76.43790586092248, 76.43790586092248) 

20 : 

x <- c(72.87013276585017, 72.87013276585017, 72.87013276585017, 72.87013276585017, 72.87013276585017, 72.87013276585017, 72.87013276585017, 72.87013276585017, 72.87013276585017, 72.87013276585017, 72.87013276585017, 72.87013276585017, 72.87013276585017, 72.87013276585017, 72.87013276585017, 72.87013276585017, 72.87013276585017, 72.87013276585017, 72.87013276585017, 72.87013276585017, 72.87013276585017, 72.87013276585017, 72.87013276585017, 72.87013276585017, 72.87013276585017, 72.87013276585017, 72.87013276585017, 72.87013276585017, 72.87013276585017, 72.87013276585017, 72.87013276585017, 72.87013276585017, 72.87013276585017, 72.87013276585017, 72.87013276585017, 72.87013276585017, 72.87013276585017, 72.87013276585017, 72.87013276585017, 72.87013276585017, 72.87013276585017, 72.87013276585017, 72.87013276585017, 72.87013276585017, 72.87013276585017, 72.87013276585017, 72.87013276585017, 72.87013276585017, 72.87013276585017, 72.87013276585017, 72.87013276585017, 72.87013276585017, 72.87013276585017, 72.87013276585017, 72.87013276585017, 72.87013276585017, 72.87013276585017, 72.87013276585017, 72.87013276585017, 72.87013276585017, 72.87013276585017, 72.87013276585017, 72.87013276585017, 72.87013276585017, 72.87013276585017, 72.87013276585017, 72.87013276585017, 72.87013276585017, 72.87013276585017, 72.87013276585017, 72.87013276585017, 72.87013276585017, 72.87013276585017, 72.87013276585017, 72.87013276585017, 72.87013276585017, 72.87013276585017, 72.87013276585017, 72.87013276585017, 72.87013276585017, 72.87013276585017, 72.87013276585017, 72.87013276585017, 72.87013276585017, 72.87013276585017, 72.87013276585017, 72.87013276585017, 72.87013276585017, 72.87013276585017, 72.87013276585017, 72.87013276585017, 72.87013276585017, 72.87013276585017, 72.87013276585017, 72.87013276585017, 72.87013276585017, 72.87013276585017, 72.87013276585017, 72.87013276585017, 72.87013276585017) 

21 : 

x <- c(72.9617907314775, 72.9617907314775, 72.9617907314775, 72.9617907314775, 72.9617907314775, 72.9617907314775, 72.9617907314775, 72.9617907314775, 72.9617907314775, 72.9617907314775, 72.9617907314775, 72.9617907314775, 72.9617907314775, 72.9617907314775, 72.9617907314775, 72.9617907314775, 72.9617907314775, 72.9617907314775, 72.9617907314775, 72.9617907314775, 72.9617907314775, 72.9617907314775, 72.9617907314775, 72.9617907314775, 72.9617907314775, 72.9617907314775, 72.9617907314775, 72.9617907314775, 72.9617907314775, 72.9617907314775, 72.9617907314775, 72.9617907314775, 72.9617907314775, 72.9617907314775, 72.9617907314775, 72.9617907314775, 72.9617907314775, 72.9617907314775, 72.9617907314775, 72.9617907314775, 72.9617907314775, 72.9617907314775, 72.9617907314775, 72.9617907314775, 72.9617907314775, 72.9617907314775, 72.9617907314775, 72.9617907314775, 72.9617907314775, 72.9617907314775, 72.9617907314775, 72.9617907314775, 72.9617907314775, 72.9617907314775, 72.9617907314775, 72.9617907314775, 72.9617907314775, 72.9617907314775, 72.9617907314775, 72.9617907314775, 72.9617907314775, 72.9617907314775, 72.9617907314775, 72.9617907314775, 72.9617907314775, 72.9617907314775, 72.9617907314775, 72.9617907314775, 72.9617907314775, 72.9617907314775, 72.9617907314775, 72.9617907314775, 72.9617907314775, 72.9617907314775, 72.9617907314775, 72.9617907314775, 72.9617907314775, 72.9617907314775, 72.9617907314775, 72.9617907314775, 72.9617907314775, 72.9617907314775, 72.9617907314775, 72.9617907314775, 72.9617907314775, 72.9617907314775, 72.9617907314775, 72.9617907314775, 72.9617907314775, 72.9617907314775, 72.9617907314775, 72.9617907314775, 72.9617907314775, 72.9617907314775, 72.9617907314775, 72.9617907314775, 72.9617907314775, 72.9617907314775, 72.9617907314775, 72.9617907314775) 

22 : 

x <- c(75.88049121795135, 75.88049121795135, 75.88049121795135, 75.88049121795135, 75.88049121795135, 75.88049121795135, 75.88049121795135, 75.88049121795135, 75.88049121795135, 75.88049121795135, 75.88049121795135, 75.88049121795135, 75.88049121795135, 75.88049121795135, 75.88049121795135, 75.88049121795135, 75.88049121795135, 75.88049121795135, 75.88049121795135, 75.88049121795135, 75.88049121795135, 75.88049121795135, 75.88049121795135, 75.88049121795135, 75.88049121795135, 75.88049121795135, 75.88049121795135, 75.88049121795135, 75.88049121795135, 75.88049121795135, 75.88049121795135, 75.88049121795135, 75.88049121795135, 75.88049121795135, 75.88049121795135, 75.88049121795135, 75.88049121795135, 75.88049121795135, 75.88049121795135, 75.88049121795135, 75.88049121795135, 75.88049121795135, 75.88049121795135, 75.88049121795135, 75.88049121795135, 75.88049121795135, 75.88049121795135, 75.88049121795135, 75.88049121795135, 75.88049121795135, 75.88049121795135, 75.88049121795135, 75.88049121795135, 75.88049121795135, 75.88049121795135, 75.88049121795135, 75.88049121795135, 75.88049121795135, 75.88049121795135, 75.88049121795135, 75.88049121795135, 75.88049121795135, 75.88049121795135, 75.88049121795135, 75.88049121795135, 75.88049121795135, 75.88049121795135, 75.88049121795135, 75.88049121795135, 75.88049121795135, 75.88049121795135, 75.88049121795135, 75.88049121795135, 75.88049121795135, 75.88049121795135, 75.88049121795135, 75.88049121795135, 75.88049121795135, 75.88049121795135, 75.88049121795135, 75.88049121795135, 75.88049121795135, 75.88049121795135, 75.88049121795135, 75.88049121795135, 75.88049121795135, 75.88049121795135, 75.88049121795135, 75.88049121795135, 75.88049121795135, 75.88049121795135, 75.88049121795135, 75.88049121795135, 75.88049121795135, 75.88049121795135, 75.88049121795135, 75.88049121795135, 75.88049121795135, 75.88049121795135, 75.88049121795135) 

23 : 

x <- c(77.63368560301373, 77.63368560301373, 77.63368560301373, 77.63368560301373, 77.63368560301373, 77.63368560301373, 77.63368560301373, 77.63368560301373, 77.63368560301373, 77.63368560301373, 77.63368560301373, 77.63368560301373, 77.63368560301373, 77.63368560301373, 77.63368560301373, 77.63368560301373, 77.63368560301373, 77.63368560301373, 77.63368560301373, 77.63368560301373, 77.63368560301373, 77.63368560301373, 77.63368560301373, 77.63368560301373, 77.63368560301373, 77.63368560301373, 77.63368560301373, 77.63368560301373, 77.63368560301373, 77.63368560301373, 77.63368560301373, 77.63368560301373, 77.63368560301373, 77.63368560301373, 77.63368560301373, 77.63368560301373, 77.63368560301373, 77.63368560301373, 77.63368560301373, 77.63368560301373, 77.63368560301373, 77.63368560301373, 77.63368560301373, 77.63368560301373, 77.63368560301373, 77.63368560301373, 77.63368560301373, 77.63368560301373, 77.63368560301373, 77.63368560301373, 77.63368560301373, 77.63368560301373, 77.63368560301373, 77.63368560301373, 77.63368560301373, 77.63368560301373, 77.63368560301373, 77.63368560301373, 77.63368560301373, 77.63368560301373, 77.63368560301373, 77.63368560301373, 77.63368560301373, 77.63368560301373, 77.63368560301373, 77.63368560301373, 77.63368560301373, 77.63368560301373, 77.63368560301373, 77.63368560301373, 77.63368560301373, 77.63368560301373, 77.63368560301373, 77.63368560301373, 77.63368560301373, 77.63368560301373, 77.63368560301373, 77.63368560301373, 77.63368560301373, 77.63368560301373, 77.63368560301373, 77.63368560301373, 77.63368560301373, 77.63368560301373, 77.63368560301373, 77.63368560301373, 77.63368560301373, 77.63368560301373, 77.63368560301373, 77.63368560301373, 77.63368560301373, 77.63368560301373, 77.63368560301373, 77.63368560301373, 77.63368560301373, 77.63368560301373, 77.63368560301373, 77.63368560301373, 77.63368560301373, 77.63368560301373) 

24 : 

x <- c(81.42182717154755, 81.42182717154755, 81.42182717154755, 81.42182717154755, 81.42182717154755, 81.42182717154755, 81.42182717154755, 81.42182717154755, 81.42182717154755, 81.42182717154755, 81.42182717154755, 81.42182717154755, 81.42182717154755, 81.42182717154755, 81.42182717154755, 81.42182717154755, 81.42182717154755, 81.42182717154755, 81.42182717154755, 81.42182717154755, 81.42182717154755, 81.42182717154755, 81.42182717154755, 81.42182717154755, 81.42182717154755, 81.42182717154755, 81.42182717154755, 81.42182717154755, 81.42182717154755, 81.42182717154755, 81.42182717154755, 81.42182717154755, 81.42182717154755, 81.42182717154755, 81.42182717154755, 81.42182717154755, 81.42182717154755, 81.42182717154755, 81.42182717154755, 81.42182717154755, 81.42182717154755, 81.42182717154755, 81.42182717154755, 81.42182717154755, 81.42182717154755, 81.42182717154755, 81.42182717154755, 81.42182717154755, 81.42182717154755, 81.42182717154755, 81.42182717154755, 81.42182717154755, 81.42182717154755, 81.42182717154755, 81.42182717154755, 81.42182717154755, 81.42182717154755, 81.42182717154755, 81.42182717154755, 81.42182717154755, 81.42182717154755, 81.42182717154755, 81.42182717154755, 81.42182717154755, 81.42182717154755, 81.42182717154755, 81.42182717154755, 81.42182717154755, 81.42182717154755, 81.42182717154755, 81.42182717154755, 81.42182717154755, 81.42182717154755, 81.42182717154755, 81.42182717154755, 81.42182717154755, 81.42182717154755, 81.42182717154755, 81.42182717154755, 81.42182717154755, 81.42182717154755, 81.42182717154755, 81.42182717154755, 81.42182717154755, 81.42182717154755, 81.42182717154755, 81.42182717154755, 81.42182717154755, 81.42182717154755, 81.42182717154755, 81.42182717154755, 81.42182717154755, 81.42182717154755, 81.42182717154755, 81.42182717154755, 81.42182717154755, 81.42182717154755, 81.42182717154755, 81.42182717154755, 81.42182717154755) 

25 : 

x <- c(71.15305872619146, 71.15305872619146, 71.15305872619146, 71.15305872619146, 71.15305872619146, 71.15305872619146, 71.15305872619146, 71.15305872619146, 71.15305872619146, 71.15305872619146, 71.15305872619146, 71.15305872619146, 71.15305872619146, 71.15305872619146, 71.15305872619146, 71.15305872619146, 71.15305872619146, 71.15305872619146, 71.15305872619146, 71.15305872619146, 71.15305872619146, 71.15305872619146, 71.15305872619146, 71.15305872619146, 71.15305872619146, 71.15305872619146, 71.15305872619146, 71.15305872619146, 71.15305872619146, 71.15305872619146, 71.15305872619146, 71.15305872619146, 71.15305872619146, 71.15305872619146, 71.15305872619146, 71.15305872619146, 71.15305872619146, 71.15305872619146, 71.15305872619146, 71.15305872619146, 71.15305872619146, 71.15305872619146, 71.15305872619146, 71.15305872619146, 71.15305872619146, 71.15305872619146, 71.15305872619146, 71.15305872619146, 71.15305872619146, 71.15305872619146, 71.15305872619146, 71.15305872619146, 71.15305872619146, 71.15305872619146, 71.15305872619146, 71.15305872619146, 71.15305872619146, 71.15305872619146, 71.15305872619146, 71.15305872619146, 71.15305872619146, 71.15305872619146, 71.15305872619146, 71.15305872619146, 71.15305872619146, 71.15305872619146, 71.15305872619146, 71.15305872619146, 71.15305872619146, 71.15305872619146, 71.15305872619146, 71.15305872619146, 71.15305872619146, 71.15305872619146, 71.15305872619146, 71.15305872619146, 71.15305872619146, 71.15305872619146, 71.15305872619146, 71.15305872619146, 71.15305872619146, 71.15305872619146, 71.15305872619146, 71.15305872619146, 71.15305872619146, 71.15305872619146, 71.15305872619146, 71.15305872619146, 71.15305872619146, 71.15305872619146, 71.15305872619146, 71.15305872619146, 71.15305872619146, 71.15305872619146, 71.15305872619146, 71.15305872619146, 71.15305872619146, 71.15305872619146, 71.15305872619146, 71.15305872619146) 

26 : 

x <- c(70.44609066704322, 70.44609066704322, 70.44609066704322, 70.44609066704322, 70.44609066704322, 70.44609066704322, 70.44609066704322, 70.44609066704322, 70.44609066704322, 70.44609066704322, 70.44609066704322, 70.44609066704322, 70.44609066704322, 70.44609066704322, 70.44609066704322, 70.44609066704322, 70.44609066704322, 70.44609066704322, 70.44609066704322, 70.44609066704322, 70.44609066704322, 70.44609066704322, 70.44609066704322, 70.44609066704322, 70.44609066704322, 70.44609066704322, 70.44609066704322, 70.44609066704322, 70.44609066704322, 70.44609066704322, 70.44609066704322, 70.44609066704322, 70.44609066704322, 70.44609066704322, 70.44609066704322, 70.44609066704322, 70.44609066704322, 70.44609066704322, 70.44609066704322, 70.44609066704322, 70.44609066704322, 70.44609066704322, 70.44609066704322, 70.44609066704322, 70.44609066704322, 70.44609066704322, 70.44609066704322, 70.44609066704322, 70.44609066704322, 70.44609066704322, 70.44609066704322, 70.44609066704322, 70.44609066704322, 70.44609066704322, 70.44609066704322, 70.44609066704322, 70.44609066704322, 70.44609066704322, 70.44609066704322, 70.44609066704322, 70.44609066704322, 70.44609066704322, 70.44609066704322, 70.44609066704322, 70.44609066704322, 70.44609066704322, 70.44609066704322, 70.44609066704322, 70.44609066704322, 70.44609066704322, 70.44609066704322, 70.44609066704322, 70.44609066704322, 70.44609066704322, 70.44609066704322, 70.44609066704322, 70.44609066704322, 70.44609066704322, 70.44609066704322, 70.44609066704322, 70.44609066704322, 70.44609066704322, 70.44609066704322, 70.44609066704322, 70.44609066704322, 70.44609066704322, 70.44609066704322, 70.44609066704322, 70.44609066704322, 70.44609066704322, 70.44609066704322, 70.44609066704322, 70.44609066704322, 70.44609066704322, 70.44609066704322, 70.44609066704322, 70.44609066704322, 70.44609066704322, 70.44609066704322, 70.44609066704322) 

27 : 

x <- c(74.54537437355671, 74.54537437355671, 74.54537437355671, 74.54537437355671, 74.54537437355671, 74.54537437355671, 74.54537437355671, 74.54537437355671, 74.54537437355671, 74.54537437355671, 74.54537437355671, 74.54537437355671, 74.54537437355671, 74.54537437355671, 74.54537437355671, 74.54537437355671, 74.54537437355671, 74.54537437355671, 74.54537437355671, 74.54537437355671, 74.54537437355671, 74.54537437355671, 74.54537437355671, 74.54537437355671, 74.54537437355671, 74.54537437355671, 74.54537437355671, 74.54537437355671, 74.54537437355671, 74.54537437355671, 74.54537437355671, 74.54537437355671, 74.54537437355671, 74.54537437355671, 74.54537437355671, 74.54537437355671, 74.54537437355671, 74.54537437355671, 74.54537437355671, 74.54537437355671, 74.54537437355671, 74.54537437355671, 74.54537437355671, 74.54537437355671, 74.54537437355671, 74.54537437355671, 74.54537437355671, 74.54537437355671, 74.54537437355671, 74.54537437355671, 74.54537437355671, 74.54537437355671, 74.54537437355671, 74.54537437355671, 74.54537437355671, 74.54537437355671, 74.54537437355671, 74.54537437355671, 74.54537437355671, 74.54537437355671, 74.54537437355671, 74.54537437355671, 74.54537437355671, 74.54537437355671, 74.54537437355671, 74.54537437355671, 74.54537437355671, 74.54537437355671, 74.54537437355671, 74.54537437355671, 74.54537437355671, 74.54537437355671, 74.54537437355671, 74.54537437355671, 74.54537437355671, 74.54537437355671, 74.54537437355671, 74.54537437355671, 74.54537437355671, 74.54537437355671, 74.54537437355671, 74.54537437355671, 74.54537437355671, 74.54537437355671, 74.54537437355671, 74.54537437355671, 74.54537437355671, 74.54537437355671, 74.54537437355671, 74.54537437355671, 74.54537437355671, 74.54537437355671, 74.54537437355671, 74.54537437355671, 74.54537437355671, 74.54537437355671, 74.54537437355671, 74.54537437355671, 74.54537437355671, 74.54537437355671) 

28 : 

x <- c(75.64976197558511, 75.64976197558511, 75.64976197558511, 75.64976197558511, 75.64976197558511, 75.64976197558511, 75.64976197558511, 75.64976197558511, 75.64976197558511, 75.64976197558511, 75.64976197558511, 75.64976197558511, 75.64976197558511, 75.64976197558511, 75.64976197558511, 75.64976197558511, 75.64976197558511, 75.64976197558511, 75.64976197558511, 75.64976197558511, 75.64976197558511, 75.64976197558511, 75.64976197558511, 75.64976197558511, 75.64976197558511, 75.64976197558511, 75.64976197558511, 75.64976197558511, 75.64976197558511, 75.64976197558511, 75.64976197558511, 75.64976197558511, 75.64976197558511, 75.64976197558511, 75.64976197558511, 75.64976197558511, 75.64976197558511, 75.64976197558511, 75.64976197558511, 75.64976197558511, 75.64976197558511, 75.64976197558511, 75.64976197558511, 75.64976197558511, 75.64976197558511, 75.64976197558511, 75.64976197558511, 75.64976197558511, 75.64976197558511, 75.64976197558511, 75.64976197558511, 75.64976197558511, 75.64976197558511, 75.64976197558511, 75.64976197558511, 75.64976197558511, 75.64976197558511, 75.64976197558511, 75.64976197558511, 75.64976197558511, 75.64976197558511, 75.64976197558511, 75.64976197558511, 75.64976197558511, 75.64976197558511, 75.64976197558511, 75.64976197558511, 75.64976197558511, 75.64976197558511, 75.64976197558511, 75.64976197558511, 75.64976197558511, 75.64976197558511, 75.64976197558511, 75.64976197558511, 75.64976197558511, 75.64976197558511, 75.64976197558511, 75.64976197558511, 75.64976197558511, 75.64976197558511, 75.64976197558511, 75.64976197558511, 75.64976197558511, 75.64976197558511, 75.64976197558511, 75.64976197558511, 75.64976197558511, 75.64976197558511, 75.64976197558511, 75.64976197558511, 75.64976197558511, 75.64976197558511, 75.64976197558511, 75.64976197558511, 75.64976197558511, 75.64976197558511, 75.64976197558511, 75.64976197558511, 75.64976197558511) 

29 : 

x <- c(79.3262604407007, 79.3262604407007, 79.3262604407007, 79.3262604407007, 79.3262604407007, 79.3262604407007, 79.3262604407007, 79.3262604407007, 79.3262604407007, 79.3262604407007, 79.3262604407007, 79.3262604407007, 79.3262604407007, 79.3262604407007, 79.3262604407007, 79.3262604407007, 79.3262604407007, 79.3262604407007, 79.3262604407007, 79.3262604407007, 79.3262604407007, 79.3262604407007, 79.3262604407007, 79.3262604407007, 79.3262604407007, 79.3262604407007, 79.3262604407007, 79.3262604407007, 79.3262604407007, 79.3262604407007, 79.3262604407007, 79.3262604407007, 79.3262604407007, 79.3262604407007, 79.3262604407007, 79.3262604407007, 79.3262604407007, 79.3262604407007, 79.3262604407007, 79.3262604407007, 79.3262604407007, 79.3262604407007, 79.3262604407007, 79.3262604407007, 79.3262604407007, 79.3262604407007, 79.3262604407007, 79.3262604407007, 79.3262604407007, 79.3262604407007, 79.3262604407007, 79.3262604407007, 79.3262604407007, 79.3262604407007, 79.3262604407007, 79.3262604407007, 79.3262604407007, 79.3262604407007, 79.3262604407007, 79.3262604407007, 79.3262604407007, 79.3262604407007, 79.3262604407007, 79.3262604407007, 79.3262604407007, 79.3262604407007, 79.3262604407007, 79.3262604407007, 79.3262604407007, 79.3262604407007, 79.3262604407007, 79.3262604407007, 79.3262604407007, 79.3262604407007, 79.3262604407007, 79.3262604407007, 79.3262604407007, 79.3262604407007, 79.3262604407007, 79.3262604407007, 79.3262604407007, 79.3262604407007, 79.3262604407007, 79.3262604407007, 79.3262604407007, 79.3262604407007, 79.3262604407007, 79.3262604407007, 79.3262604407007, 79.3262604407007, 79.3262604407007, 79.3262604407007, 79.3262604407007, 79.3262604407007, 79.3262604407007, 79.3262604407007, 79.3262604407007, 79.3262604407007, 79.3262604407007, 79.3262604407007) 

30 : 

x <- c(77.03350344250782, 77.03350344250782, 77.03350344250782, 77.03350344250782, 77.03350344250782, 77.03350344250782, 77.03350344250782, 77.03350344250782, 77.03350344250782, 77.03350344250782, 77.03350344250782, 77.03350344250782, 77.03350344250782, 77.03350344250782, 77.03350344250782, 77.03350344250782, 77.03350344250782, 77.03350344250782, 77.03350344250782, 77.03350344250782, 77.03350344250782, 77.03350344250782, 77.03350344250782, 77.03350344250782, 77.03350344250782, 77.03350344250782, 77.03350344250782, 77.03350344250782, 77.03350344250782, 77.03350344250782, 77.03350344250782, 77.03350344250782, 77.03350344250782, 77.03350344250782, 77.03350344250782, 77.03350344250782, 77.03350344250782, 77.03350344250782, 77.03350344250782, 77.03350344250782, 77.03350344250782, 77.03350344250782, 77.03350344250782, 77.03350344250782, 77.03350344250782, 77.03350344250782, 77.03350344250782, 77.03350344250782, 77.03350344250782, 77.03350344250782, 77.03350344250782, 77.03350344250782, 77.03350344250782, 77.03350344250782, 77.03350344250782, 77.03350344250782, 77.03350344250782, 77.03350344250782, 77.03350344250782, 77.03350344250782, 77.03350344250782, 77.03350344250782, 77.03350344250782, 77.03350344250782, 77.03350344250782, 77.03350344250782, 77.03350344250782, 77.03350344250782, 77.03350344250782, 77.03350344250782, 77.03350344250782, 77.03350344250782, 77.03350344250782, 77.03350344250782, 77.03350344250782, 77.03350344250782, 77.03350344250782, 77.03350344250782, 77.03350344250782, 77.03350344250782, 77.03350344250782, 77.03350344250782, 77.03350344250782, 77.03350344250782, 77.03350344250782, 77.03350344250782, 77.03350344250782, 77.03350344250782, 77.03350344250782, 77.03350344250782, 77.03350344250782, 77.03350344250782, 77.03350344250782, 77.03350344250782, 77.03350344250782, 77.03350344250782, 77.03350344250782, 77.03350344250782, 77.03350344250782, 77.03350344250782) 



