med: 1443.802383306714/desvio: 5.5908383002174915


Funcoes: 

Erros: 

1 : 

x <- c(1441.513819054995, 1441.513819054995, 1441.513819054995, 1441.513819054995, 1441.513819054995, 1441.513819054995, 1441.513819054995, 1441.513819054995, 1441.513819054995, 1441.513819054995, 1441.513819054995, 1441.513819054995, 1441.513819054995, 1441.513819054995, 1441.513819054995, 1441.513819054995, 1441.513819054995, 1441.513819054995, 1441.513819054995, 1441.513819054995, 1441.513819054995, 1441.513819054995, 1441.513819054995, 1441.513819054995, 1441.513819054995, 1441.513819054995, 1441.513819054995, 1441.513819054995, 1441.513819054995, 1441.513819054995, 1441.513819054995, 1441.513819054995, 1441.513819054995, 1441.513819054995, 1441.513819054995, 1441.513819054995, 1441.513819054995, 1441.513819054995, 1441.513819054995, 1441.513819054995, 1441.513819054995, 1441.513819054995, 1441.513819054995, 1441.513819054995, 1441.513819054995, 1441.513819054995, 1441.513819054995, 1441.513819054995, 1441.513819054995, 1441.513819054995, 1441.513819054995, 1441.513819054995, 1441.513819054995, 1441.513819054995, 1441.513819054995, 1441.513819054995, 1441.513819054995, 1441.513819054995, 1441.513819054995, 1441.513819054995, 1441.513819054995, 1441.513819054995, 1441.513819054995, 1441.513819054995, 1441.513819054995, 1441.513819054995, 1441.513819054995, 1441.513819054995, 1441.513819054995, 1441.513819054995, 1441.513819054995, 1441.513819054995, 1441.513819054995, 1441.513819054995, 1441.513819054995, 1441.513819054995, 1441.513819054995, 1441.513819054995, 1441.513819054995, 1441.513819054995, 1441.513819054995, 1441.513819054995, 1441.513819054995, 1441.513819054995, 1441.513819054995, 1441.513819054995, 1441.513819054995, 1441.513819054995, 1441.513819054995, 1441.513819054995, 1441.513819054995, 1441.513819054995, 1441.513819054995, 1441.513819054995, 1441.513819054995, 1441.513819054995, 1441.513819054995, 1441.513819054995, 1441.513819054995, 1441.513819054995) 

2 : 

x <- c(1467.3443683577339, 1467.3443683577339, 1467.3443683577339, 1467.3443683577339, 1467.3443683577339, 1467.3443683577339, 1467.3443683577339, 1467.3443683577339, 1467.3443683577339, 1467.3443683577339, 1467.3443683577339, 1467.3443683577339, 1467.3443683577339, 1467.3443683577339, 1467.3443683577339, 1467.3443683577339, 1467.3443683577339, 1467.3443683577339, 1467.3443683577339, 1467.3443683577339, 1467.3443683577339, 1467.3443683577339, 1467.3443683577339, 1467.3443683577339, 1467.3443683577339, 1467.3443683577339, 1467.3443683577339, 1467.3443683577339, 1467.3443683577339, 1467.3443683577339, 1467.3443683577339, 1467.3443683577339, 1467.3443683577339, 1467.3443683577339, 1467.3443683577339, 1467.3443683577339, 1467.3443683577339, 1467.3443683577339, 1467.3443683577339, 1467.3443683577339, 1467.3443683577339, 1467.3443683577339, 1467.3443683577339, 1467.3443683577339, 1467.3443683577339, 1467.3443683577339, 1467.3443683577339, 1467.3443683577339, 1467.3443683577339, 1467.3443683577339, 1467.3443683577339, 1467.3443683577339, 1467.3443683577339, 1467.3443683577339, 1467.3443683577339, 1467.3443683577339, 1467.3443683577339, 1467.3443683577339, 1467.3443683577339, 1467.3443683577339, 1467.3443683577339, 1467.3443683577339, 1467.3443683577339, 1467.3443683577339, 1467.3443683577339, 1467.3443683577339, 1467.3443683577339, 1467.3443683577339, 1467.3443683577339, 1467.3443683577339, 1467.3443683577339, 1467.3443683577339, 1467.3443683577339, 1467.3443683577339, 1467.3443683577339, 1467.3443683577339, 1467.3443683577339, 1467.3443683577339, 1467.3443683577339, 1467.3443683577339, 1467.3443683577339, 1467.3443683577339, 1467.3443683577339, 1467.3443683577339, 1467.3443683577339, 1467.3443683577339, 1467.3443683577339, 1467.3443683577339, 1467.3443683577339, 1467.3443683577339, 1467.3443683577339, 1467.3443683577339, 1467.3443683577339, 1467.3443683577339, 1467.3443683577339, 1467.3443683577339, 1467.3443683577339, 1467.3443683577339, 1467.3443683577339, 1467.3443683577339) 

3 : 

x <- c(1439.6370189029103, 1439.6370189029103, 1439.6370189029103, 1439.6370189029103, 1439.6370189029103, 1439.6370189029103, 1439.6370189029103, 1439.6370189029103, 1439.6370189029103, 1439.6370189029103, 1439.6370189029103, 1439.6370189029103, 1439.6370189029103, 1439.6370189029103, 1439.6370189029103, 1439.6370189029103, 1439.6370189029103, 1439.6370189029103, 1439.6370189029103, 1439.6370189029103, 1439.6370189029103, 1439.6370189029103, 1439.6370189029103, 1439.6370189029103, 1439.6370189029103, 1439.6370189029103, 1439.6370189029103, 1439.6370189029103, 1439.6370189029103, 1439.6370189029103, 1439.6370189029103, 1439.6370189029103, 1439.6370189029103, 1439.6370189029103, 1439.6370189029103, 1439.6370189029103, 1439.6370189029103, 1439.6370189029103, 1439.6370189029103, 1439.6370189029103, 1439.6370189029103, 1439.6370189029103, 1439.6370189029103, 1439.6370189029103, 1439.6370189029103, 1439.6370189029103, 1439.6370189029103, 1439.6370189029103, 1439.6370189029103, 1439.6370189029103, 1439.6370189029103, 1439.6370189029103, 1439.6370189029103, 1439.6370189029103, 1439.6370189029103, 1439.6370189029103, 1439.6370189029103, 1439.6370189029103, 1439.6370189029103, 1439.6370189029103, 1439.6370189029103, 1439.6370189029103, 1439.6370189029103, 1439.6370189029103, 1439.6370189029103, 1439.6370189029103, 1439.6370189029103, 1439.6370189029103, 1439.6370189029103, 1439.6370189029103, 1439.6370189029103, 1439.6370189029103, 1439.6370189029103, 1439.6370189029103, 1439.6370189029103, 1439.6370189029103, 1439.6370189029103, 1439.6370189029103, 1439.6370189029103, 1439.6370189029103, 1439.6370189029103, 1439.6370189029103, 1439.6370189029103, 1439.6370189029103, 1439.6370189029103, 1439.6370189029103, 1439.6370189029103, 1439.6370189029103, 1439.6370189029103, 1439.6370189029103, 1439.6370189029103, 1439.6370189029103, 1439.6370189029103, 1439.6370189029103, 1439.6370189029103, 1439.6370189029103, 1439.6370189029103, 1439.6370189029103, 1439.6370189029103, 1439.6370189029103) 

4 : 

x <- c(1446.7498915440299, 1446.7498915440299, 1446.7498915440299, 1446.7498915440299, 1446.7498915440299, 1446.7498915440299, 1446.7498915440299, 1446.7498915440299, 1446.7498915440299, 1446.7498915440299, 1446.7498915440299, 1446.7498915440299, 1446.7498915440299, 1446.7498915440299, 1446.7498915440299, 1446.7498915440299, 1446.7498915440299, 1446.7498915440299, 1446.7498915440299, 1446.7498915440299, 1446.7498915440299, 1446.7498915440299, 1446.7498915440299, 1446.7498915440299, 1446.7498915440299, 1446.7498915440299, 1446.7498915440299, 1446.7498915440299, 1446.7498915440299, 1446.7498915440299, 1446.7498915440299, 1446.7498915440299, 1446.7498915440299, 1446.7498915440299, 1446.7498915440299, 1446.7498915440299, 1446.7498915440299, 1446.7498915440299, 1446.7498915440299, 1446.7498915440299, 1446.7498915440299, 1446.7498915440299, 1446.7498915440299, 1446.7498915440299, 1446.7498915440299, 1446.7498915440299, 1446.7498915440299, 1446.7498915440299, 1446.7498915440299, 1446.7498915440299, 1446.7498915440299, 1446.7498915440299, 1446.7498915440299, 1446.7498915440299, 1446.7498915440299, 1446.7498915440299, 1446.7498915440299, 1446.7498915440299, 1446.7498915440299, 1446.7498915440299, 1446.7498915440299, 1446.7498915440299, 1446.7498915440299, 1446.7498915440299, 1446.7498915440299, 1446.7498915440299, 1446.7498915440299, 1446.7498915440299, 1446.7498915440299, 1446.7498915440299, 1446.7498915440299, 1446.7498915440299, 1446.7498915440299, 1446.7498915440299, 1446.7498915440299, 1446.7498915440299, 1446.7498915440299, 1446.7498915440299, 1446.7498915440299, 1446.7498915440299, 1446.7498915440299, 1446.7498915440299, 1446.7498915440299, 1446.7498915440299, 1446.7498915440299, 1446.7498915440299, 1446.7498915440299, 1446.7498915440299, 1446.7498915440299, 1446.7498915440299, 1446.7498915440299, 1446.7498915440299, 1446.7498915440299, 1446.7498915440299, 1446.7498915440299, 1446.7498915440299, 1446.7498915440299, 1446.7498915440299, 1446.7498915440299, 1446.7498915440299) 

5 : 

x <- c(1439.4776860642762, 1439.4776860642762, 1439.4776860642762, 1439.4776860642762, 1439.4776860642762, 1439.4776860642762, 1439.4776860642762, 1439.4776860642762, 1439.4776860642762, 1439.4776860642762, 1439.4776860642762, 1439.4776860642762, 1439.4776860642762, 1439.4776860642762, 1439.4776860642762, 1439.4776860642762, 1439.4776860642762, 1439.4776860642762, 1439.4776860642762, 1439.4776860642762, 1439.4776860642762, 1439.4776860642762, 1439.4776860642762, 1439.4776860642762, 1439.4776860642762, 1439.4776860642762, 1439.4776860642762, 1439.4776860642762, 1439.4776860642762, 1439.4776860642762, 1439.4776860642762, 1439.4776860642762, 1439.4776860642762, 1439.4776860642762, 1439.4776860642762, 1439.4776860642762, 1439.4776860642762, 1439.4776860642762, 1439.4776860642762, 1439.4776860642762, 1439.4776860642762, 1439.4776860642762, 1439.4776860642762, 1439.4776860642762, 1439.4776860642762, 1439.4776860642762, 1439.4776860642762, 1439.4776860642762, 1439.4776860642762, 1439.4776860642762, 1439.4776860642762, 1439.4776860642762, 1439.4776860642762, 1439.4776860642762, 1439.4776860642762, 1439.4776860642762, 1439.4776860642762, 1439.4776860642762, 1439.4776860642762, 1439.4776860642762, 1439.4776860642762, 1439.4776860642762, 1439.4776860642762, 1439.4776860642762, 1439.4776860642762, 1439.4776860642762, 1439.4776860642762, 1439.4776860642762, 1439.4776860642762, 1439.4776860642762, 1439.4776860642762, 1439.4776860642762, 1439.4776860642762, 1439.4776860642762, 1439.4776860642762, 1439.4776860642762, 1439.4776860642762, 1439.4776860642762, 1439.4776860642762, 1439.4776860642762, 1439.4776860642762, 1439.4776860642762, 1439.4776860642762, 1439.4776860642762, 1439.4776860642762, 1439.4776860642762, 1439.4776860642762, 1439.4776860642762, 1439.4776860642762, 1439.4776860642762, 1439.4776860642762, 1439.4776860642762, 1439.4776860642762, 1439.4776860642762, 1439.4776860642762, 1439.4776860642762, 1439.4776860642762, 1439.4776860642762, 1439.4776860642762, 1439.4776860642762) 

6 : 

x <- c(1444.1563048672824, 1444.1563048672824, 1444.1563048672824, 1444.1563048672824, 1444.1563048672824, 1444.1563048672824, 1444.1563048672824, 1444.1563048672824, 1444.1563048672824, 1444.1563048672824, 1444.1563048672824, 1444.1563048672824, 1444.1563048672824, 1444.1563048672824, 1444.1563048672824, 1444.1563048672824, 1444.1563048672824, 1444.1563048672824, 1444.1563048672824, 1444.1563048672824, 1444.1563048672824, 1444.1563048672824, 1444.1563048672824, 1444.1563048672824, 1444.1563048672824, 1444.1563048672824, 1444.1563048672824, 1444.1563048672824, 1444.1563048672824, 1444.1563048672824, 1444.1563048672824, 1444.1563048672824, 1444.1563048672824, 1444.1563048672824, 1444.1563048672824, 1444.1563048672824, 1444.1563048672824, 1444.1563048672824, 1444.1563048672824, 1444.1563048672824, 1444.1563048672824, 1444.1563048672824, 1444.1563048672824, 1444.1563048672824, 1444.1563048672824, 1444.1563048672824, 1444.1563048672824, 1444.1563048672824, 1444.1563048672824, 1444.1563048672824, 1444.1563048672824, 1444.1563048672824, 1444.1563048672824, 1444.1563048672824, 1444.1563048672824, 1444.1563048672824, 1444.1563048672824, 1444.1563048672824, 1444.1563048672824, 1444.1563048672824, 1444.1563048672824, 1444.1563048672824, 1444.1563048672824, 1444.1563048672824, 1444.1563048672824, 1444.1563048672824, 1444.1563048672824, 1444.1563048672824, 1444.1563048672824, 1444.1563048672824, 1444.1563048672824, 1444.1563048672824, 1444.1563048672824, 1444.1563048672824, 1444.1563048672824, 1444.1563048672824, 1444.1563048672824, 1444.1563048672824, 1444.1563048672824, 1444.1563048672824, 1444.1563048672824, 1444.1563048672824, 1444.1563048672824, 1444.1563048672824, 1444.1563048672824, 1444.1563048672824, 1444.1563048672824, 1444.1563048672824, 1444.1563048672824, 1444.1563048672824, 1444.1563048672824, 1444.1563048672824, 1444.1563048672824, 1444.1563048672824, 1444.1563048672824, 1444.1563048672824, 1444.1563048672824, 1444.1563048672824, 1444.1563048672824, 1444.1563048672824) 

7 : 

x <- c(1441.7326435339262, 1441.7326435339262, 1441.7326435339262, 1441.7326435339262, 1441.7326435339262, 1441.7326435339262, 1441.7326435339262, 1441.7326435339262, 1441.7326435339262, 1441.7326435339262, 1441.7326435339262, 1441.7326435339262, 1441.7326435339262, 1441.7326435339262, 1441.7326435339262, 1441.7326435339262, 1441.7326435339262, 1441.7326435339262, 1441.7326435339262, 1441.7326435339262, 1441.7326435339262, 1441.7326435339262, 1441.7326435339262, 1441.7326435339262, 1441.7326435339262, 1441.7326435339262, 1441.7326435339262, 1441.7326435339262, 1441.7326435339262, 1441.7326435339262, 1441.7326435339262, 1441.7326435339262, 1441.7326435339262, 1441.7326435339262, 1441.7326435339262, 1441.7326435339262, 1441.7326435339262, 1441.7326435339262, 1441.7326435339262, 1441.7326435339262, 1441.7326435339262, 1441.7326435339262, 1441.7326435339262, 1441.7326435339262, 1441.7326435339262, 1441.7326435339262, 1441.7326435339262, 1441.7326435339262, 1441.7326435339262, 1441.7326435339262, 1441.7326435339262, 1441.7326435339262, 1441.7326435339262, 1441.7326435339262, 1441.7326435339262, 1441.7326435339262, 1441.7326435339262, 1441.7326435339262, 1441.7326435339262, 1441.7326435339262, 1441.7326435339262, 1441.7326435339262, 1441.7326435339262, 1441.7326435339262, 1441.7326435339262, 1441.7326435339262, 1441.7326435339262, 1441.7326435339262, 1441.7326435339262, 1441.7326435339262, 1441.7326435339262, 1441.7326435339262, 1441.7326435339262, 1441.7326435339262, 1441.7326435339262, 1441.7326435339262, 1441.7326435339262, 1441.7326435339262, 1441.7326435339262, 1441.7326435339262, 1441.7326435339262, 1441.7326435339262, 1441.7326435339262, 1441.7326435339262, 1441.7326435339262, 1441.7326435339262, 1441.7326435339262, 1441.7326435339262, 1441.7326435339262, 1441.7326435339262, 1441.7326435339262, 1441.7326435339262, 1441.7326435339262, 1441.7326435339262, 1441.7326435339262, 1441.7326435339262, 1441.7326435339262, 1441.7326435339262, 1441.7326435339262, 1441.7326435339262) 

8 : 

x <- c(1442.335848812096, 1442.335848812096, 1442.335848812096, 1442.335848812096, 1442.335848812096, 1442.335848812096, 1442.335848812096, 1442.335848812096, 1442.335848812096, 1442.335848812096, 1442.335848812096, 1442.335848812096, 1442.335848812096, 1442.335848812096, 1442.335848812096, 1442.335848812096, 1442.335848812096, 1442.335848812096, 1442.335848812096, 1442.335848812096, 1442.335848812096, 1442.335848812096, 1442.335848812096, 1442.335848812096, 1442.335848812096, 1442.335848812096, 1442.335848812096, 1442.335848812096, 1442.335848812096, 1442.335848812096, 1442.335848812096, 1442.335848812096, 1442.335848812096, 1442.335848812096, 1442.335848812096, 1442.335848812096, 1442.335848812096, 1442.335848812096, 1442.335848812096, 1442.335848812096, 1442.335848812096, 1442.335848812096, 1442.335848812096, 1442.335848812096, 1442.335848812096, 1442.335848812096, 1442.335848812096, 1442.335848812096, 1442.335848812096, 1442.335848812096, 1442.335848812096, 1442.335848812096, 1442.335848812096, 1442.335848812096, 1442.335848812096, 1442.335848812096, 1442.335848812096, 1442.335848812096, 1442.335848812096, 1442.335848812096, 1442.335848812096, 1442.335848812096, 1442.335848812096, 1442.335848812096, 1442.335848812096, 1442.335848812096, 1442.335848812096, 1442.335848812096, 1442.335848812096, 1442.335848812096, 1442.335848812096, 1442.335848812096, 1442.335848812096, 1442.335848812096, 1442.335848812096, 1442.335848812096, 1442.335848812096, 1442.335848812096, 1442.335848812096, 1442.335848812096, 1442.335848812096, 1442.335848812096, 1442.335848812096, 1442.335848812096, 1442.335848812096, 1442.335848812096, 1442.335848812096, 1442.335848812096, 1442.335848812096, 1442.335848812096, 1442.335848812096, 1442.335848812096, 1442.335848812096, 1442.335848812096, 1442.335848812096, 1442.335848812096, 1442.335848812096, 1442.335848812096, 1442.335848812096, 1442.335848812096) 

9 : 

x <- c(1443.5189557439874, 1443.5189557439874, 1443.5189557439874, 1443.5189557439874, 1443.5189557439874, 1443.5189557439874, 1443.5189557439874, 1443.5189557439874, 1443.5189557439874, 1443.5189557439874, 1443.5189557439874, 1443.5189557439874, 1443.5189557439874, 1443.5189557439874, 1443.5189557439874, 1443.5189557439874, 1443.5189557439874, 1443.5189557439874, 1443.5189557439874, 1443.5189557439874, 1443.5189557439874, 1443.5189557439874, 1443.5189557439874, 1443.5189557439874, 1443.5189557439874, 1443.5189557439874, 1443.5189557439874, 1443.5189557439874, 1443.5189557439874, 1443.5189557439874, 1443.5189557439874, 1443.5189557439874, 1443.5189557439874, 1443.5189557439874, 1443.5189557439874, 1443.5189557439874, 1443.5189557439874, 1443.5189557439874, 1443.5189557439874, 1443.5189557439874, 1443.5189557439874, 1443.5189557439874, 1443.5189557439874, 1443.5189557439874, 1443.5189557439874, 1443.5189557439874, 1443.5189557439874, 1443.5189557439874, 1443.5189557439874, 1443.5189557439874, 1443.5189557439874, 1443.5189557439874, 1443.5189557439874, 1443.5189557439874, 1443.5189557439874, 1443.5189557439874, 1443.5189557439874, 1443.5189557439874, 1443.5189557439874, 1443.5189557439874, 1443.5189557439874, 1443.5189557439874, 1443.5189557439874, 1443.5189557439874, 1443.5189557439874, 1443.5189557439874, 1443.5189557439874, 1443.5189557439874, 1443.5189557439874, 1443.5189557439874, 1443.5189557439874, 1443.5189557439874, 1443.5189557439874, 1443.5189557439874, 1443.5189557439874, 1443.5189557439874, 1443.5189557439874, 1443.5189557439874, 1443.5189557439874, 1443.5189557439874, 1443.5189557439874, 1443.5189557439874, 1443.5189557439874, 1443.5189557439874, 1443.5189557439874, 1443.5189557439874, 1443.5189557439874, 1443.5189557439874, 1443.5189557439874, 1443.5189557439874, 1443.5189557439874, 1443.5189557439874, 1443.5189557439874, 1443.5189557439874, 1443.5189557439874, 1443.5189557439874, 1443.5189557439874, 1443.5189557439874, 1443.5189557439874, 1443.5189557439874) 

10 : 

x <- c(1441.447794032868, 1441.447794032868, 1441.447794032868, 1441.447794032868, 1441.447794032868, 1441.447794032868, 1441.447794032868, 1441.447794032868, 1441.447794032868, 1441.447794032868, 1441.447794032868, 1441.447794032868, 1441.447794032868, 1441.447794032868, 1441.447794032868, 1441.447794032868, 1441.447794032868, 1441.447794032868, 1441.447794032868, 1441.447794032868, 1441.447794032868, 1441.447794032868, 1441.447794032868, 1441.447794032868, 1441.447794032868, 1441.447794032868, 1441.447794032868, 1441.447794032868, 1441.447794032868, 1441.447794032868, 1441.447794032868, 1441.447794032868, 1441.447794032868, 1441.447794032868, 1441.447794032868, 1441.447794032868, 1441.447794032868, 1441.447794032868, 1441.447794032868, 1441.447794032868, 1441.447794032868, 1441.447794032868, 1441.447794032868, 1441.447794032868, 1441.447794032868, 1441.447794032868, 1441.447794032868, 1441.447794032868, 1441.447794032868, 1441.447794032868, 1441.447794032868, 1441.447794032868, 1441.447794032868, 1441.447794032868, 1441.447794032868, 1441.447794032868, 1441.447794032868, 1441.447794032868, 1441.447794032868, 1441.447794032868, 1441.447794032868, 1441.447794032868, 1441.447794032868, 1441.447794032868, 1441.447794032868, 1441.447794032868, 1441.447794032868, 1441.447794032868, 1441.447794032868, 1441.447794032868, 1441.447794032868, 1441.447794032868, 1441.447794032868, 1441.447794032868, 1441.447794032868, 1441.447794032868, 1441.447794032868, 1441.447794032868, 1441.447794032868, 1441.447794032868, 1441.447794032868, 1441.447794032868, 1441.447794032868, 1441.447794032868, 1441.447794032868, 1441.447794032868, 1441.447794032868, 1441.447794032868, 1441.447794032868, 1441.447794032868, 1441.447794032868, 1441.447794032868, 1441.447794032868, 1441.447794032868, 1441.447794032868, 1441.447794032868, 1441.447794032868, 1441.447794032868, 1441.447794032868, 1441.447794032868) 

11 : 

x <- c(1443.755525610149, 1443.755525610149, 1443.755525610149, 1443.755525610149, 1443.755525610149, 1443.755525610149, 1443.755525610149, 1443.755525610149, 1443.755525610149, 1443.755525610149, 1443.755525610149, 1443.755525610149, 1443.755525610149, 1443.755525610149, 1443.755525610149, 1443.755525610149, 1443.755525610149, 1443.755525610149, 1443.755525610149, 1443.755525610149, 1443.755525610149, 1443.755525610149, 1443.755525610149, 1443.755525610149, 1443.755525610149, 1443.755525610149, 1443.755525610149, 1443.755525610149, 1443.755525610149, 1443.755525610149, 1443.755525610149, 1443.755525610149, 1443.755525610149, 1443.755525610149, 1443.755525610149, 1443.755525610149, 1443.755525610149, 1443.755525610149, 1443.755525610149, 1443.755525610149, 1443.755525610149, 1443.755525610149, 1443.755525610149, 1443.755525610149, 1443.755525610149, 1443.755525610149, 1443.755525610149, 1443.755525610149, 1443.755525610149, 1443.755525610149, 1443.755525610149, 1443.755525610149, 1443.755525610149, 1443.755525610149, 1443.755525610149, 1443.755525610149, 1443.755525610149, 1443.755525610149, 1443.755525610149, 1443.755525610149, 1443.755525610149, 1443.755525610149, 1443.755525610149, 1443.755525610149, 1443.755525610149, 1443.755525610149, 1443.755525610149, 1443.755525610149, 1443.755525610149, 1443.755525610149, 1443.755525610149, 1443.755525610149, 1443.755525610149, 1443.755525610149, 1443.755525610149, 1443.755525610149, 1443.755525610149, 1443.755525610149, 1443.755525610149, 1443.755525610149, 1443.755525610149, 1443.755525610149, 1443.755525610149, 1443.755525610149, 1443.755525610149, 1443.755525610149, 1443.755525610149, 1443.755525610149, 1443.755525610149, 1443.755525610149, 1443.755525610149, 1443.755525610149, 1443.755525610149, 1443.755525610149, 1443.755525610149, 1443.755525610149, 1443.755525610149, 1443.755525610149, 1443.755525610149, 1443.755525610149) 

12 : 

x <- c(1440.1086436465525, 1440.1086436465525, 1440.1086436465525, 1440.1086436465525, 1440.1086436465525, 1440.1086436465525, 1440.1086436465525, 1440.1086436465525, 1440.1086436465525, 1440.1086436465525, 1440.1086436465525, 1440.1086436465525, 1440.1086436465525, 1440.1086436465525, 1440.1086436465525, 1440.1086436465525, 1440.1086436465525, 1440.1086436465525, 1440.1086436465525, 1440.1086436465525, 1440.1086436465525, 1440.1086436465525, 1440.1086436465525, 1440.1086436465525, 1440.1086436465525, 1440.1086436465525, 1440.1086436465525, 1440.1086436465525, 1440.1086436465525, 1440.1086436465525, 1440.1086436465525, 1440.1086436465525, 1440.1086436465525, 1440.1086436465525, 1440.1086436465525, 1440.1086436465525, 1440.1086436465525, 1440.1086436465525, 1440.1086436465525, 1440.1086436465525, 1440.1086436465525, 1440.1086436465525, 1440.1086436465525, 1440.1086436465525, 1440.1086436465525, 1440.1086436465525, 1440.1086436465525, 1440.1086436465525, 1440.1086436465525, 1440.1086436465525, 1440.1086436465525, 1440.1086436465525, 1440.1086436465525, 1440.1086436465525, 1440.1086436465525, 1440.1086436465525, 1440.1086436465525, 1440.1086436465525, 1440.1086436465525, 1440.1086436465525, 1440.1086436465525, 1440.1086436465525, 1440.1086436465525, 1440.1086436465525, 1440.1086436465525, 1440.1086436465525, 1440.1086436465525, 1440.1086436465525, 1440.1086436465525, 1440.1086436465525, 1440.1086436465525, 1440.1086436465525, 1440.1086436465525, 1440.1086436465525, 1440.1086436465525, 1440.1086436465525, 1440.1086436465525, 1440.1086436465525, 1440.1086436465525, 1440.1086436465525, 1440.1086436465525, 1440.1086436465525, 1440.1086436465525, 1440.1086436465525, 1440.1086436465525, 1440.1086436465525, 1440.1086436465525, 1440.1086436465525, 1440.1086436465525, 1440.1086436465525, 1440.1086436465525, 1440.1086436465525, 1440.1086436465525, 1440.1086436465525, 1440.1086436465525, 1440.1086436465525, 1440.1086436465525, 1440.1086436465525, 1440.1086436465525, 1440.1086436465525) 

13 : 

x <- c(1440.7962460925044, 1440.7962460925044, 1440.7962460925044, 1440.7962460925044, 1440.7962460925044, 1440.7962460925044, 1440.7962460925044, 1440.7962460925044, 1440.7962460925044, 1440.7962460925044, 1440.7962460925044, 1440.7962460925044, 1440.7962460925044, 1440.7962460925044, 1440.7962460925044, 1440.7962460925044, 1440.7962460925044, 1440.7962460925044, 1440.7962460925044, 1440.7962460925044, 1440.7962460925044, 1440.7962460925044, 1440.7962460925044, 1440.7962460925044, 1440.7962460925044, 1440.7962460925044, 1440.7962460925044, 1440.7962460925044, 1440.7962460925044, 1440.7962460925044, 1440.7962460925044, 1440.7962460925044, 1440.7962460925044, 1440.7962460925044, 1440.7962460925044, 1440.7962460925044, 1440.7962460925044, 1440.7962460925044, 1440.7962460925044, 1440.7962460925044, 1440.7962460925044, 1440.7962460925044, 1440.7962460925044, 1440.7962460925044, 1440.7962460925044, 1440.7962460925044, 1440.7962460925044, 1440.7962460925044, 1440.7962460925044, 1440.7962460925044, 1440.7962460925044, 1440.7962460925044, 1440.7962460925044, 1440.7962460925044, 1440.7962460925044, 1440.7962460925044, 1440.7962460925044, 1440.7962460925044, 1440.7962460925044, 1440.7962460925044, 1440.7962460925044, 1440.7962460925044, 1440.7962460925044, 1440.7962460925044, 1440.7962460925044, 1440.7962460925044, 1440.7962460925044, 1440.7962460925044, 1440.7962460925044, 1440.7962460925044, 1440.7962460925044, 1440.7962460925044, 1440.7962460925044, 1440.7962460925044, 1440.7962460925044, 1440.7962460925044, 1440.7962460925044, 1440.7962460925044, 1440.7962460925044, 1440.7962460925044, 1440.7962460925044, 1440.7962460925044, 1440.7962460925044, 1440.7962460925044, 1440.7962460925044, 1440.7962460925044, 1440.7962460925044, 1440.7962460925044, 1440.7962460925044, 1440.7962460925044, 1440.7962460925044, 1440.7962460925044, 1440.7962460925044, 1440.7962460925044, 1440.7962460925044, 1440.7962460925044, 1440.7962460925044, 1440.7962460925044, 1440.7962460925044, 1440.7962460925044) 

14 : 

x <- c(1443.9279360326693, 1443.9279360326693, 1443.9279360326693, 1443.9279360326693, 1443.9279360326693, 1443.9279360326693, 1443.9279360326693, 1443.9279360326693, 1443.9279360326693, 1443.9279360326693, 1443.9279360326693, 1443.9279360326693, 1443.9279360326693, 1443.9279360326693, 1443.9279360326693, 1443.9279360326693, 1443.9279360326693, 1443.9279360326693, 1443.9279360326693, 1443.9279360326693, 1443.9279360326693, 1443.9279360326693, 1443.9279360326693, 1443.9279360326693, 1443.9279360326693, 1443.9279360326693, 1443.9279360326693, 1443.9279360326693, 1443.9279360326693, 1443.9279360326693, 1443.9279360326693, 1443.9279360326693, 1443.9279360326693, 1443.9279360326693, 1443.9279360326693, 1443.9279360326693, 1443.9279360326693, 1443.9279360326693, 1443.9279360326693, 1443.9279360326693, 1443.9279360326693, 1443.9279360326693, 1443.9279360326693, 1443.9279360326693, 1443.9279360326693, 1443.9279360326693, 1443.9279360326693, 1443.9279360326693, 1443.9279360326693, 1443.9279360326693, 1443.9279360326693, 1443.9279360326693, 1443.9279360326693, 1443.9279360326693, 1443.9279360326693, 1443.9279360326693, 1443.9279360326693, 1443.9279360326693, 1443.9279360326693, 1443.9279360326693, 1443.9279360326693, 1443.9279360326693, 1443.9279360326693, 1443.9279360326693, 1443.9279360326693, 1443.9279360326693, 1443.9279360326693, 1443.9279360326693, 1443.9279360326693, 1443.9279360326693, 1443.9279360326693, 1443.9279360326693, 1443.9279360326693, 1443.9279360326693, 1443.9279360326693, 1443.9279360326693, 1443.9279360326693, 1443.9279360326693, 1443.9279360326693, 1443.9279360326693, 1443.9279360326693, 1443.9279360326693, 1443.9279360326693, 1443.9279360326693, 1443.9279360326693, 1443.9279360326693, 1443.9279360326693, 1443.9279360326693, 1443.9279360326693, 1443.9279360326693, 1443.9279360326693, 1443.9279360326693, 1443.9279360326693, 1443.9279360326693, 1443.9279360326693, 1443.9279360326693, 1443.9279360326693, 1443.9279360326693, 1443.9279360326693, 1443.9279360326693) 

15 : 

x <- c(1445.0968964577914, 1445.0968964577914, 1445.0968964577914, 1445.0968964577914, 1445.0968964577914, 1445.0968964577914, 1445.0968964577914, 1445.0968964577914, 1445.0968964577914, 1445.0968964577914, 1445.0968964577914, 1445.0968964577914, 1445.0968964577914, 1445.0968964577914, 1445.0968964577914, 1445.0968964577914, 1445.0968964577914, 1445.0968964577914, 1445.0968964577914, 1445.0968964577914, 1445.0968964577914, 1445.0968964577914, 1445.0968964577914, 1445.0968964577914, 1445.0968964577914, 1445.0968964577914, 1445.0968964577914, 1445.0968964577914, 1445.0968964577914, 1445.0968964577914, 1445.0968964577914, 1445.0968964577914, 1445.0968964577914, 1445.0968964577914, 1445.0968964577914, 1445.0968964577914, 1445.0968964577914, 1445.0968964577914, 1445.0968964577914, 1445.0968964577914, 1445.0968964577914, 1445.0968964577914, 1445.0968964577914, 1445.0968964577914, 1445.0968964577914, 1445.0968964577914, 1445.0968964577914, 1445.0968964577914, 1445.0968964577914, 1445.0968964577914, 1445.0968964577914, 1445.0968964577914, 1445.0968964577914, 1445.0968964577914, 1445.0968964577914, 1445.0968964577914, 1445.0968964577914, 1445.0968964577914, 1445.0968964577914, 1445.0968964577914, 1445.0968964577914, 1445.0968964577914, 1445.0968964577914, 1445.0968964577914, 1445.0968964577914, 1445.0968964577914, 1445.0968964577914, 1445.0968964577914, 1445.0968964577914, 1445.0968964577914, 1445.0968964577914, 1445.0968964577914, 1445.0968964577914, 1445.0968964577914, 1445.0968964577914, 1445.0968964577914, 1445.0968964577914, 1445.0968964577914, 1445.0968964577914, 1445.0968964577914, 1445.0968964577914, 1445.0968964577914, 1445.0968964577914, 1445.0968964577914, 1445.0968964577914, 1445.0968964577914, 1445.0968964577914, 1445.0968964577914, 1445.0968964577914, 1445.0968964577914, 1445.0968964577914, 1445.0968964577914, 1445.0968964577914, 1445.0968964577914, 1445.0968964577914, 1445.0968964577914, 1445.0968964577914, 1445.0968964577914, 1445.0968964577914, 1445.0968964577914) 

16 : 

x <- c(1441.5831064219626, 1441.5831064219626, 1441.5831064219626, 1441.5831064219626, 1441.5831064219626, 1441.5831064219626, 1441.5831064219626, 1441.5831064219626, 1441.5831064219626, 1441.5831064219626, 1441.5831064219626, 1441.5831064219626, 1441.5831064219626, 1441.5831064219626, 1441.5831064219626, 1441.5831064219626, 1441.5831064219626, 1441.5831064219626, 1441.5831064219626, 1441.5831064219626, 1441.5831064219626, 1441.5831064219626, 1441.5831064219626, 1441.5831064219626, 1441.5831064219626, 1441.5831064219626, 1441.5831064219626, 1441.5831064219626, 1441.5831064219626, 1441.5831064219626, 1441.5831064219626, 1441.5831064219626, 1441.5831064219626, 1441.5831064219626, 1441.5831064219626, 1441.5831064219626, 1441.5831064219626, 1441.5831064219626, 1441.5831064219626, 1441.5831064219626, 1441.5831064219626, 1441.5831064219626, 1441.5831064219626, 1441.5831064219626, 1441.5831064219626, 1441.5831064219626, 1441.5831064219626, 1441.5831064219626, 1441.5831064219626, 1441.5831064219626, 1441.5831064219626, 1441.5831064219626, 1441.5831064219626, 1441.5831064219626, 1441.5831064219626, 1441.5831064219626, 1441.5831064219626, 1441.5831064219626, 1441.5831064219626, 1441.5831064219626, 1441.5831064219626, 1441.5831064219626, 1441.5831064219626, 1441.5831064219626, 1441.5831064219626, 1441.5831064219626, 1441.5831064219626, 1441.5831064219626, 1441.5831064219626, 1441.5831064219626, 1441.5831064219626, 1441.5831064219626, 1441.5831064219626, 1441.5831064219626, 1441.5831064219626, 1441.5831064219626, 1441.5831064219626, 1441.5831064219626, 1441.5831064219626, 1441.5831064219626, 1441.5831064219626, 1441.5831064219626, 1441.5831064219626, 1441.5831064219626, 1441.5831064219626, 1441.5831064219626, 1441.5831064219626, 1441.5831064219626, 1441.5831064219626, 1441.5831064219626, 1441.5831064219626, 1441.5831064219626, 1441.5831064219626, 1441.5831064219626, 1441.5831064219626, 1441.5831064219626, 1441.5831064219626, 1441.5831064219626, 1441.5831064219626, 1441.5831064219626) 

17 : 

x <- c(1448.919500658606, 1448.919500658606, 1448.919500658606, 1448.919500658606, 1448.919500658606, 1448.919500658606, 1448.919500658606, 1448.919500658606, 1448.919500658606, 1448.919500658606, 1448.919500658606, 1448.919500658606, 1448.919500658606, 1448.919500658606, 1448.919500658606, 1448.919500658606, 1448.919500658606, 1448.919500658606, 1448.919500658606, 1448.919500658606, 1448.919500658606, 1448.919500658606, 1448.919500658606, 1448.919500658606, 1448.919500658606, 1448.919500658606, 1448.919500658606, 1448.919500658606, 1448.919500658606, 1448.919500658606, 1448.919500658606, 1448.919500658606, 1448.919500658606, 1448.919500658606, 1448.919500658606, 1448.919500658606, 1448.919500658606, 1448.919500658606, 1448.919500658606, 1448.919500658606, 1448.919500658606, 1448.919500658606, 1448.919500658606, 1448.919500658606, 1448.919500658606, 1448.919500658606, 1448.919500658606, 1448.919500658606, 1448.919500658606, 1448.919500658606, 1448.919500658606, 1448.919500658606, 1448.919500658606, 1448.919500658606, 1448.919500658606, 1448.919500658606, 1448.919500658606, 1448.919500658606, 1448.919500658606, 1448.919500658606, 1448.919500658606, 1448.919500658606, 1448.919500658606, 1448.919500658606, 1448.919500658606, 1448.919500658606, 1448.919500658606, 1448.919500658606, 1448.919500658606, 1448.919500658606, 1448.919500658606, 1448.919500658606, 1448.919500658606, 1448.919500658606, 1448.919500658606, 1448.919500658606, 1448.919500658606, 1448.919500658606, 1448.919500658606, 1448.919500658606, 1448.919500658606, 1448.919500658606, 1448.919500658606, 1448.919500658606, 1448.919500658606, 1448.919500658606, 1448.919500658606, 1448.919500658606, 1448.919500658606, 1448.919500658606, 1448.919500658606, 1448.919500658606, 1448.919500658606, 1448.919500658606, 1448.919500658606, 1448.919500658606, 1448.919500658606, 1448.919500658606, 1448.919500658606, 1448.919500658606) 

18 : 

x <- c(1443.2746838086457, 1443.2746838086457, 1443.2746838086457, 1443.2746838086457, 1443.2746838086457, 1443.2746838086457, 1443.2746838086457, 1443.2746838086457, 1443.2746838086457, 1443.2746838086457, 1443.2746838086457, 1443.2746838086457, 1443.2746838086457, 1443.2746838086457, 1443.2746838086457, 1443.2746838086457, 1443.2746838086457, 1443.2746838086457, 1443.2746838086457, 1443.2746838086457, 1443.2746838086457, 1443.2746838086457, 1443.2746838086457, 1443.2746838086457, 1443.2746838086457, 1443.2746838086457, 1443.2746838086457, 1443.2746838086457, 1443.2746838086457, 1443.2746838086457, 1443.2746838086457, 1443.2746838086457, 1443.2746838086457, 1443.2746838086457, 1443.2746838086457, 1443.2746838086457, 1443.2746838086457, 1443.2746838086457, 1443.2746838086457, 1443.2746838086457, 1443.2746838086457, 1443.2746838086457, 1443.2746838086457, 1443.2746838086457, 1443.2746838086457, 1443.2746838086457, 1443.2746838086457, 1443.2746838086457, 1443.2746838086457, 1443.2746838086457, 1443.2746838086457, 1443.2746838086457, 1443.2746838086457, 1443.2746838086457, 1443.2746838086457, 1443.2746838086457, 1443.2746838086457, 1443.2746838086457, 1443.2746838086457, 1443.2746838086457, 1443.2746838086457, 1443.2746838086457, 1443.2746838086457, 1443.2746838086457, 1443.2746838086457, 1443.2746838086457, 1443.2746838086457, 1443.2746838086457, 1443.2746838086457, 1443.2746838086457, 1443.2746838086457, 1443.2746838086457, 1443.2746838086457, 1443.2746838086457, 1443.2746838086457, 1443.2746838086457, 1443.2746838086457, 1443.2746838086457, 1443.2746838086457, 1443.2746838086457, 1443.2746838086457, 1443.2746838086457, 1443.2746838086457, 1443.2746838086457, 1443.2746838086457, 1443.2746838086457, 1443.2746838086457, 1443.2746838086457, 1443.2746838086457, 1443.2746838086457, 1443.2746838086457, 1443.2746838086457, 1443.2746838086457, 1443.2746838086457, 1443.2746838086457, 1443.2746838086457, 1443.2746838086457, 1443.2746838086457, 1443.2746838086457, 1443.2746838086457) 

19 : 

x <- c(1442.1998579794192, 1442.1998579794192, 1442.1998579794192, 1442.1998579794192, 1442.1998579794192, 1442.1998579794192, 1442.1998579794192, 1442.1998579794192, 1442.1998579794192, 1442.1998579794192, 1442.1998579794192, 1442.1998579794192, 1442.1998579794192, 1442.1998579794192, 1442.1998579794192, 1442.1998579794192, 1442.1998579794192, 1442.1998579794192, 1442.1998579794192, 1442.1998579794192, 1442.1998579794192, 1442.1998579794192, 1442.1998579794192, 1442.1998579794192, 1442.1998579794192, 1442.1998579794192, 1442.1998579794192, 1442.1998579794192, 1442.1998579794192, 1442.1998579794192, 1442.1998579794192, 1442.1998579794192, 1442.1998579794192, 1442.1998579794192, 1442.1998579794192, 1442.1998579794192, 1442.1998579794192, 1442.1998579794192, 1442.1998579794192, 1442.1998579794192, 1442.1998579794192, 1442.1998579794192, 1442.1998579794192, 1442.1998579794192, 1442.1998579794192, 1442.1998579794192, 1442.1998579794192, 1442.1998579794192, 1442.1998579794192, 1442.1998579794192, 1442.1998579794192, 1442.1998579794192, 1442.1998579794192, 1442.1998579794192, 1442.1998579794192, 1442.1998579794192, 1442.1998579794192, 1442.1998579794192, 1442.1998579794192, 1442.1998579794192, 1442.1998579794192, 1442.1998579794192, 1442.1998579794192, 1442.1998579794192, 1442.1998579794192, 1442.1998579794192, 1442.1998579794192, 1442.1998579794192, 1442.1998579794192, 1442.1998579794192, 1442.1998579794192, 1442.1998579794192, 1442.1998579794192, 1442.1998579794192, 1442.1998579794192, 1442.1998579794192, 1442.1998579794192, 1442.1998579794192, 1442.1998579794192, 1442.1998579794192, 1442.1998579794192, 1442.1998579794192, 1442.1998579794192, 1442.1998579794192, 1442.1998579794192, 1442.1998579794192, 1442.1998579794192, 1442.1998579794192, 1442.1998579794192, 1442.1998579794192, 1442.1998579794192, 1442.1998579794192, 1442.1998579794192, 1442.1998579794192, 1442.1998579794192, 1442.1998579794192, 1442.1998579794192, 1442.1998579794192, 1442.1998579794192, 1442.1998579794192) 

20 : 

x <- c(1442.576884837243, 1442.576884837243, 1442.576884837243, 1442.576884837243, 1442.576884837243, 1442.576884837243, 1442.576884837243, 1442.576884837243, 1442.576884837243, 1442.576884837243, 1442.576884837243, 1442.576884837243, 1442.576884837243, 1442.576884837243, 1442.576884837243, 1442.576884837243, 1442.576884837243, 1442.576884837243, 1442.576884837243, 1442.576884837243, 1442.576884837243, 1442.576884837243, 1442.576884837243, 1442.576884837243, 1442.576884837243, 1442.576884837243, 1442.576884837243, 1442.576884837243, 1442.576884837243, 1442.576884837243, 1442.576884837243, 1442.576884837243, 1442.576884837243, 1442.576884837243, 1442.576884837243, 1442.576884837243, 1442.576884837243, 1442.576884837243, 1442.576884837243, 1442.576884837243, 1442.576884837243, 1442.576884837243, 1442.576884837243, 1442.576884837243, 1442.576884837243, 1442.576884837243, 1442.576884837243, 1442.576884837243, 1442.576884837243, 1442.576884837243, 1442.576884837243, 1442.576884837243, 1442.576884837243, 1442.576884837243, 1442.576884837243, 1442.576884837243, 1442.576884837243, 1442.576884837243, 1442.576884837243, 1442.576884837243, 1442.576884837243, 1442.576884837243, 1442.576884837243, 1442.576884837243, 1442.576884837243, 1442.576884837243, 1442.576884837243, 1442.576884837243, 1442.576884837243, 1442.576884837243, 1442.576884837243, 1442.576884837243, 1442.576884837243, 1442.576884837243, 1442.576884837243, 1442.576884837243, 1442.576884837243, 1442.576884837243, 1442.576884837243, 1442.576884837243, 1442.576884837243, 1442.576884837243, 1442.576884837243, 1442.576884837243, 1442.576884837243, 1442.576884837243, 1442.576884837243, 1442.576884837243, 1442.576884837243, 1442.576884837243, 1442.576884837243, 1442.576884837243, 1442.576884837243, 1442.576884837243, 1442.576884837243, 1442.576884837243, 1442.576884837243, 1442.576884837243, 1442.576884837243, 1442.576884837243) 

21 : 

x <- c(1441.5564888464905, 1441.5564888464905, 1441.5564888464905, 1441.5564888464905, 1441.5564888464905, 1441.5564888464905, 1441.5564888464905, 1441.5564888464905, 1441.5564888464905, 1441.5564888464905, 1441.5564888464905, 1441.5564888464905, 1441.5564888464905, 1441.5564888464905, 1441.5564888464905, 1441.5564888464905, 1441.5564888464905, 1441.5564888464905, 1441.5564888464905, 1441.5564888464905, 1441.5564888464905, 1441.5564888464905, 1441.5564888464905, 1441.5564888464905, 1441.5564888464905, 1441.5564888464905, 1441.5564888464905, 1441.5564888464905, 1441.5564888464905, 1441.5564888464905, 1441.5564888464905, 1441.5564888464905, 1441.5564888464905, 1441.5564888464905, 1441.5564888464905, 1441.5564888464905, 1441.5564888464905, 1441.5564888464905, 1441.5564888464905, 1441.5564888464905, 1441.5564888464905, 1441.5564888464905, 1441.5564888464905, 1441.5564888464905, 1441.5564888464905, 1441.5564888464905, 1441.5564888464905, 1441.5564888464905, 1441.5564888464905, 1441.5564888464905, 1441.5564888464905, 1441.5564888464905, 1441.5564888464905, 1441.5564888464905, 1441.5564888464905, 1441.5564888464905, 1441.5564888464905, 1441.5564888464905, 1441.5564888464905, 1441.5564888464905, 1441.5564888464905, 1441.5564888464905, 1441.5564888464905, 1441.5564888464905, 1441.5564888464905, 1441.5564888464905, 1441.5564888464905, 1441.5564888464905, 1441.5564888464905, 1441.5564888464905, 1441.5564888464905, 1441.5564888464905, 1441.5564888464905, 1441.5564888464905, 1441.5564888464905, 1441.5564888464905, 1441.5564888464905, 1441.5564888464905, 1441.5564888464905, 1441.5564888464905, 1441.5564888464905, 1441.5564888464905, 1441.5564888464905, 1441.5564888464905, 1441.5564888464905, 1441.5564888464905, 1441.5564888464905, 1441.5564888464905, 1441.5564888464905, 1441.5564888464905, 1441.5564888464905, 1441.5564888464905, 1441.5564888464905, 1441.5564888464905, 1441.5564888464905, 1441.5564888464905, 1441.5564888464905, 1441.5564888464905, 1441.5564888464905, 1441.5564888464905) 

22 : 

x <- c(1445.7586978941165, 1445.7586978941165, 1445.7586978941165, 1445.7586978941165, 1445.7586978941165, 1445.7586978941165, 1445.7586978941165, 1445.7586978941165, 1445.7586978941165, 1445.7586978941165, 1445.7586978941165, 1445.7586978941165, 1445.7586978941165, 1445.7586978941165, 1445.7586978941165, 1445.7586978941165, 1445.7586978941165, 1445.7586978941165, 1445.7586978941165, 1445.7586978941165, 1445.7586978941165, 1445.7586978941165, 1445.7586978941165, 1445.7586978941165, 1445.7586978941165, 1445.7586978941165, 1445.7586978941165, 1445.7586978941165, 1445.7586978941165, 1445.7586978941165, 1445.7586978941165, 1445.7586978941165, 1445.7586978941165, 1445.7586978941165, 1445.7586978941165, 1445.7586978941165, 1445.7586978941165, 1445.7586978941165, 1445.7586978941165, 1445.7586978941165, 1445.7586978941165, 1445.7586978941165, 1445.7586978941165, 1445.7586978941165, 1445.7586978941165, 1445.7586978941165, 1445.7586978941165, 1445.7586978941165, 1445.7586978941165, 1445.7586978941165, 1445.7586978941165, 1445.7586978941165, 1445.7586978941165, 1445.7586978941165, 1445.7586978941165, 1445.7586978941165, 1445.7586978941165, 1445.7586978941165, 1445.7586978941165, 1445.7586978941165, 1445.7586978941165, 1445.7586978941165, 1445.7586978941165, 1445.7586978941165, 1445.7586978941165, 1445.7586978941165, 1445.7586978941165, 1445.7586978941165, 1445.7586978941165, 1445.7586978941165, 1445.7586978941165, 1445.7586978941165, 1445.7586978941165, 1445.7586978941165, 1445.7586978941165, 1445.7586978941165, 1445.7586978941165, 1445.7586978941165, 1445.7586978941165, 1445.7586978941165, 1445.7586978941165, 1445.7586978941165, 1445.7586978941165, 1445.7586978941165, 1445.7586978941165, 1445.7586978941165, 1445.7586978941165, 1445.7586978941165, 1445.7586978941165, 1445.7586978941165, 1445.7586978941165, 1445.7586978941165, 1445.7586978941165, 1445.7586978941165, 1445.7586978941165, 1445.7586978941165, 1445.7586978941165, 1445.7586978941165, 1445.7586978941165, 1445.7586978941165) 

23 : 

x <- c(1443.671465842295, 1443.671465842295, 1443.671465842295, 1443.671465842295, 1443.671465842295, 1443.671465842295, 1443.671465842295, 1443.671465842295, 1443.671465842295, 1443.671465842295, 1443.671465842295, 1443.671465842295, 1443.671465842295, 1443.671465842295, 1443.671465842295, 1443.671465842295, 1443.671465842295, 1443.671465842295, 1443.671465842295, 1443.671465842295, 1443.671465842295, 1443.671465842295, 1443.671465842295, 1443.671465842295, 1443.671465842295, 1443.671465842295, 1443.671465842295, 1443.671465842295, 1443.671465842295, 1443.671465842295, 1443.671465842295, 1443.671465842295, 1443.671465842295, 1443.671465842295, 1443.671465842295, 1443.671465842295, 1443.671465842295, 1443.671465842295, 1443.671465842295, 1443.671465842295, 1443.671465842295, 1443.671465842295, 1443.671465842295, 1443.671465842295, 1443.671465842295, 1443.671465842295, 1443.671465842295, 1443.671465842295, 1443.671465842295, 1443.671465842295, 1443.671465842295, 1443.671465842295, 1443.671465842295, 1443.671465842295, 1443.671465842295, 1443.671465842295, 1443.671465842295, 1443.671465842295, 1443.671465842295, 1443.671465842295, 1443.671465842295, 1443.671465842295, 1443.671465842295, 1443.671465842295, 1443.671465842295, 1443.671465842295, 1443.671465842295, 1443.671465842295, 1443.671465842295, 1443.671465842295, 1443.671465842295, 1443.671465842295, 1443.671465842295, 1443.671465842295, 1443.671465842295, 1443.671465842295, 1443.671465842295, 1443.671465842295, 1443.671465842295, 1443.671465842295, 1443.671465842295, 1443.671465842295, 1443.671465842295, 1443.671465842295, 1443.671465842295, 1443.671465842295, 1443.671465842295, 1443.671465842295, 1443.671465842295, 1443.671465842295, 1443.671465842295, 1443.671465842295, 1443.671465842295, 1443.671465842295, 1443.671465842295, 1443.671465842295, 1443.671465842295, 1443.671465842295, 1443.671465842295, 1443.671465842295) 

24 : 

x <- c(1440.6456815787312, 1440.6456815787312, 1440.6456815787312, 1440.6456815787312, 1440.6456815787312, 1440.6456815787312, 1440.6456815787312, 1440.6456815787312, 1440.6456815787312, 1440.6456815787312, 1440.6456815787312, 1440.6456815787312, 1440.6456815787312, 1440.6456815787312, 1440.6456815787312, 1440.6456815787312, 1440.6456815787312, 1440.6456815787312, 1440.6456815787312, 1440.6456815787312, 1440.6456815787312, 1440.6456815787312, 1440.6456815787312, 1440.6456815787312, 1440.6456815787312, 1440.6456815787312, 1440.6456815787312, 1440.6456815787312, 1440.6456815787312, 1440.6456815787312, 1440.6456815787312, 1440.6456815787312, 1440.6456815787312, 1440.6456815787312, 1440.6456815787312, 1440.6456815787312, 1440.6456815787312, 1440.6456815787312, 1440.6456815787312, 1440.6456815787312, 1440.6456815787312, 1440.6456815787312, 1440.6456815787312, 1440.6456815787312, 1440.6456815787312, 1440.6456815787312, 1440.6456815787312, 1440.6456815787312, 1440.6456815787312, 1440.6456815787312, 1440.6456815787312, 1440.6456815787312, 1440.6456815787312, 1440.6456815787312, 1440.6456815787312, 1440.6456815787312, 1440.6456815787312, 1440.6456815787312, 1440.6456815787312, 1440.6456815787312, 1440.6456815787312, 1440.6456815787312, 1440.6456815787312, 1440.6456815787312, 1440.6456815787312, 1440.6456815787312, 1440.6456815787312, 1440.6456815787312, 1440.6456815787312, 1440.6456815787312, 1440.6456815787312, 1440.6456815787312, 1440.6456815787312, 1440.6456815787312, 1440.6456815787312, 1440.6456815787312, 1440.6456815787312, 1440.6456815787312, 1440.6456815787312, 1440.6456815787312, 1440.6456815787312, 1440.6456815787312, 1440.6456815787312, 1440.6456815787312, 1440.6456815787312, 1440.6456815787312, 1440.6456815787312, 1440.6456815787312, 1440.6456815787312, 1440.6456815787312, 1440.6456815787312, 1440.6456815787312, 1440.6456815787312, 1440.6456815787312, 1440.6456815787312, 1440.6456815787312, 1440.6456815787312, 1440.6456815787312, 1440.6456815787312, 1440.6456815787312) 

25 : 

x <- c(1446.417999645461, 1446.417999645461, 1446.417999645461, 1446.417999645461, 1446.417999645461, 1446.417999645461, 1446.417999645461, 1446.417999645461, 1446.417999645461, 1446.417999645461, 1446.417999645461, 1446.417999645461, 1446.417999645461, 1446.417999645461, 1446.417999645461, 1446.417999645461, 1446.417999645461, 1446.417999645461, 1446.417999645461, 1446.417999645461, 1446.417999645461, 1446.417999645461, 1446.417999645461, 1446.417999645461, 1446.417999645461, 1446.417999645461, 1446.417999645461, 1446.417999645461, 1446.417999645461, 1446.417999645461, 1446.417999645461, 1446.417999645461, 1446.417999645461, 1446.417999645461, 1446.417999645461, 1446.417999645461, 1446.417999645461, 1446.417999645461, 1446.417999645461, 1446.417999645461, 1446.417999645461, 1446.417999645461, 1446.417999645461, 1446.417999645461, 1446.417999645461, 1446.417999645461, 1446.417999645461, 1446.417999645461, 1446.417999645461, 1446.417999645461, 1446.417999645461, 1446.417999645461, 1446.417999645461, 1446.417999645461, 1446.417999645461, 1446.417999645461, 1446.417999645461, 1446.417999645461, 1446.417999645461, 1446.417999645461, 1446.417999645461, 1446.417999645461, 1446.417999645461, 1446.417999645461, 1446.417999645461, 1446.417999645461, 1446.417999645461, 1446.417999645461, 1446.417999645461, 1446.417999645461, 1446.417999645461, 1446.417999645461, 1446.417999645461, 1446.417999645461, 1446.417999645461, 1446.417999645461, 1446.417999645461, 1446.417999645461, 1446.417999645461, 1446.417999645461, 1446.417999645461, 1446.417999645461, 1446.417999645461, 1446.417999645461, 1446.417999645461, 1446.417999645461, 1446.417999645461, 1446.417999645461, 1446.417999645461, 1446.417999645461, 1446.417999645461, 1446.417999645461, 1446.417999645461, 1446.417999645461, 1446.417999645461, 1446.417999645461, 1446.417999645461, 1446.417999645461, 1446.417999645461, 1446.417999645461) 

26 : 

x <- c(1439.283457440557, 1439.283457440557, 1439.283457440557, 1439.283457440557, 1439.283457440557, 1439.283457440557, 1439.283457440557, 1439.283457440557, 1439.283457440557, 1439.283457440557, 1439.283457440557, 1439.283457440557, 1439.283457440557, 1439.283457440557, 1439.283457440557, 1439.283457440557, 1439.283457440557, 1439.283457440557, 1439.283457440557, 1439.283457440557, 1439.283457440557, 1439.283457440557, 1439.283457440557, 1439.283457440557, 1439.283457440557, 1439.283457440557, 1439.283457440557, 1439.283457440557, 1439.283457440557, 1439.283457440557, 1439.283457440557, 1439.283457440557, 1439.283457440557, 1439.283457440557, 1439.283457440557, 1439.283457440557, 1439.283457440557, 1439.283457440557, 1439.283457440557, 1439.283457440557, 1439.283457440557, 1439.283457440557, 1439.283457440557, 1439.283457440557, 1439.283457440557, 1439.283457440557, 1439.283457440557, 1439.283457440557, 1439.283457440557, 1439.283457440557, 1439.283457440557, 1439.283457440557, 1439.283457440557, 1439.283457440557, 1439.283457440557, 1439.283457440557, 1439.283457440557, 1439.283457440557, 1439.283457440557, 1439.283457440557, 1439.283457440557, 1439.283457440557, 1439.283457440557, 1439.283457440557, 1439.283457440557, 1439.283457440557, 1439.283457440557, 1439.283457440557, 1439.283457440557, 1439.283457440557, 1439.283457440557, 1439.283457440557, 1439.283457440557, 1439.283457440557, 1439.283457440557, 1439.283457440557, 1439.283457440557, 1439.283457440557, 1439.283457440557, 1439.283457440557, 1439.283457440557, 1439.283457440557, 1439.283457440557, 1439.283457440557, 1439.283457440557, 1439.283457440557, 1439.283457440557, 1439.283457440557, 1439.283457440557, 1439.283457440557, 1439.283457440557, 1439.283457440557, 1439.283457440557, 1439.283457440557, 1439.283457440557, 1439.283457440557, 1439.283457440557, 1439.283457440557, 1439.283457440557, 1439.283457440557) 

27 : 

x <- c(1455.7062847798231, 1455.7062847798231, 1455.7062847798231, 1455.7062847798231, 1455.7062847798231, 1455.7062847798231, 1455.7062847798231, 1455.7062847798231, 1455.7062847798231, 1455.7062847798231, 1455.7062847798231, 1455.7062847798231, 1455.7062847798231, 1455.7062847798231, 1455.7062847798231, 1455.7062847798231, 1455.7062847798231, 1455.7062847798231, 1455.7062847798231, 1455.7062847798231, 1455.7062847798231, 1455.7062847798231, 1455.7062847798231, 1455.7062847798231, 1455.7062847798231, 1455.7062847798231, 1455.7062847798231, 1455.7062847798231, 1455.7062847798231, 1455.7062847798231, 1455.7062847798231, 1455.7062847798231, 1455.7062847798231, 1455.7062847798231, 1455.7062847798231, 1455.7062847798231, 1455.7062847798231, 1455.7062847798231, 1455.7062847798231, 1455.7062847798231, 1455.7062847798231, 1455.7062847798231, 1455.7062847798231, 1455.7062847798231, 1455.7062847798231, 1455.7062847798231, 1455.7062847798231, 1455.7062847798231, 1455.7062847798231, 1455.7062847798231, 1455.7062847798231, 1455.7062847798231, 1455.7062847798231, 1455.7062847798231, 1455.7062847798231, 1455.7062847798231, 1455.7062847798231, 1455.7062847798231, 1455.7062847798231, 1455.7062847798231, 1455.7062847798231, 1455.7062847798231, 1455.7062847798231, 1455.7062847798231, 1455.7062847798231, 1455.7062847798231, 1455.7062847798231, 1455.7062847798231, 1455.7062847798231, 1455.7062847798231, 1455.7062847798231, 1455.7062847798231, 1455.7062847798231, 1455.7062847798231, 1455.7062847798231, 1455.7062847798231, 1455.7062847798231, 1455.7062847798231, 1455.7062847798231, 1455.7062847798231, 1455.7062847798231, 1455.7062847798231, 1455.7062847798231, 1455.7062847798231, 1455.7062847798231, 1455.7062847798231, 1455.7062847798231, 1455.7062847798231, 1455.7062847798231, 1455.7062847798231, 1455.7062847798231, 1455.7062847798231, 1455.7062847798231, 1455.7062847798231, 1455.7062847798231, 1455.7062847798231, 1455.7062847798231, 1455.7062847798231, 1455.7062847798231, 1455.7062847798231) 

28 : 

x <- c(1439.2765501048277, 1439.2765501048277, 1439.2765501048277, 1439.2765501048277, 1439.2765501048277, 1439.2765501048277, 1439.2765501048277, 1439.2765501048277, 1439.2765501048277, 1439.2765501048277, 1439.2765501048277, 1439.2765501048277, 1439.2765501048277, 1439.2765501048277, 1439.2765501048277, 1439.2765501048277, 1439.2765501048277, 1439.2765501048277, 1439.2765501048277, 1439.2765501048277, 1439.2765501048277, 1439.2765501048277, 1439.2765501048277, 1439.2765501048277, 1439.2765501048277, 1439.2765501048277, 1439.2765501048277, 1439.2765501048277, 1439.2765501048277, 1439.2765501048277, 1439.2765501048277, 1439.2765501048277, 1439.2765501048277, 1439.2765501048277, 1439.2765501048277, 1439.2765501048277, 1439.2765501048277, 1439.2765501048277, 1439.2765501048277, 1439.2765501048277, 1439.2765501048277, 1439.2765501048277, 1439.2765501048277, 1439.2765501048277, 1439.2765501048277, 1439.2765501048277, 1439.2765501048277, 1439.2765501048277, 1439.2765501048277, 1439.2765501048277, 1439.2765501048277, 1439.2765501048277, 1439.2765501048277, 1439.2765501048277, 1439.2765501048277, 1439.2765501048277, 1439.2765501048277, 1439.2765501048277, 1439.2765501048277, 1439.2765501048277, 1439.2765501048277, 1439.2765501048277, 1439.2765501048277, 1439.2765501048277, 1439.2765501048277, 1439.2765501048277, 1439.2765501048277, 1439.2765501048277, 1439.2765501048277, 1439.2765501048277, 1439.2765501048277, 1439.2765501048277, 1439.2765501048277, 1439.2765501048277, 1439.2765501048277, 1439.2765501048277, 1439.2765501048277, 1439.2765501048277, 1439.2765501048277, 1439.2765501048277, 1439.2765501048277, 1439.2765501048277, 1439.2765501048277, 1439.2765501048277, 1439.2765501048277, 1439.2765501048277, 1439.2765501048277, 1439.2765501048277, 1439.2765501048277, 1439.2765501048277, 1439.2765501048277, 1439.2765501048277, 1439.2765501048277, 1439.2765501048277, 1439.2765501048277, 1439.2765501048277, 1439.2765501048277, 1439.2765501048277, 1439.2765501048277, 1439.2765501048277) 

29 : 

x <- c(1442.2012939948622, 1442.2012939948622, 1442.2012939948622, 1442.2012939948622, 1442.2012939948622, 1442.2012939948622, 1442.2012939948622, 1442.2012939948622, 1442.2012939948622, 1442.2012939948622, 1442.2012939948622, 1442.2012939948622, 1442.2012939948622, 1442.2012939948622, 1442.2012939948622, 1442.2012939948622, 1442.2012939948622, 1442.2012939948622, 1442.2012939948622, 1442.2012939948622, 1442.2012939948622, 1442.2012939948622, 1442.2012939948622, 1442.2012939948622, 1442.2012939948622, 1442.2012939948622, 1442.2012939948622, 1442.2012939948622, 1442.2012939948622, 1442.2012939948622, 1442.2012939948622, 1442.2012939948622, 1442.2012939948622, 1442.2012939948622, 1442.2012939948622, 1442.2012939948622, 1442.2012939948622, 1442.2012939948622, 1442.2012939948622, 1442.2012939948622, 1442.2012939948622, 1442.2012939948622, 1442.2012939948622, 1442.2012939948622, 1442.2012939948622, 1442.2012939948622, 1442.2012939948622, 1442.2012939948622, 1442.2012939948622, 1442.2012939948622, 1442.2012939948622, 1442.2012939948622, 1442.2012939948622, 1442.2012939948622, 1442.2012939948622, 1442.2012939948622, 1442.2012939948622, 1442.2012939948622, 1442.2012939948622, 1442.2012939948622, 1442.2012939948622, 1442.2012939948622, 1442.2012939948622, 1442.2012939948622, 1442.2012939948622, 1442.2012939948622, 1442.2012939948622, 1442.2012939948622, 1442.2012939948622, 1442.2012939948622, 1442.2012939948622, 1442.2012939948622, 1442.2012939948622, 1442.2012939948622, 1442.2012939948622, 1442.2012939948622, 1442.2012939948622, 1442.2012939948622, 1442.2012939948622, 1442.2012939948622, 1442.2012939948622, 1442.2012939948622, 1442.2012939948622, 1442.2012939948622, 1442.2012939948622, 1442.2012939948622, 1442.2012939948622, 1442.2012939948622, 1442.2012939948622, 1442.2012939948622, 1442.2012939948622, 1442.2012939948622, 1442.2012939948622, 1442.2012939948622, 1442.2012939948622, 1442.2012939948622, 1442.2012939948622, 1442.2012939948622, 1442.2012939948622, 1442.2012939948622) 

30 : 

x <- c(1439.3999666146074, 1439.3999666146074, 1439.3999666146074, 1439.3999666146074, 1439.3999666146074, 1439.3999666146074, 1439.3999666146074, 1439.3999666146074, 1439.3999666146074, 1439.3999666146074, 1439.3999666146074, 1439.3999666146074, 1439.3999666146074, 1439.3999666146074, 1439.3999666146074, 1439.3999666146074, 1439.3999666146074, 1439.3999666146074, 1439.3999666146074, 1439.3999666146074, 1439.3999666146074, 1439.3999666146074, 1439.3999666146074, 1439.3999666146074, 1439.3999666146074, 1439.3999666146074, 1439.3999666146074, 1439.3999666146074, 1439.3999666146074, 1439.3999666146074, 1439.3999666146074, 1439.3999666146074, 1439.3999666146074, 1439.3999666146074, 1439.3999666146074, 1439.3999666146074, 1439.3999666146074, 1439.3999666146074, 1439.3999666146074, 1439.3999666146074, 1439.3999666146074, 1439.3999666146074, 1439.3999666146074, 1439.3999666146074, 1439.3999666146074, 1439.3999666146074, 1439.3999666146074, 1439.3999666146074, 1439.3999666146074, 1439.3999666146074, 1439.3999666146074, 1439.3999666146074, 1439.3999666146074, 1439.3999666146074, 1439.3999666146074, 1439.3999666146074, 1439.3999666146074, 1439.3999666146074, 1439.3999666146074, 1439.3999666146074, 1439.3999666146074, 1439.3999666146074, 1439.3999666146074, 1439.3999666146074, 1439.3999666146074, 1439.3999666146074, 1439.3999666146074, 1439.3999666146074, 1439.3999666146074, 1439.3999666146074, 1439.3999666146074, 1439.3999666146074, 1439.3999666146074, 1439.3999666146074, 1439.3999666146074, 1439.3999666146074, 1439.3999666146074, 1439.3999666146074, 1439.3999666146074, 1439.3999666146074, 1439.3999666146074, 1439.3999666146074, 1439.3999666146074, 1439.3999666146074, 1439.3999666146074, 1439.3999666146074, 1439.3999666146074, 1439.3999666146074, 1439.3999666146074, 1439.3999666146074, 1439.3999666146074, 1439.3999666146074, 1439.3999666146074, 1439.3999666146074, 1439.3999666146074, 1439.3999666146074, 1439.3999666146074, 1439.3999666146074, 1439.3999666146074, 1439.3999666146074) 



