med: 1.6380629879798623/desvio: 0.08087194582416567


Funcoes: 

Erros: 

1 : 

x <- c(1.7476681062137667, 1.7476681062137667, 1.7476681062137667, 1.7476681062137667, 1.7476681062137667, 1.7476681062137667, 1.7476681062137667, 1.7476681062137667, 1.7476681062137667, 1.7476681062137667, 1.7476681062137667, 1.7476681062137667, 1.7476681062137667, 1.7476681062137667, 1.7476681062137667, 1.7476681062137667, 1.7476681062137667, 1.7476681062137667, 1.7476681062137667, 1.7476681062137667, 1.7476681062137667, 1.7476681062137667, 1.7476681062137667, 1.7476681062137667, 1.7476681062137667, 1.7476681062137667, 1.7476681062137667, 1.7476681062137667, 1.7476681062137667, 1.7476681062137667, 1.7476681062137667, 1.7476681062137667, 1.7476681062137667, 1.7476681062137667, 1.7476681062137667, 1.7476681062137667, 1.7476681062137667, 1.7476681062137667, 1.7476681062137667, 1.7476681062137667, 1.7476681062137667, 1.7476681062137667, 1.7476681062137667, 1.7476681062137667, 1.7476681062137667, 1.7476681062137667, 1.7476681062137667, 1.7476681062137667, 1.7476681062137667, 1.7476681062137667, 1.7476681062137667, 1.7476681062137667, 1.7476681062137667, 1.7476681062137667, 1.7476681062137667, 1.7476681062137667, 1.7476681062137667, 1.7476681062137667, 1.7476681062137667, 1.7476681062137667, 1.7476681062137667, 1.7476681062137667, 1.7476681062137667, 1.7476681062137667, 1.7476681062137667, 1.7476681062137667, 1.7476681062137667, 1.7476681062137667, 1.7476681062137667, 1.7476681062137667, 1.7476681062137667, 1.7476681062137667, 1.7476681062137667, 1.7476681062137667, 1.7476681062137667, 1.7476681062137667, 1.7476681062137667, 1.7476681062137667, 1.7476681062137667, 1.7476681062137667, 1.7476681062137667, 1.7476681062137667, 1.7476681062137667, 1.7476681062137667, 1.7476681062137667, 1.7476681062137667, 1.7476681062137667, 1.7476681062137667, 1.7476681062137667, 1.7476681062137667, 1.7476681062137667, 1.7476681062137667, 1.7476681062137667, 1.7476681062137667, 1.7476681062137667, 1.7476681062137667, 1.7476681062137667, 1.7476681062137667, 1.7476681062137667, 1.7476681062137667) 

2 : 

x <- c(1.6180745660234752, 1.6180745660234752, 1.6180745660234752, 1.6180745660234752, 1.6180745660234752, 1.6180745660234752, 1.6180745660234752, 1.6180745660234752, 1.6180745660234752, 1.6180745660234752, 1.6180745660234752, 1.6180745660234752, 1.6180745660234752, 1.6180745660234752, 1.6180745660234752, 1.6180745660234752, 1.6180745660234752, 1.6180745660234752, 1.6180745660234752, 1.6180745660234752, 1.6180745660234752, 1.6180745660234752, 1.6180745660234752, 1.6180745660234752, 1.6180745660234752, 1.6180745660234752, 1.6180745660234752, 1.6180745660234752, 1.6180745660234752, 1.6180745660234752, 1.6180745660234752, 1.6180745660234752, 1.6180745660234752, 1.6180745660234752, 1.6180745660234752, 1.6180745660234752, 1.6180745660234752, 1.6180745660234752, 1.6180745660234752, 1.6180745660234752, 1.6180745660234752, 1.6180745660234752, 1.6180745660234752, 1.6180745660234752, 1.6180745660234752, 1.6180745660234752, 1.6180745660234752, 1.6180745660234752, 1.6180745660234752, 1.6180745660234752, 1.6180745660234752, 1.6180745660234752, 1.6180745660234752, 1.6180745660234752, 1.6180745660234752, 1.6180745660234752, 1.6180745660234752, 1.6180745660234752, 1.6180745660234752, 1.6180745660234752, 1.6180745660234752, 1.6180745660234752, 1.6180745660234752, 1.6180745660234752, 1.6180745660234752, 1.6180745660234752, 1.6180745660234752, 1.6180745660234752, 1.6180745660234752, 1.6180745660234752, 1.6180745660234752, 1.6180745660234752, 1.6180745660234752, 1.6180745660234752, 1.6180745660234752, 1.6180745660234752, 1.6180745660234752, 1.6180745660234752, 1.6180745660234752, 1.6180745660234752, 1.6180745660234752, 1.6180745660234752, 1.6180745660234752, 1.6180745660234752, 1.6180745660234752, 1.6180745660234752, 1.6180745660234752, 1.6180745660234752, 1.6180745660234752, 1.6180745660234752, 1.6180745660234752, 1.6180745660234752, 1.6180745660234752, 1.6180745660234752, 1.6180745660234752, 1.6180745660234752, 1.6180745660234752, 1.6180745660234752, 1.6180745660234752, 1.6180745660234752) 

3 : 

x <- c(1.5317864771464533, 1.5317864771464533, 1.5317864771464533, 1.5317864771464533, 1.5317864771464533, 1.5317864771464533, 1.5317864771464533, 1.5317864771464533, 1.5317864771464533, 1.5317864771464533, 1.5317864771464533, 1.5317864771464533, 1.5317864771464533, 1.5317864771464533, 1.5317864771464533, 1.5317864771464533, 1.5317864771464533, 1.5317864771464533, 1.5317864771464533, 1.5317864771464533, 1.5317864771464533, 1.5317864771464533, 1.5317864771464533, 1.5317864771464533, 1.5317864771464533, 1.5317864771464533, 1.5317864771464533, 1.5317864771464533, 1.5317864771464533, 1.5317864771464533, 1.5317864771464533, 1.5317864771464533, 1.5317864771464533, 1.5317864771464533, 1.5317864771464533, 1.5317864771464533, 1.5317864771464533, 1.5317864771464533, 1.5317864771464533, 1.5317864771464533, 1.5317864771464533, 1.5317864771464533, 1.5317864771464533, 1.5317864771464533, 1.5317864771464533, 1.5317864771464533, 1.5317864771464533, 1.5317864771464533, 1.5317864771464533, 1.5317864771464533, 1.5317864771464533, 1.5317864771464533, 1.5317864771464533, 1.5317864771464533, 1.5317864771464533, 1.5317864771464533, 1.5317864771464533, 1.5317864771464533, 1.5317864771464533, 1.5317864771464533, 1.5317864771464533, 1.5317864771464533, 1.5317864771464533, 1.5317864771464533, 1.5317864771464533, 1.5317864771464533, 1.5317864771464533, 1.5317864771464533, 1.5317864771464533, 1.5317864771464533, 1.5317864771464533, 1.5317864771464533, 1.5317864771464533, 1.5317864771464533, 1.5317864771464533, 1.5317864771464533, 1.5317864771464533, 1.5317864771464533, 1.5317864771464533, 1.5317864771464533, 1.5317864771464533, 1.5317864771464533, 1.5317864771464533, 1.5317864771464533, 1.5317864771464533, 1.5317864771464533, 1.5317864771464533, 1.5317864771464533, 1.5317864771464533, 1.5317864771464533, 1.5317864771464533, 1.5317864771464533, 1.5317864771464533, 1.5317864771464533, 1.5317864771464533, 1.5317864771464533, 1.5317864771464533, 1.5317864771464533, 1.5317864771464533, 1.5317864771464533) 

4 : 

x <- c(1.5972594615612592, 1.5972594615612592, 1.5972594615612592, 1.5972594615612592, 1.5972594615612592, 1.5972594615612592, 1.5972594615612592, 1.5972594615612592, 1.5972594615612592, 1.5972594615612592, 1.5972594615612592, 1.5972594615612592, 1.5972594615612592, 1.5972594615612592, 1.5972594615612592, 1.5972594615612592, 1.5972594615612592, 1.5972594615612592, 1.5972594615612592, 1.5972594615612592, 1.5972594615612592, 1.5972594615612592, 1.5972594615612592, 1.5972594615612592, 1.5972594615612592, 1.5972594615612592, 1.5972594615612592, 1.5972594615612592, 1.5972594615612592, 1.5972594615612592, 1.5972594615612592, 1.5972594615612592, 1.5972594615612592, 1.5972594615612592, 1.5972594615612592, 1.5972594615612592, 1.5972594615612592, 1.5972594615612592, 1.5972594615612592, 1.5972594615612592, 1.5972594615612592, 1.5972594615612592, 1.5972594615612592, 1.5972594615612592, 1.5972594615612592, 1.5972594615612592, 1.5972594615612592, 1.5972594615612592, 1.5972594615612592, 1.5972594615612592, 1.5972594615612592, 1.5972594615612592, 1.5972594615612592, 1.5972594615612592, 1.5972594615612592, 1.5972594615612592, 1.5972594615612592, 1.5972594615612592, 1.5972594615612592, 1.5972594615612592, 1.5972594615612592, 1.5972594615612592, 1.5972594615612592, 1.5972594615612592, 1.5972594615612592, 1.5972594615612592, 1.5972594615612592, 1.5972594615612592, 1.5972594615612592, 1.5972594615612592, 1.5972594615612592, 1.5972594615612592, 1.5972594615612592, 1.5972594615612592, 1.5972594615612592, 1.5972594615612592, 1.5972594615612592, 1.5972594615612592, 1.5972594615612592, 1.5972594615612592, 1.5972594615612592, 1.5972594615612592, 1.5972594615612592, 1.5972594615612592, 1.5972594615612592, 1.5972594615612592, 1.5972594615612592, 1.5972594615612592, 1.5972594615612592, 1.5972594615612592, 1.5972594615612592, 1.5972594615612592, 1.5972594615612592, 1.5972594615612592, 1.5972594615612592, 1.5972594615612592, 1.5972594615612592, 1.5972594615612592, 1.5972594615612592, 1.5972594615612592) 

5 : 

x <- c(1.694219269549957, 1.694219269549957, 1.694219269549957, 1.694219269549957, 1.694219269549957, 1.694219269549957, 1.694219269549957, 1.694219269549957, 1.694219269549957, 1.694219269549957, 1.694219269549957, 1.694219269549957, 1.694219269549957, 1.694219269549957, 1.694219269549957, 1.694219269549957, 1.694219269549957, 1.694219269549957, 1.694219269549957, 1.694219269549957, 1.694219269549957, 1.694219269549957, 1.694219269549957, 1.694219269549957, 1.694219269549957, 1.694219269549957, 1.694219269549957, 1.694219269549957, 1.694219269549957, 1.694219269549957, 1.694219269549957, 1.694219269549957, 1.694219269549957, 1.694219269549957, 1.694219269549957, 1.694219269549957, 1.694219269549957, 1.694219269549957, 1.694219269549957, 1.694219269549957, 1.694219269549957, 1.694219269549957, 1.694219269549957, 1.694219269549957, 1.694219269549957, 1.694219269549957, 1.694219269549957, 1.694219269549957, 1.694219269549957, 1.694219269549957, 1.694219269549957, 1.694219269549957, 1.694219269549957, 1.694219269549957, 1.694219269549957, 1.694219269549957, 1.694219269549957, 1.694219269549957, 1.694219269549957, 1.694219269549957, 1.694219269549957, 1.694219269549957, 1.694219269549957, 1.694219269549957, 1.694219269549957, 1.694219269549957, 1.694219269549957, 1.694219269549957, 1.694219269549957, 1.694219269549957, 1.694219269549957, 1.694219269549957, 1.694219269549957, 1.694219269549957, 1.694219269549957, 1.694219269549957, 1.694219269549957, 1.694219269549957, 1.694219269549957, 1.694219269549957, 1.694219269549957, 1.694219269549957, 1.694219269549957, 1.694219269549957, 1.694219269549957, 1.694219269549957, 1.694219269549957, 1.694219269549957, 1.694219269549957, 1.694219269549957, 1.694219269549957, 1.694219269549957, 1.694219269549957, 1.694219269549957, 1.694219269549957, 1.694219269549957, 1.694219269549957, 1.694219269549957, 1.694219269549957, 1.694219269549957) 

6 : 

x <- c(1.6537491280036356, 1.6537491280036356, 1.6537491280036356, 1.6537491280036356, 1.6537491280036356, 1.6537491280036356, 1.6537491280036356, 1.6537491280036356, 1.6537491280036356, 1.6537491280036356, 1.6537491280036356, 1.6537491280036356, 1.6537491280036356, 1.6537491280036356, 1.6537491280036356, 1.6537491280036356, 1.6537491280036356, 1.6537491280036356, 1.6537491280036356, 1.6537491280036356, 1.6537491280036356, 1.6537491280036356, 1.6537491280036356, 1.6537491280036356, 1.6537491280036356, 1.6537491280036356, 1.6537491280036356, 1.6537491280036356, 1.6537491280036356, 1.6537491280036356, 1.6537491280036356, 1.6537491280036356, 1.6537491280036356, 1.6537491280036356, 1.6537491280036356, 1.6537491280036356, 1.6537491280036356, 1.6537491280036356, 1.6537491280036356, 1.6537491280036356, 1.6537491280036356, 1.6537491280036356, 1.6537491280036356, 1.6537491280036356, 1.6537491280036356, 1.6537491280036356, 1.6537491280036356, 1.6537491280036356, 1.6537491280036356, 1.6537491280036356, 1.6537491280036356, 1.6537491280036356, 1.6537491280036356, 1.6537491280036356, 1.6537491280036356, 1.6537491280036356, 1.6537491280036356, 1.6537491280036356, 1.6537491280036356, 1.6537491280036356, 1.6537491280036356, 1.6537491280036356, 1.6537491280036356, 1.6537491280036356, 1.6537491280036356, 1.6537491280036356, 1.6537491280036356, 1.6537491280036356, 1.6537491280036356, 1.6537491280036356, 1.6537491280036356, 1.6537491280036356, 1.6537491280036356, 1.6537491280036356, 1.6537491280036356, 1.6537491280036356, 1.6537491280036356, 1.6537491280036356, 1.6537491280036356, 1.6537491280036356, 1.6537491280036356, 1.6537491280036356, 1.6537491280036356, 1.6537491280036356, 1.6537491280036356, 1.6537491280036356, 1.6537491280036356, 1.6537491280036356, 1.6537491280036356, 1.6537491280036356, 1.6537491280036356, 1.6537491280036356, 1.6537491280036356, 1.6537491280036356, 1.6537491280036356, 1.6537491280036356, 1.6537491280036356, 1.6537491280036356, 1.6537491280036356, 1.6537491280036356) 

7 : 

x <- c(1.6172095467427097, 1.6172095467427097, 1.6172095467427097, 1.6172095467427097, 1.6172095467427097, 1.6172095467427097, 1.6172095467427097, 1.6172095467427097, 1.6172095467427097, 1.6172095467427097, 1.6172095467427097, 1.6172095467427097, 1.6172095467427097, 1.6172095467427097, 1.6172095467427097, 1.6172095467427097, 1.6172095467427097, 1.6172095467427097, 1.6172095467427097, 1.6172095467427097, 1.6172095467427097, 1.6172095467427097, 1.6172095467427097, 1.6172095467427097, 1.6172095467427097, 1.6172095467427097, 1.6172095467427097, 1.6172095467427097, 1.6172095467427097, 1.6172095467427097, 1.6172095467427097, 1.6172095467427097, 1.6172095467427097, 1.6172095467427097, 1.6172095467427097, 1.6172095467427097, 1.6172095467427097, 1.6172095467427097, 1.6172095467427097, 1.6172095467427097, 1.6172095467427097, 1.6172095467427097, 1.6172095467427097, 1.6172095467427097, 1.6172095467427097, 1.6172095467427097, 1.6172095467427097, 1.6172095467427097, 1.6172095467427097, 1.6172095467427097, 1.6172095467427097, 1.6172095467427097, 1.6172095467427097, 1.6172095467427097, 1.6172095467427097, 1.6172095467427097, 1.6172095467427097, 1.6172095467427097, 1.6172095467427097, 1.6172095467427097, 1.6172095467427097, 1.6172095467427097, 1.6172095467427097, 1.6172095467427097, 1.6172095467427097, 1.6172095467427097, 1.6172095467427097, 1.6172095467427097, 1.6172095467427097, 1.6172095467427097, 1.6172095467427097, 1.6172095467427097, 1.6172095467427097, 1.6172095467427097, 1.6172095467427097, 1.6172095467427097, 1.6172095467427097, 1.6172095467427097, 1.6172095467427097, 1.6172095467427097, 1.6172095467427097, 1.6172095467427097, 1.6172095467427097, 1.6172095467427097, 1.6172095467427097, 1.6172095467427097, 1.6172095467427097, 1.6172095467427097, 1.6172095467427097, 1.6172095467427097, 1.6172095467427097, 1.6172095467427097, 1.6172095467427097, 1.6172095467427097, 1.6172095467427097, 1.6172095467427097, 1.6172095467427097, 1.6172095467427097, 1.6172095467427097, 1.6172095467427097) 

8 : 

x <- c(1.5807177493198605, 1.5807177493198605, 1.5807177493198605, 1.5807177493198605, 1.5807177493198605, 1.5807177493198605, 1.5807177493198605, 1.5807177493198605, 1.5807177493198605, 1.5807177493198605, 1.5807177493198605, 1.5807177493198605, 1.5807177493198605, 1.5807177493198605, 1.5807177493198605, 1.5807177493198605, 1.5807177493198605, 1.5807177493198605, 1.5807177493198605, 1.5807177493198605, 1.5807177493198605, 1.5807177493198605, 1.5807177493198605, 1.5807177493198605, 1.5807177493198605, 1.5807177493198605, 1.5807177493198605, 1.5807177493198605, 1.5807177493198605, 1.5807177493198605, 1.5807177493198605, 1.5807177493198605, 1.5807177493198605, 1.5807177493198605, 1.5807177493198605, 1.5807177493198605, 1.5807177493198605, 1.5807177493198605, 1.5807177493198605, 1.5807177493198605, 1.5807177493198605, 1.5807177493198605, 1.5807177493198605, 1.5807177493198605, 1.5807177493198605, 1.5807177493198605, 1.5807177493198605, 1.5807177493198605, 1.5807177493198605, 1.5807177493198605, 1.5807177493198605, 1.5807177493198605, 1.5807177493198605, 1.5807177493198605, 1.5807177493198605, 1.5807177493198605, 1.5807177493198605, 1.5807177493198605, 1.5807177493198605, 1.5807177493198605, 1.5807177493198605, 1.5807177493198605, 1.5807177493198605, 1.5807177493198605, 1.5807177493198605, 1.5807177493198605, 1.5807177493198605, 1.5807177493198605, 1.5807177493198605, 1.5807177493198605, 1.5807177493198605, 1.5807177493198605, 1.5807177493198605, 1.5807177493198605, 1.5807177493198605, 1.5807177493198605, 1.5807177493198605, 1.5807177493198605, 1.5807177493198605, 1.5807177493198605, 1.5807177493198605, 1.5807177493198605, 1.5807177493198605, 1.5807177493198605, 1.5807177493198605, 1.5807177493198605, 1.5807177493198605, 1.5807177493198605, 1.5807177493198605, 1.5807177493198605, 1.5807177493198605, 1.5807177493198605, 1.5807177493198605, 1.5807177493198605, 1.5807177493198605, 1.5807177493198605, 1.5807177493198605, 1.5807177493198605, 1.5807177493198605, 1.5807177493198605) 

9 : 

x <- c(1.786134973945952, 1.786134973945952, 1.786134973945952, 1.786134973945952, 1.786134973945952, 1.786134973945952, 1.786134973945952, 1.786134973945952, 1.786134973945952, 1.786134973945952, 1.786134973945952, 1.786134973945952, 1.786134973945952, 1.786134973945952, 1.786134973945952, 1.786134973945952, 1.786134973945952, 1.786134973945952, 1.786134973945952, 1.786134973945952, 1.786134973945952, 1.786134973945952, 1.786134973945952, 1.786134973945952, 1.786134973945952, 1.786134973945952, 1.786134973945952, 1.786134973945952, 1.786134973945952, 1.786134973945952, 1.786134973945952, 1.786134973945952, 1.786134973945952, 1.786134973945952, 1.786134973945952, 1.786134973945952, 1.786134973945952, 1.786134973945952, 1.786134973945952, 1.786134973945952, 1.786134973945952, 1.786134973945952, 1.786134973945952, 1.786134973945952, 1.786134973945952, 1.786134973945952, 1.786134973945952, 1.786134973945952, 1.786134973945952, 1.786134973945952, 1.786134973945952, 1.786134973945952, 1.786134973945952, 1.786134973945952, 1.786134973945952, 1.786134973945952, 1.786134973945952, 1.786134973945952, 1.786134973945952, 1.786134973945952, 1.786134973945952, 1.786134973945952, 1.786134973945952, 1.786134973945952, 1.786134973945952, 1.786134973945952, 1.786134973945952, 1.786134973945952, 1.786134973945952, 1.786134973945952, 1.786134973945952, 1.786134973945952, 1.786134973945952, 1.786134973945952, 1.786134973945952, 1.786134973945952, 1.786134973945952, 1.786134973945952, 1.786134973945952, 1.786134973945952, 1.786134973945952, 1.786134973945952, 1.786134973945952, 1.786134973945952, 1.786134973945952, 1.786134973945952, 1.786134973945952, 1.786134973945952, 1.786134973945952, 1.786134973945952, 1.786134973945952, 1.786134973945952, 1.786134973945952, 1.786134973945952, 1.786134973945952, 1.786134973945952, 1.786134973945952, 1.786134973945952, 1.786134973945952, 1.786134973945952) 

10 : 

x <- c(1.65218470265983, 1.65218470265983, 1.65218470265983, 1.65218470265983, 1.65218470265983, 1.65218470265983, 1.65218470265983, 1.65218470265983, 1.65218470265983, 1.65218470265983, 1.65218470265983, 1.65218470265983, 1.65218470265983, 1.65218470265983, 1.65218470265983, 1.65218470265983, 1.65218470265983, 1.65218470265983, 1.65218470265983, 1.65218470265983, 1.65218470265983, 1.65218470265983, 1.65218470265983, 1.65218470265983, 1.65218470265983, 1.65218470265983, 1.65218470265983, 1.65218470265983, 1.65218470265983, 1.65218470265983, 1.65218470265983, 1.65218470265983, 1.65218470265983, 1.65218470265983, 1.65218470265983, 1.65218470265983, 1.65218470265983, 1.65218470265983, 1.65218470265983, 1.65218470265983, 1.65218470265983, 1.65218470265983, 1.65218470265983, 1.65218470265983, 1.65218470265983, 1.65218470265983, 1.65218470265983, 1.65218470265983, 1.65218470265983, 1.65218470265983, 1.65218470265983, 1.65218470265983, 1.65218470265983, 1.65218470265983, 1.65218470265983, 1.65218470265983, 1.65218470265983, 1.65218470265983, 1.65218470265983, 1.65218470265983, 1.65218470265983, 1.65218470265983, 1.65218470265983, 1.65218470265983, 1.65218470265983, 1.65218470265983, 1.65218470265983, 1.65218470265983, 1.65218470265983, 1.65218470265983, 1.65218470265983, 1.65218470265983, 1.65218470265983, 1.65218470265983, 1.65218470265983, 1.65218470265983, 1.65218470265983, 1.65218470265983, 1.65218470265983, 1.65218470265983, 1.65218470265983, 1.65218470265983, 1.65218470265983, 1.65218470265983, 1.65218470265983, 1.65218470265983, 1.65218470265983, 1.65218470265983, 1.65218470265983, 1.65218470265983, 1.65218470265983, 1.65218470265983, 1.65218470265983, 1.65218470265983, 1.65218470265983, 1.65218470265983, 1.65218470265983, 1.65218470265983, 1.65218470265983, 1.65218470265983) 

11 : 

x <- c(1.6201261074327067, 1.6201261074327067, 1.6201261074327067, 1.6201261074327067, 1.6201261074327067, 1.6201261074327067, 1.6201261074327067, 1.6201261074327067, 1.6201261074327067, 1.6201261074327067, 1.6201261074327067, 1.6201261074327067, 1.6201261074327067, 1.6201261074327067, 1.6201261074327067, 1.6201261074327067, 1.6201261074327067, 1.6201261074327067, 1.6201261074327067, 1.6201261074327067, 1.6201261074327067, 1.6201261074327067, 1.6201261074327067, 1.6201261074327067, 1.6201261074327067, 1.6201261074327067, 1.6201261074327067, 1.6201261074327067, 1.6201261074327067, 1.6201261074327067, 1.6201261074327067, 1.6201261074327067, 1.6201261074327067, 1.6201261074327067, 1.6201261074327067, 1.6201261074327067, 1.6201261074327067, 1.6201261074327067, 1.6201261074327067, 1.6201261074327067, 1.6201261074327067, 1.6201261074327067, 1.6201261074327067, 1.6201261074327067, 1.6201261074327067, 1.6201261074327067, 1.6201261074327067, 1.6201261074327067, 1.6201261074327067, 1.6201261074327067, 1.6201261074327067, 1.6201261074327067, 1.6201261074327067, 1.6201261074327067, 1.6201261074327067, 1.6201261074327067, 1.6201261074327067, 1.6201261074327067, 1.6201261074327067, 1.6201261074327067, 1.6201261074327067, 1.6201261074327067, 1.6201261074327067, 1.6201261074327067, 1.6201261074327067, 1.6201261074327067, 1.6201261074327067, 1.6201261074327067, 1.6201261074327067, 1.6201261074327067, 1.6201261074327067, 1.6201261074327067, 1.6201261074327067, 1.6201261074327067, 1.6201261074327067, 1.6201261074327067, 1.6201261074327067, 1.6201261074327067, 1.6201261074327067, 1.6201261074327067, 1.6201261074327067, 1.6201261074327067, 1.6201261074327067, 1.6201261074327067, 1.6201261074327067, 1.6201261074327067, 1.6201261074327067, 1.6201261074327067, 1.6201261074327067, 1.6201261074327067, 1.6201261074327067, 1.6201261074327067, 1.6201261074327067, 1.6201261074327067, 1.6201261074327067, 1.6201261074327067, 1.6201261074327067, 1.6201261074327067, 1.6201261074327067, 1.6201261074327067) 

12 : 

x <- c(1.7859384456291527, 1.7859384456291527, 1.7859384456291527, 1.7859384456291527, 1.7859384456291527, 1.7859384456291527, 1.7859384456291527, 1.7859384456291527, 1.7859384456291527, 1.7859384456291527, 1.7859384456291527, 1.7859384456291527, 1.7859384456291527, 1.7859384456291527, 1.7859384456291527, 1.7859384456291527, 1.7859384456291527, 1.7859384456291527, 1.7859384456291527, 1.7859384456291527, 1.7859384456291527, 1.7859384456291527, 1.7859384456291527, 1.7859384456291527, 1.7859384456291527, 1.7859384456291527, 1.7859384456291527, 1.7859384456291527, 1.7859384456291527, 1.7859384456291527, 1.7859384456291527, 1.7859384456291527, 1.7859384456291527, 1.7859384456291527, 1.7859384456291527, 1.7859384456291527, 1.7859384456291527, 1.7859384456291527, 1.7859384456291527, 1.7859384456291527, 1.7859384456291527, 1.7859384456291527, 1.7859384456291527, 1.7859384456291527, 1.7859384456291527, 1.7859384456291527, 1.7859384456291527, 1.7859384456291527, 1.7859384456291527, 1.7859384456291527, 1.7859384456291527, 1.7859384456291527, 1.7859384456291527, 1.7859384456291527, 1.7859384456291527, 1.7859384456291527, 1.7859384456291527, 1.7859384456291527, 1.7859384456291527, 1.7859384456291527, 1.7859384456291527, 1.7859384456291527, 1.7859384456291527, 1.7859384456291527, 1.7859384456291527, 1.7859384456291527, 1.7859384456291527, 1.7859384456291527, 1.7859384456291527, 1.7859384456291527, 1.7859384456291527, 1.7859384456291527, 1.7859384456291527, 1.7859384456291527, 1.7859384456291527, 1.7859384456291527, 1.7859384456291527, 1.7859384456291527, 1.7859384456291527, 1.7859384456291527, 1.7859384456291527, 1.7859384456291527, 1.7859384456291527, 1.7859384456291527, 1.7859384456291527, 1.7859384456291527, 1.7859384456291527, 1.7859384456291527, 1.7859384456291527, 1.7859384456291527, 1.7859384456291527, 1.7859384456291527, 1.7859384456291527, 1.7859384456291527, 1.7859384456291527, 1.7859384456291527, 1.7859384456291527, 1.7859384456291527, 1.7859384456291527, 1.7859384456291527) 

13 : 

x <- c(1.6471124053398087, 1.6471124053398087, 1.6471124053398087, 1.6471124053398087, 1.6471124053398087, 1.6471124053398087, 1.6471124053398087, 1.6471124053398087, 1.6471124053398087, 1.6471124053398087, 1.6471124053398087, 1.6471124053398087, 1.6471124053398087, 1.6471124053398087, 1.6471124053398087, 1.6471124053398087, 1.6471124053398087, 1.6471124053398087, 1.6471124053398087, 1.6471124053398087, 1.6471124053398087, 1.6471124053398087, 1.6471124053398087, 1.6471124053398087, 1.6471124053398087, 1.6471124053398087, 1.6471124053398087, 1.6471124053398087, 1.6471124053398087, 1.6471124053398087, 1.6471124053398087, 1.6471124053398087, 1.6471124053398087, 1.6471124053398087, 1.6471124053398087, 1.6471124053398087, 1.6471124053398087, 1.6471124053398087, 1.6471124053398087, 1.6471124053398087, 1.6471124053398087, 1.6471124053398087, 1.6471124053398087, 1.6471124053398087, 1.6471124053398087, 1.6471124053398087, 1.6471124053398087, 1.6471124053398087, 1.6471124053398087, 1.6471124053398087, 1.6471124053398087, 1.6471124053398087, 1.6471124053398087, 1.6471124053398087, 1.6471124053398087, 1.6471124053398087, 1.6471124053398087, 1.6471124053398087, 1.6471124053398087, 1.6471124053398087, 1.6471124053398087, 1.6471124053398087, 1.6471124053398087, 1.6471124053398087, 1.6471124053398087, 1.6471124053398087, 1.6471124053398087, 1.6471124053398087, 1.6471124053398087, 1.6471124053398087, 1.6471124053398087, 1.6471124053398087, 1.6471124053398087, 1.6471124053398087, 1.6471124053398087, 1.6471124053398087, 1.6471124053398087, 1.6471124053398087, 1.6471124053398087, 1.6471124053398087, 1.6471124053398087, 1.6471124053398087, 1.6471124053398087, 1.6471124053398087, 1.6471124053398087, 1.6471124053398087, 1.6471124053398087, 1.6471124053398087, 1.6471124053398087, 1.6471124053398087, 1.6471124053398087, 1.6471124053398087, 1.6471124053398087, 1.6471124053398087, 1.6471124053398087, 1.6471124053398087, 1.6471124053398087, 1.6471124053398087, 1.6471124053398087, 1.6471124053398087) 

14 : 

x <- c(1.5874132579164169, 1.5874132579164169, 1.5874132579164169, 1.5874132579164169, 1.5874132579164169, 1.5874132579164169, 1.5874132579164169, 1.5874132579164169, 1.5874132579164169, 1.5874132579164169, 1.5874132579164169, 1.5874132579164169, 1.5874132579164169, 1.5874132579164169, 1.5874132579164169, 1.5874132579164169, 1.5874132579164169, 1.5874132579164169, 1.5874132579164169, 1.5874132579164169, 1.5874132579164169, 1.5874132579164169, 1.5874132579164169, 1.5874132579164169, 1.5874132579164169, 1.5874132579164169, 1.5874132579164169, 1.5874132579164169, 1.5874132579164169, 1.5874132579164169, 1.5874132579164169, 1.5874132579164169, 1.5874132579164169, 1.5874132579164169, 1.5874132579164169, 1.5874132579164169, 1.5874132579164169, 1.5874132579164169, 1.5874132579164169, 1.5874132579164169, 1.5874132579164169, 1.5874132579164169, 1.5874132579164169, 1.5874132579164169, 1.5874132579164169, 1.5874132579164169, 1.5874132579164169, 1.5874132579164169, 1.5874132579164169, 1.5874132579164169, 1.5874132579164169, 1.5874132579164169, 1.5874132579164169, 1.5874132579164169, 1.5874132579164169, 1.5874132579164169, 1.5874132579164169, 1.5874132579164169, 1.5874132579164169, 1.5874132579164169, 1.5874132579164169, 1.5874132579164169, 1.5874132579164169, 1.5874132579164169, 1.5874132579164169, 1.5874132579164169, 1.5874132579164169, 1.5874132579164169, 1.5874132579164169, 1.5874132579164169, 1.5874132579164169, 1.5874132579164169, 1.5874132579164169, 1.5874132579164169, 1.5874132579164169, 1.5874132579164169, 1.5874132579164169, 1.5874132579164169, 1.5874132579164169, 1.5874132579164169, 1.5874132579164169, 1.5874132579164169, 1.5874132579164169, 1.5874132579164169, 1.5874132579164169, 1.5874132579164169, 1.5874132579164169, 1.5874132579164169, 1.5874132579164169, 1.5874132579164169, 1.5874132579164169, 1.5874132579164169, 1.5874132579164169, 1.5874132579164169, 1.5874132579164169, 1.5874132579164169, 1.5874132579164169, 1.5874132579164169, 1.5874132579164169, 1.5874132579164169) 

15 : 

x <- c(1.632090412666117, 1.632090412666117, 1.632090412666117, 1.632090412666117, 1.632090412666117, 1.632090412666117, 1.632090412666117, 1.632090412666117, 1.632090412666117, 1.632090412666117, 1.632090412666117, 1.632090412666117, 1.632090412666117, 1.632090412666117, 1.632090412666117, 1.632090412666117, 1.632090412666117, 1.632090412666117, 1.632090412666117, 1.632090412666117, 1.632090412666117, 1.632090412666117, 1.632090412666117, 1.632090412666117, 1.632090412666117, 1.632090412666117, 1.632090412666117, 1.632090412666117, 1.632090412666117, 1.632090412666117, 1.632090412666117, 1.632090412666117, 1.632090412666117, 1.632090412666117, 1.632090412666117, 1.632090412666117, 1.632090412666117, 1.632090412666117, 1.632090412666117, 1.632090412666117, 1.632090412666117, 1.632090412666117, 1.632090412666117, 1.632090412666117, 1.632090412666117, 1.632090412666117, 1.632090412666117, 1.632090412666117, 1.632090412666117, 1.632090412666117, 1.632090412666117, 1.632090412666117, 1.632090412666117, 1.632090412666117, 1.632090412666117, 1.632090412666117, 1.632090412666117, 1.632090412666117, 1.632090412666117, 1.632090412666117, 1.632090412666117, 1.632090412666117, 1.632090412666117, 1.632090412666117, 1.632090412666117, 1.632090412666117, 1.632090412666117, 1.632090412666117, 1.632090412666117, 1.632090412666117, 1.632090412666117, 1.632090412666117, 1.632090412666117, 1.632090412666117, 1.632090412666117, 1.632090412666117, 1.632090412666117, 1.632090412666117, 1.632090412666117, 1.632090412666117, 1.632090412666117, 1.632090412666117, 1.632090412666117, 1.632090412666117, 1.632090412666117, 1.632090412666117, 1.632090412666117, 1.632090412666117, 1.632090412666117, 1.632090412666117, 1.632090412666117, 1.632090412666117, 1.632090412666117, 1.632090412666117, 1.632090412666117, 1.632090412666117, 1.632090412666117, 1.632090412666117, 1.632090412666117, 1.632090412666117) 

16 : 

x <- c(1.4964034882451975, 1.4964034882451975, 1.4964034882451975, 1.4964034882451975, 1.4964034882451975, 1.4964034882451975, 1.4964034882451975, 1.4964034882451975, 1.4964034882451975, 1.4964034882451975, 1.4964034882451975, 1.4964034882451975, 1.4964034882451975, 1.4964034882451975, 1.4964034882451975, 1.4964034882451975, 1.4964034882451975, 1.4964034882451975, 1.4964034882451975, 1.4964034882451975, 1.4964034882451975, 1.4964034882451975, 1.4964034882451975, 1.4964034882451975, 1.4964034882451975, 1.4964034882451975, 1.4964034882451975, 1.4964034882451975, 1.4964034882451975, 1.4964034882451975, 1.4964034882451975, 1.4964034882451975, 1.4964034882451975, 1.4964034882451975, 1.4964034882451975, 1.4964034882451975, 1.4964034882451975, 1.4964034882451975, 1.4964034882451975, 1.4964034882451975, 1.4964034882451975, 1.4964034882451975, 1.4964034882451975, 1.4964034882451975, 1.4964034882451975, 1.4964034882451975, 1.4964034882451975, 1.4964034882451975, 1.4964034882451975, 1.4964034882451975, 1.4964034882451975, 1.4964034882451975, 1.4964034882451975, 1.4964034882451975, 1.4964034882451975, 1.4964034882451975, 1.4964034882451975, 1.4964034882451975, 1.4964034882451975, 1.4964034882451975, 1.4964034882451975, 1.4964034882451975, 1.4964034882451975, 1.4964034882451975, 1.4964034882451975, 1.4964034882451975, 1.4964034882451975, 1.4964034882451975, 1.4964034882451975, 1.4964034882451975, 1.4964034882451975, 1.4964034882451975, 1.4964034882451975, 1.4964034882451975, 1.4964034882451975, 1.4964034882451975, 1.4964034882451975, 1.4964034882451975, 1.4964034882451975, 1.4964034882451975, 1.4964034882451975, 1.4964034882451975, 1.4964034882451975, 1.4964034882451975, 1.4964034882451975, 1.4964034882451975, 1.4964034882451975, 1.4964034882451975, 1.4964034882451975, 1.4964034882451975, 1.4964034882451975, 1.4964034882451975, 1.4964034882451975, 1.4964034882451975, 1.4964034882451975, 1.4964034882451975, 1.4964034882451975, 1.4964034882451975, 1.4964034882451975, 1.4964034882451975) 

17 : 

x <- c(1.5573525050760813, 1.5573525050760813, 1.5573525050760813, 1.5573525050760813, 1.5573525050760813, 1.5573525050760813, 1.5573525050760813, 1.5573525050760813, 1.5573525050760813, 1.5573525050760813, 1.5573525050760813, 1.5573525050760813, 1.5573525050760813, 1.5573525050760813, 1.5573525050760813, 1.5573525050760813, 1.5573525050760813, 1.5573525050760813, 1.5573525050760813, 1.5573525050760813, 1.5573525050760813, 1.5573525050760813, 1.5573525050760813, 1.5573525050760813, 1.5573525050760813, 1.5573525050760813, 1.5573525050760813, 1.5573525050760813, 1.5573525050760813, 1.5573525050760813, 1.5573525050760813, 1.5573525050760813, 1.5573525050760813, 1.5573525050760813, 1.5573525050760813, 1.5573525050760813, 1.5573525050760813, 1.5573525050760813, 1.5573525050760813, 1.5573525050760813, 1.5573525050760813, 1.5573525050760813, 1.5573525050760813, 1.5573525050760813, 1.5573525050760813, 1.5573525050760813, 1.5573525050760813, 1.5573525050760813, 1.5573525050760813, 1.5573525050760813, 1.5573525050760813, 1.5573525050760813, 1.5573525050760813, 1.5573525050760813, 1.5573525050760813, 1.5573525050760813, 1.5573525050760813, 1.5573525050760813, 1.5573525050760813, 1.5573525050760813, 1.5573525050760813, 1.5573525050760813, 1.5573525050760813, 1.5573525050760813, 1.5573525050760813, 1.5573525050760813, 1.5573525050760813, 1.5573525050760813, 1.5573525050760813, 1.5573525050760813, 1.5573525050760813, 1.5573525050760813, 1.5573525050760813, 1.5573525050760813, 1.5573525050760813, 1.5573525050760813, 1.5573525050760813, 1.5573525050760813, 1.5573525050760813, 1.5573525050760813, 1.5573525050760813, 1.5573525050760813, 1.5573525050760813, 1.5573525050760813, 1.5573525050760813, 1.5573525050760813, 1.5573525050760813, 1.5573525050760813, 1.5573525050760813, 1.5573525050760813, 1.5573525050760813, 1.5573525050760813, 1.5573525050760813, 1.5573525050760813, 1.5573525050760813, 1.5573525050760813, 1.5573525050760813, 1.5573525050760813, 1.5573525050760813, 1.5573525050760813) 

18 : 

x <- c(1.577425790460091, 1.577425790460091, 1.577425790460091, 1.577425790460091, 1.577425790460091, 1.577425790460091, 1.577425790460091, 1.577425790460091, 1.577425790460091, 1.577425790460091, 1.577425790460091, 1.577425790460091, 1.577425790460091, 1.577425790460091, 1.577425790460091, 1.577425790460091, 1.577425790460091, 1.577425790460091, 1.577425790460091, 1.577425790460091, 1.577425790460091, 1.577425790460091, 1.577425790460091, 1.577425790460091, 1.577425790460091, 1.577425790460091, 1.577425790460091, 1.577425790460091, 1.577425790460091, 1.577425790460091, 1.577425790460091, 1.577425790460091, 1.577425790460091, 1.577425790460091, 1.577425790460091, 1.577425790460091, 1.577425790460091, 1.577425790460091, 1.577425790460091, 1.577425790460091, 1.577425790460091, 1.577425790460091, 1.577425790460091, 1.577425790460091, 1.577425790460091, 1.577425790460091, 1.577425790460091, 1.577425790460091, 1.577425790460091, 1.577425790460091, 1.577425790460091, 1.577425790460091, 1.577425790460091, 1.577425790460091, 1.577425790460091, 1.577425790460091, 1.577425790460091, 1.577425790460091, 1.577425790460091, 1.577425790460091, 1.577425790460091, 1.577425790460091, 1.577425790460091, 1.577425790460091, 1.577425790460091, 1.577425790460091, 1.577425790460091, 1.577425790460091, 1.577425790460091, 1.577425790460091, 1.577425790460091, 1.577425790460091, 1.577425790460091, 1.577425790460091, 1.577425790460091, 1.577425790460091, 1.577425790460091, 1.577425790460091, 1.577425790460091, 1.577425790460091, 1.577425790460091, 1.577425790460091, 1.577425790460091, 1.577425790460091, 1.577425790460091, 1.577425790460091, 1.577425790460091, 1.577425790460091, 1.577425790460091, 1.577425790460091, 1.577425790460091, 1.577425790460091, 1.577425790460091, 1.577425790460091, 1.577425790460091, 1.577425790460091, 1.577425790460091, 1.577425790460091, 1.577425790460091, 1.577425790460091) 

19 : 

x <- c(1.59185189578322, 1.59185189578322, 1.59185189578322, 1.59185189578322, 1.59185189578322, 1.59185189578322, 1.59185189578322, 1.59185189578322, 1.59185189578322, 1.59185189578322, 1.59185189578322, 1.59185189578322, 1.59185189578322, 1.59185189578322, 1.59185189578322, 1.59185189578322, 1.59185189578322, 1.59185189578322, 1.59185189578322, 1.59185189578322, 1.59185189578322, 1.59185189578322, 1.59185189578322, 1.59185189578322, 1.59185189578322, 1.59185189578322, 1.59185189578322, 1.59185189578322, 1.59185189578322, 1.59185189578322, 1.59185189578322, 1.59185189578322, 1.59185189578322, 1.59185189578322, 1.59185189578322, 1.59185189578322, 1.59185189578322, 1.59185189578322, 1.59185189578322, 1.59185189578322, 1.59185189578322, 1.59185189578322, 1.59185189578322, 1.59185189578322, 1.59185189578322, 1.59185189578322, 1.59185189578322, 1.59185189578322, 1.59185189578322, 1.59185189578322, 1.59185189578322, 1.59185189578322, 1.59185189578322, 1.59185189578322, 1.59185189578322, 1.59185189578322, 1.59185189578322, 1.59185189578322, 1.59185189578322, 1.59185189578322, 1.59185189578322, 1.59185189578322, 1.59185189578322, 1.59185189578322, 1.59185189578322, 1.59185189578322, 1.59185189578322, 1.59185189578322, 1.59185189578322, 1.59185189578322, 1.59185189578322, 1.59185189578322, 1.59185189578322, 1.59185189578322, 1.59185189578322, 1.59185189578322, 1.59185189578322, 1.59185189578322, 1.59185189578322, 1.59185189578322, 1.59185189578322, 1.59185189578322, 1.59185189578322, 1.59185189578322, 1.59185189578322, 1.59185189578322, 1.59185189578322, 1.59185189578322, 1.59185189578322, 1.59185189578322, 1.59185189578322, 1.59185189578322, 1.59185189578322, 1.59185189578322, 1.59185189578322, 1.59185189578322, 1.59185189578322, 1.59185189578322, 1.59185189578322, 1.59185189578322) 

20 : 

x <- c(1.6630356716632726, 1.6630356716632726, 1.6630356716632726, 1.6630356716632726, 1.6630356716632726, 1.6630356716632726, 1.6630356716632726, 1.6630356716632726, 1.6630356716632726, 1.6630356716632726, 1.6630356716632726, 1.6630356716632726, 1.6630356716632726, 1.6630356716632726, 1.6630356716632726, 1.6630356716632726, 1.6630356716632726, 1.6630356716632726, 1.6630356716632726, 1.6630356716632726, 1.6630356716632726, 1.6630356716632726, 1.6630356716632726, 1.6630356716632726, 1.6630356716632726, 1.6630356716632726, 1.6630356716632726, 1.6630356716632726, 1.6630356716632726, 1.6630356716632726, 1.6630356716632726, 1.6630356716632726, 1.6630356716632726, 1.6630356716632726, 1.6630356716632726, 1.6630356716632726, 1.6630356716632726, 1.6630356716632726, 1.6630356716632726, 1.6630356716632726, 1.6630356716632726, 1.6630356716632726, 1.6630356716632726, 1.6630356716632726, 1.6630356716632726, 1.6630356716632726, 1.6630356716632726, 1.6630356716632726, 1.6630356716632726, 1.6630356716632726, 1.6630356716632726, 1.6630356716632726, 1.6630356716632726, 1.6630356716632726, 1.6630356716632726, 1.6630356716632726, 1.6630356716632726, 1.6630356716632726, 1.6630356716632726, 1.6630356716632726, 1.6630356716632726, 1.6630356716632726, 1.6630356716632726, 1.6630356716632726, 1.6630356716632726, 1.6630356716632726, 1.6630356716632726, 1.6630356716632726, 1.6630356716632726, 1.6630356716632726, 1.6630356716632726, 1.6630356716632726, 1.6630356716632726, 1.6630356716632726, 1.6630356716632726, 1.6630356716632726, 1.6630356716632726, 1.6630356716632726, 1.6630356716632726, 1.6630356716632726, 1.6630356716632726, 1.6630356716632726, 1.6630356716632726, 1.6630356716632726, 1.6630356716632726, 1.6630356716632726, 1.6630356716632726, 1.6630356716632726, 1.6630356716632726, 1.6630356716632726, 1.6630356716632726, 1.6630356716632726, 1.6630356716632726, 1.6630356716632726, 1.6630356716632726, 1.6630356716632726, 1.6630356716632726, 1.6630356716632726, 1.6630356716632726, 1.6630356716632726) 

21 : 

x <- c(1.7584072450672275, 1.7584072450672275, 1.7584072450672275, 1.7584072450672275, 1.7584072450672275, 1.7584072450672275, 1.7584072450672275, 1.7584072450672275, 1.7584072450672275, 1.7584072450672275, 1.7584072450672275, 1.7584072450672275, 1.7584072450672275, 1.7584072450672275, 1.7584072450672275, 1.7584072450672275, 1.7584072450672275, 1.7584072450672275, 1.7584072450672275, 1.7584072450672275, 1.7584072450672275, 1.7584072450672275, 1.7584072450672275, 1.7584072450672275, 1.7584072450672275, 1.7584072450672275, 1.7584072450672275, 1.7584072450672275, 1.7584072450672275, 1.7584072450672275, 1.7584072450672275, 1.7584072450672275, 1.7584072450672275, 1.7584072450672275, 1.7584072450672275, 1.7584072450672275, 1.7584072450672275, 1.7584072450672275, 1.7584072450672275, 1.7584072450672275, 1.7584072450672275, 1.7584072450672275, 1.7584072450672275, 1.7584072450672275, 1.7584072450672275, 1.7584072450672275, 1.7584072450672275, 1.7584072450672275, 1.7584072450672275, 1.7584072450672275, 1.7584072450672275, 1.7584072450672275, 1.7584072450672275, 1.7584072450672275, 1.7584072450672275, 1.7584072450672275, 1.7584072450672275, 1.7584072450672275, 1.7584072450672275, 1.7584072450672275, 1.7584072450672275, 1.7584072450672275, 1.7584072450672275, 1.7584072450672275, 1.7584072450672275, 1.7584072450672275, 1.7584072450672275, 1.7584072450672275, 1.7584072450672275, 1.7584072450672275, 1.7584072450672275, 1.7584072450672275, 1.7584072450672275, 1.7584072450672275, 1.7584072450672275, 1.7584072450672275, 1.7584072450672275, 1.7584072450672275, 1.7584072450672275, 1.7584072450672275, 1.7584072450672275, 1.7584072450672275, 1.7584072450672275, 1.7584072450672275, 1.7584072450672275, 1.7584072450672275, 1.7584072450672275, 1.7584072450672275, 1.7584072450672275, 1.7584072450672275, 1.7584072450672275, 1.7584072450672275, 1.7584072450672275, 1.7584072450672275, 1.7584072450672275, 1.7584072450672275, 1.7584072450672275, 1.7584072450672275, 1.7584072450672275, 1.7584072450672275) 

22 : 

x <- c(1.6366498737082988, 1.6366498737082988, 1.6366498737082988, 1.6366498737082988, 1.6366498737082988, 1.6366498737082988, 1.6366498737082988, 1.6366498737082988, 1.6366498737082988, 1.6366498737082988, 1.6366498737082988, 1.6366498737082988, 1.6366498737082988, 1.6366498737082988, 1.6366498737082988, 1.6366498737082988, 1.6366498737082988, 1.6366498737082988, 1.6366498737082988, 1.6366498737082988, 1.6366498737082988, 1.6366498737082988, 1.6366498737082988, 1.6366498737082988, 1.6366498737082988, 1.6366498737082988, 1.6366498737082988, 1.6366498737082988, 1.6366498737082988, 1.6366498737082988, 1.6366498737082988, 1.6366498737082988, 1.6366498737082988, 1.6366498737082988, 1.6366498737082988, 1.6366498737082988, 1.6366498737082988, 1.6366498737082988, 1.6366498737082988, 1.6366498737082988, 1.6366498737082988, 1.6366498737082988, 1.6366498737082988, 1.6366498737082988, 1.6366498737082988, 1.6366498737082988, 1.6366498737082988, 1.6366498737082988, 1.6366498737082988, 1.6366498737082988, 1.6366498737082988, 1.6366498737082988, 1.6366498737082988, 1.6366498737082988, 1.6366498737082988, 1.6366498737082988, 1.6366498737082988, 1.6366498737082988, 1.6366498737082988, 1.6366498737082988, 1.6366498737082988, 1.6366498737082988, 1.6366498737082988, 1.6366498737082988, 1.6366498737082988, 1.6366498737082988, 1.6366498737082988, 1.6366498737082988, 1.6366498737082988, 1.6366498737082988, 1.6366498737082988, 1.6366498737082988, 1.6366498737082988, 1.6366498737082988, 1.6366498737082988, 1.6366498737082988, 1.6366498737082988, 1.6366498737082988, 1.6366498737082988, 1.6366498737082988, 1.6366498737082988, 1.6366498737082988, 1.6366498737082988, 1.6366498737082988, 1.6366498737082988, 1.6366498737082988, 1.6366498737082988, 1.6366498737082988, 1.6366498737082988, 1.6366498737082988, 1.6366498737082988, 1.6366498737082988, 1.6366498737082988, 1.6366498737082988, 1.6366498737082988, 1.6366498737082988, 1.6366498737082988, 1.6366498737082988, 1.6366498737082988, 1.6366498737082988) 

23 : 

x <- c(1.76939660130387, 1.76939660130387, 1.76939660130387, 1.76939660130387, 1.76939660130387, 1.76939660130387, 1.76939660130387, 1.76939660130387, 1.76939660130387, 1.76939660130387, 1.76939660130387, 1.76939660130387, 1.76939660130387, 1.76939660130387, 1.76939660130387, 1.76939660130387, 1.76939660130387, 1.76939660130387, 1.76939660130387, 1.76939660130387, 1.76939660130387, 1.76939660130387, 1.76939660130387, 1.76939660130387, 1.76939660130387, 1.76939660130387, 1.76939660130387, 1.76939660130387, 1.76939660130387, 1.76939660130387, 1.76939660130387, 1.76939660130387, 1.76939660130387, 1.76939660130387, 1.76939660130387, 1.76939660130387, 1.76939660130387, 1.76939660130387, 1.76939660130387, 1.76939660130387, 1.76939660130387, 1.76939660130387, 1.76939660130387, 1.76939660130387, 1.76939660130387, 1.76939660130387, 1.76939660130387, 1.76939660130387, 1.76939660130387, 1.76939660130387, 1.76939660130387, 1.76939660130387, 1.76939660130387, 1.76939660130387, 1.76939660130387, 1.76939660130387, 1.76939660130387, 1.76939660130387, 1.76939660130387, 1.76939660130387, 1.76939660130387, 1.76939660130387, 1.76939660130387, 1.76939660130387, 1.76939660130387, 1.76939660130387, 1.76939660130387, 1.76939660130387, 1.76939660130387, 1.76939660130387, 1.76939660130387, 1.76939660130387, 1.76939660130387, 1.76939660130387, 1.76939660130387, 1.76939660130387, 1.76939660130387, 1.76939660130387, 1.76939660130387, 1.76939660130387, 1.76939660130387, 1.76939660130387, 1.76939660130387, 1.76939660130387, 1.76939660130387, 1.76939660130387, 1.76939660130387, 1.76939660130387, 1.76939660130387, 1.76939660130387, 1.76939660130387, 1.76939660130387, 1.76939660130387, 1.76939660130387, 1.76939660130387, 1.76939660130387, 1.76939660130387, 1.76939660130387, 1.76939660130387, 1.76939660130387) 

24 : 

x <- c(1.7470813804764544, 1.7470813804764544, 1.7470813804764544, 1.7470813804764544, 1.7470813804764544, 1.7470813804764544, 1.7470813804764544, 1.7470813804764544, 1.7470813804764544, 1.7470813804764544, 1.7470813804764544, 1.7470813804764544, 1.7470813804764544, 1.7470813804764544, 1.7470813804764544, 1.7470813804764544, 1.7470813804764544, 1.7470813804764544, 1.7470813804764544, 1.7470813804764544, 1.7470813804764544, 1.7470813804764544, 1.7470813804764544, 1.7470813804764544, 1.7470813804764544, 1.7470813804764544, 1.7470813804764544, 1.7470813804764544, 1.7470813804764544, 1.7470813804764544, 1.7470813804764544, 1.7470813804764544, 1.7470813804764544, 1.7470813804764544, 1.7470813804764544, 1.7470813804764544, 1.7470813804764544, 1.7470813804764544, 1.7470813804764544, 1.7470813804764544, 1.7470813804764544, 1.7470813804764544, 1.7470813804764544, 1.7470813804764544, 1.7470813804764544, 1.7470813804764544, 1.7470813804764544, 1.7470813804764544, 1.7470813804764544, 1.7470813804764544, 1.7470813804764544, 1.7470813804764544, 1.7470813804764544, 1.7470813804764544, 1.7470813804764544, 1.7470813804764544, 1.7470813804764544, 1.7470813804764544, 1.7470813804764544, 1.7470813804764544, 1.7470813804764544, 1.7470813804764544, 1.7470813804764544, 1.7470813804764544, 1.7470813804764544, 1.7470813804764544, 1.7470813804764544, 1.7470813804764544, 1.7470813804764544, 1.7470813804764544, 1.7470813804764544, 1.7470813804764544, 1.7470813804764544, 1.7470813804764544, 1.7470813804764544, 1.7470813804764544, 1.7470813804764544, 1.7470813804764544, 1.7470813804764544, 1.7470813804764544, 1.7470813804764544, 1.7470813804764544, 1.7470813804764544, 1.7470813804764544, 1.7470813804764544, 1.7470813804764544, 1.7470813804764544, 1.7470813804764544, 1.7470813804764544, 1.7470813804764544, 1.7470813804764544, 1.7470813804764544, 1.7470813804764544, 1.7470813804764544, 1.7470813804764544, 1.7470813804764544, 1.7470813804764544, 1.7470813804764544, 1.7470813804764544, 1.7470813804764544) 

25 : 

x <- c(1.5571800609513125, 1.5571800609513125, 1.5571800609513125, 1.5571800609513125, 1.5571800609513125, 1.5571800609513125, 1.5571800609513125, 1.5571800609513125, 1.5571800609513125, 1.5571800609513125, 1.5571800609513125, 1.5571800609513125, 1.5571800609513125, 1.5571800609513125, 1.5571800609513125, 1.5571800609513125, 1.5571800609513125, 1.5571800609513125, 1.5571800609513125, 1.5571800609513125, 1.5571800609513125, 1.5571800609513125, 1.5571800609513125, 1.5571800609513125, 1.5571800609513125, 1.5571800609513125, 1.5571800609513125, 1.5571800609513125, 1.5571800609513125, 1.5571800609513125, 1.5571800609513125, 1.5571800609513125, 1.5571800609513125, 1.5571800609513125, 1.5571800609513125, 1.5571800609513125, 1.5571800609513125, 1.5571800609513125, 1.5571800609513125, 1.5571800609513125, 1.5571800609513125, 1.5571800609513125, 1.5571800609513125, 1.5571800609513125, 1.5571800609513125, 1.5571800609513125, 1.5571800609513125, 1.5571800609513125, 1.5571800609513125, 1.5571800609513125, 1.5571800609513125, 1.5571800609513125, 1.5571800609513125, 1.5571800609513125, 1.5571800609513125, 1.5571800609513125, 1.5571800609513125, 1.5571800609513125, 1.5571800609513125, 1.5571800609513125, 1.5571800609513125, 1.5571800609513125, 1.5571800609513125, 1.5571800609513125, 1.5571800609513125, 1.5571800609513125, 1.5571800609513125, 1.5571800609513125, 1.5571800609513125, 1.5571800609513125, 1.5571800609513125, 1.5571800609513125, 1.5571800609513125, 1.5571800609513125, 1.5571800609513125, 1.5571800609513125, 1.5571800609513125, 1.5571800609513125, 1.5571800609513125, 1.5571800609513125, 1.5571800609513125, 1.5571800609513125, 1.5571800609513125, 1.5571800609513125, 1.5571800609513125, 1.5571800609513125, 1.5571800609513125, 1.5571800609513125, 1.5571800609513125, 1.5571800609513125, 1.5571800609513125, 1.5571800609513125, 1.5571800609513125, 1.5571800609513125, 1.5571800609513125, 1.5571800609513125, 1.5571800609513125, 1.5571800609513125, 1.5571800609513125, 1.5571800609513125) 

26 : 

x <- c(1.6595798900730558, 1.6595798900730558, 1.6595798900730558, 1.6595798900730558, 1.6595798900730558, 1.6595798900730558, 1.6595798900730558, 1.6595798900730558, 1.6595798900730558, 1.6595798900730558, 1.6595798900730558, 1.6595798900730558, 1.6595798900730558, 1.6595798900730558, 1.6595798900730558, 1.6595798900730558, 1.6595798900730558, 1.6595798900730558, 1.6595798900730558, 1.6595798900730558, 1.6595798900730558, 1.6595798900730558, 1.6595798900730558, 1.6595798900730558, 1.6595798900730558, 1.6595798900730558, 1.6595798900730558, 1.6595798900730558, 1.6595798900730558, 1.6595798900730558, 1.6595798900730558, 1.6595798900730558, 1.6595798900730558, 1.6595798900730558, 1.6595798900730558, 1.6595798900730558, 1.6595798900730558, 1.6595798900730558, 1.6595798900730558, 1.6595798900730558, 1.6595798900730558, 1.6595798900730558, 1.6595798900730558, 1.6595798900730558, 1.6595798900730558, 1.6595798900730558, 1.6595798900730558, 1.6595798900730558, 1.6595798900730558, 1.6595798900730558, 1.6595798900730558, 1.6595798900730558, 1.6595798900730558, 1.6595798900730558, 1.6595798900730558, 1.6595798900730558, 1.6595798900730558, 1.6595798900730558, 1.6595798900730558, 1.6595798900730558, 1.6595798900730558, 1.6595798900730558, 1.6595798900730558, 1.6595798900730558, 1.6595798900730558, 1.6595798900730558, 1.6595798900730558, 1.6595798900730558, 1.6595798900730558, 1.6595798900730558, 1.6595798900730558, 1.6595798900730558, 1.6595798900730558, 1.6595798900730558, 1.6595798900730558, 1.6595798900730558, 1.6595798900730558, 1.6595798900730558, 1.6595798900730558, 1.6595798900730558, 1.6595798900730558, 1.6595798900730558, 1.6595798900730558, 1.6595798900730558, 1.6595798900730558, 1.6595798900730558, 1.6595798900730558, 1.6595798900730558, 1.6595798900730558, 1.6595798900730558, 1.6595798900730558, 1.6595798900730558, 1.6595798900730558, 1.6595798900730558, 1.6595798900730558, 1.6595798900730558, 1.6595798900730558, 1.6595798900730558, 1.6595798900730558, 1.6595798900730558) 

27 : 

x <- c(1.5592573709701396, 1.5592573709701396, 1.5592573709701396, 1.5592573709701396, 1.5592573709701396, 1.5592573709701396, 1.5592573709701396, 1.5592573709701396, 1.5592573709701396, 1.5592573709701396, 1.5592573709701396, 1.5592573709701396, 1.5592573709701396, 1.5592573709701396, 1.5592573709701396, 1.5592573709701396, 1.5592573709701396, 1.5592573709701396, 1.5592573709701396, 1.5592573709701396, 1.5592573709701396, 1.5592573709701396, 1.5592573709701396, 1.5592573709701396, 1.5592573709701396, 1.5592573709701396, 1.5592573709701396, 1.5592573709701396, 1.5592573709701396, 1.5592573709701396, 1.5592573709701396, 1.5592573709701396, 1.5592573709701396, 1.5592573709701396, 1.5592573709701396, 1.5592573709701396, 1.5592573709701396, 1.5592573709701396, 1.5592573709701396, 1.5592573709701396, 1.5592573709701396, 1.5592573709701396, 1.5592573709701396, 1.5592573709701396, 1.5592573709701396, 1.5592573709701396, 1.5592573709701396, 1.5592573709701396, 1.5592573709701396, 1.5592573709701396, 1.5592573709701396, 1.5592573709701396, 1.5592573709701396, 1.5592573709701396, 1.5592573709701396, 1.5592573709701396, 1.5592573709701396, 1.5592573709701396, 1.5592573709701396, 1.5592573709701396, 1.5592573709701396, 1.5592573709701396, 1.5592573709701396, 1.5592573709701396, 1.5592573709701396, 1.5592573709701396, 1.5592573709701396, 1.5592573709701396, 1.5592573709701396, 1.5592573709701396, 1.5592573709701396, 1.5592573709701396, 1.5592573709701396, 1.5592573709701396, 1.5592573709701396, 1.5592573709701396, 1.5592573709701396, 1.5592573709701396, 1.5592573709701396, 1.5592573709701396, 1.5592573709701396, 1.5592573709701396, 1.5592573709701396, 1.5592573709701396, 1.5592573709701396, 1.5592573709701396, 1.5592573709701396, 1.5592573709701396, 1.5592573709701396, 1.5592573709701396, 1.5592573709701396, 1.5592573709701396, 1.5592573709701396, 1.5592573709701396, 1.5592573709701396, 1.5592573709701396, 1.5592573709701396, 1.5592573709701396, 1.5592573709701396, 1.5592573709701396) 

28 : 

x <- c(1.5144175463880136, 1.5144175463880136, 1.5144175463880136, 1.5144175463880136, 1.5144175463880136, 1.5144175463880136, 1.5144175463880136, 1.5144175463880136, 1.5144175463880136, 1.5144175463880136, 1.5144175463880136, 1.5144175463880136, 1.5144175463880136, 1.5144175463880136, 1.5144175463880136, 1.5144175463880136, 1.5144175463880136, 1.5144175463880136, 1.5144175463880136, 1.5144175463880136, 1.5144175463880136, 1.5144175463880136, 1.5144175463880136, 1.5144175463880136, 1.5144175463880136, 1.5144175463880136, 1.5144175463880136, 1.5144175463880136, 1.5144175463880136, 1.5144175463880136, 1.5144175463880136, 1.5144175463880136, 1.5144175463880136, 1.5144175463880136, 1.5144175463880136, 1.5144175463880136, 1.5144175463880136, 1.5144175463880136, 1.5144175463880136, 1.5144175463880136, 1.5144175463880136, 1.5144175463880136, 1.5144175463880136, 1.5144175463880136, 1.5144175463880136, 1.5144175463880136, 1.5144175463880136, 1.5144175463880136, 1.5144175463880136, 1.5144175463880136, 1.5144175463880136, 1.5144175463880136, 1.5144175463880136, 1.5144175463880136, 1.5144175463880136, 1.5144175463880136, 1.5144175463880136, 1.5144175463880136, 1.5144175463880136, 1.5144175463880136, 1.5144175463880136, 1.5144175463880136, 1.5144175463880136, 1.5144175463880136, 1.5144175463880136, 1.5144175463880136, 1.5144175463880136, 1.5144175463880136, 1.5144175463880136, 1.5144175463880136, 1.5144175463880136, 1.5144175463880136, 1.5144175463880136, 1.5144175463880136, 1.5144175463880136, 1.5144175463880136, 1.5144175463880136, 1.5144175463880136, 1.5144175463880136, 1.5144175463880136, 1.5144175463880136, 1.5144175463880136, 1.5144175463880136, 1.5144175463880136, 1.5144175463880136, 1.5144175463880136, 1.5144175463880136, 1.5144175463880136, 1.5144175463880136, 1.5144175463880136, 1.5144175463880136, 1.5144175463880136, 1.5144175463880136, 1.5144175463880136, 1.5144175463880136, 1.5144175463880136, 1.5144175463880136, 1.5144175463880136, 1.5144175463880136, 1.5144175463880136) 

29 : 

x <- c(1.699546866903167, 1.699546866903167, 1.699546866903167, 1.699546866903167, 1.699546866903167, 1.699546866903167, 1.699546866903167, 1.699546866903167, 1.699546866903167, 1.699546866903167, 1.699546866903167, 1.699546866903167, 1.699546866903167, 1.699546866903167, 1.699546866903167, 1.699546866903167, 1.699546866903167, 1.699546866903167, 1.699546866903167, 1.699546866903167, 1.699546866903167, 1.699546866903167, 1.699546866903167, 1.699546866903167, 1.699546866903167, 1.699546866903167, 1.699546866903167, 1.699546866903167, 1.699546866903167, 1.699546866903167, 1.699546866903167, 1.699546866903167, 1.699546866903167, 1.699546866903167, 1.699546866903167, 1.699546866903167, 1.699546866903167, 1.699546866903167, 1.699546866903167, 1.699546866903167, 1.699546866903167, 1.699546866903167, 1.699546866903167, 1.699546866903167, 1.699546866903167, 1.699546866903167, 1.699546866903167, 1.699546866903167, 1.699546866903167, 1.699546866903167, 1.699546866903167, 1.699546866903167, 1.699546866903167, 1.699546866903167, 1.699546866903167, 1.699546866903167, 1.699546866903167, 1.699546866903167, 1.699546866903167, 1.699546866903167, 1.699546866903167, 1.699546866903167, 1.699546866903167, 1.699546866903167, 1.699546866903167, 1.699546866903167, 1.699546866903167, 1.699546866903167, 1.699546866903167, 1.699546866903167, 1.699546866903167, 1.699546866903167, 1.699546866903167, 1.699546866903167, 1.699546866903167, 1.699546866903167, 1.699546866903167, 1.699546866903167, 1.699546866903167, 1.699546866903167, 1.699546866903167, 1.699546866903167, 1.699546866903167, 1.699546866903167, 1.699546866903167, 1.699546866903167, 1.699546866903167, 1.699546866903167, 1.699546866903167, 1.699546866903167, 1.699546866903167, 1.699546866903167, 1.699546866903167, 1.699546866903167, 1.699546866903167, 1.699546866903167, 1.699546866903167, 1.699546866903167, 1.699546866903167, 1.699546866903167) 

30 : 

x <- c(1.6026188421753653, 1.6026188421753653, 1.6026188421753653, 1.6026188421753653, 1.6026188421753653, 1.6026188421753653, 1.6026188421753653, 1.6026188421753653, 1.6026188421753653, 1.6026188421753653, 1.6026188421753653, 1.6026188421753653, 1.6026188421753653, 1.6026188421753653, 1.6026188421753653, 1.6026188421753653, 1.6026188421753653, 1.6026188421753653, 1.6026188421753653, 1.6026188421753653, 1.6026188421753653, 1.6026188421753653, 1.6026188421753653, 1.6026188421753653, 1.6026188421753653, 1.6026188421753653, 1.6026188421753653, 1.6026188421753653, 1.6026188421753653, 1.6026188421753653, 1.6026188421753653, 1.6026188421753653, 1.6026188421753653, 1.6026188421753653, 1.6026188421753653, 1.6026188421753653, 1.6026188421753653, 1.6026188421753653, 1.6026188421753653, 1.6026188421753653, 1.6026188421753653, 1.6026188421753653, 1.6026188421753653, 1.6026188421753653, 1.6026188421753653, 1.6026188421753653, 1.6026188421753653, 1.6026188421753653, 1.6026188421753653, 1.6026188421753653, 1.6026188421753653, 1.6026188421753653, 1.6026188421753653, 1.6026188421753653, 1.6026188421753653, 1.6026188421753653, 1.6026188421753653, 1.6026188421753653, 1.6026188421753653, 1.6026188421753653, 1.6026188421753653, 1.6026188421753653, 1.6026188421753653, 1.6026188421753653, 1.6026188421753653, 1.6026188421753653, 1.6026188421753653, 1.6026188421753653, 1.6026188421753653, 1.6026188421753653, 1.6026188421753653, 1.6026188421753653, 1.6026188421753653, 1.6026188421753653, 1.6026188421753653, 1.6026188421753653, 1.6026188421753653, 1.6026188421753653, 1.6026188421753653, 1.6026188421753653, 1.6026188421753653, 1.6026188421753653, 1.6026188421753653, 1.6026188421753653, 1.6026188421753653, 1.6026188421753653, 1.6026188421753653, 1.6026188421753653, 1.6026188421753653, 1.6026188421753653, 1.6026188421753653, 1.6026188421753653, 1.6026188421753653, 1.6026188421753653, 1.6026188421753653, 1.6026188421753653, 1.6026188421753653, 1.6026188421753653, 1.6026188421753653, 1.6026188421753653) 



