med: 790.672424737781/desvio: 48.54147674294963


Funcoes: 

Erros: 

1 : 

x <- c(836.7597590468308, 836.7597590468308, 836.7597590468308, 836.7597590468308, 836.7597590468308, 836.7597590468308, 836.7597590468308, 836.7597590468308, 836.7597590468308, 836.7597590468308, 836.7597590468308, 836.7597590468308, 836.7597590468308, 836.7597590468308, 836.7597590468308, 836.7597590468308, 836.7597590468308, 836.7597590468308, 836.7597590468308, 836.7597590468308, 836.7597590468308, 836.7597590468308, 836.7597590468308, 836.7597590468308, 836.7597590468308, 836.7597590468308, 836.7597590468308, 836.7597590468308, 836.7597590468308, 836.7597590468308, 836.7597590468308, 836.7597590468308, 836.7597590468308, 836.7597590468308, 836.7597590468308, 836.7597590468308, 836.7597590468308, 836.7597590468308, 836.7597590468308, 836.7597590468308, 836.7597590468308, 836.7597590468308, 836.7597590468308, 836.7597590468308, 836.7597590468308, 836.7597590468308, 836.7597590468308, 836.7597590468308, 836.7597590468308, 836.7597590468308, 836.7597590468308, 836.7597590468308, 836.7597590468308, 836.7597590468308, 836.7597590468308, 836.7597590468308, 836.7597590468308, 836.7597590468308, 836.7597590468308, 836.7597590468308, 836.7597590468308, 836.7597590468308, 836.7597590468308, 836.7597590468308, 836.7597590468308, 836.7597590468308, 836.7597590468308, 836.7597590468308, 836.7597590468308, 836.7597590468308, 836.7597590468308, 836.7597590468308, 836.7597590468308, 836.7597590468308, 836.7597590468308, 836.7597590468308, 836.7597590468308, 836.7597590468308, 836.7597590468308, 836.7597590468308, 836.7597590468308, 836.7597590468308, 836.7597590468308, 836.7597590468308, 836.7597590468308, 836.7597590468308, 836.7597590468308, 836.7597590468308, 836.7597590468308, 836.7597590468308, 836.7597590468308, 836.7597590468308, 836.7597590468308, 836.7597590468308, 836.7597590468308, 836.7597590468308, 836.7597590468308, 836.7597590468308, 836.7597590468308, 836.7597590468308) 

2 : 

x <- c(775.3622187519509, 775.3622187519509, 775.3622187519509, 775.3622187519509, 775.3622187519509, 775.3622187519509, 775.3622187519509, 775.3622187519509, 775.3622187519509, 775.3622187519509, 775.3622187519509, 775.3622187519509, 775.3622187519509, 775.3622187519509, 775.3622187519509, 775.3622187519509, 775.3622187519509, 775.3622187519509, 775.3622187519509, 775.3622187519509, 775.3622187519509, 775.3622187519509, 775.3622187519509, 775.3622187519509, 775.3622187519509, 775.3622187519509, 775.3622187519509, 775.3622187519509, 775.3622187519509, 775.3622187519509, 775.3622187519509, 775.3622187519509, 775.3622187519509, 775.3622187519509, 775.3622187519509, 775.3622187519509, 775.3622187519509, 775.3622187519509, 775.3622187519509, 775.3622187519509, 775.3622187519509, 775.3622187519509, 775.3622187519509, 775.3622187519509, 775.3622187519509, 775.3622187519509, 775.3622187519509, 775.3622187519509, 775.3622187519509, 775.3622187519509, 775.3622187519509, 775.3622187519509, 775.3622187519509, 775.3622187519509, 775.3622187519509, 775.3622187519509, 775.3622187519509, 775.3622187519509, 775.3622187519509, 775.3622187519509, 775.3622187519509, 775.3622187519509, 775.3622187519509, 775.3622187519509, 775.3622187519509, 775.3622187519509, 775.3622187519509, 775.3622187519509, 775.3622187519509, 775.3622187519509, 775.3622187519509, 775.3622187519509, 775.3622187519509, 775.3622187519509, 775.3622187519509, 775.3622187519509, 775.3622187519509, 775.3622187519509, 775.3622187519509, 775.3622187519509, 775.3622187519509, 775.3622187519509, 775.3622187519509, 775.3622187519509, 775.3622187519509, 775.3622187519509, 775.3622187519509, 775.3622187519509, 775.3622187519509, 775.3622187519509, 775.3622187519509, 775.3622187519509, 775.3622187519509, 775.3622187519509, 775.3622187519509, 775.3622187519509, 775.3622187519509, 775.3622187519509, 775.3622187519509, 775.3622187519509) 

3 : 

x <- c(751.148571975237, 751.148571975237, 751.148571975237, 751.148571975237, 751.148571975237, 751.148571975237, 751.148571975237, 751.148571975237, 751.148571975237, 751.148571975237, 751.148571975237, 751.148571975237, 751.148571975237, 751.148571975237, 751.148571975237, 751.148571975237, 751.148571975237, 751.148571975237, 751.148571975237, 751.148571975237, 751.148571975237, 751.148571975237, 751.148571975237, 751.148571975237, 751.148571975237, 751.148571975237, 751.148571975237, 751.148571975237, 751.148571975237, 751.148571975237, 751.148571975237, 751.148571975237, 751.148571975237, 751.148571975237, 751.148571975237, 751.148571975237, 751.148571975237, 751.148571975237, 751.148571975237, 751.148571975237, 751.148571975237, 751.148571975237, 751.148571975237, 751.148571975237, 751.148571975237, 751.148571975237, 751.148571975237, 751.148571975237, 751.148571975237, 751.148571975237, 751.148571975237, 751.148571975237, 751.148571975237, 751.148571975237, 751.148571975237, 751.148571975237, 751.148571975237, 751.148571975237, 751.148571975237, 751.148571975237, 751.148571975237, 751.148571975237, 751.148571975237, 751.148571975237, 751.148571975237, 751.148571975237, 751.148571975237, 751.148571975237, 751.148571975237, 751.148571975237, 751.148571975237, 751.148571975237, 751.148571975237, 751.148571975237, 751.148571975237, 751.148571975237, 751.148571975237, 751.148571975237, 751.148571975237, 751.148571975237, 751.148571975237, 751.148571975237, 751.148571975237, 751.148571975237, 751.148571975237, 751.148571975237, 751.148571975237, 751.148571975237, 751.148571975237, 751.148571975237, 751.148571975237, 751.148571975237, 751.148571975237, 751.148571975237, 751.148571975237, 751.148571975237, 751.148571975237, 751.148571975237, 751.148571975237, 751.148571975237) 

4 : 

x <- c(729.9358779803376, 729.9358779803376, 729.9358779803376, 729.9358779803376, 729.9358779803376, 729.9358779803376, 729.9358779803376, 729.9358779803376, 729.9358779803376, 729.9358779803376, 729.9358779803376, 729.9358779803376, 729.9358779803376, 729.9358779803376, 729.9358779803376, 729.9358779803376, 729.9358779803376, 729.9358779803376, 729.9358779803376, 729.9358779803376, 729.9358779803376, 729.9358779803376, 729.9358779803376, 729.9358779803376, 729.9358779803376, 729.9358779803376, 729.9358779803376, 729.9358779803376, 729.9358779803376, 729.9358779803376, 729.9358779803376, 729.9358779803376, 729.9358779803376, 729.9358779803376, 729.9358779803376, 729.9358779803376, 729.9358779803376, 729.9358779803376, 729.9358779803376, 729.9358779803376, 729.9358779803376, 729.9358779803376, 729.9358779803376, 729.9358779803376, 729.9358779803376, 729.9358779803376, 729.9358779803376, 729.9358779803376, 729.9358779803376, 729.9358779803376, 729.9358779803376, 729.9358779803376, 729.9358779803376, 729.9358779803376, 729.9358779803376, 729.9358779803376, 729.9358779803376, 729.9358779803376, 729.9358779803376, 729.9358779803376, 729.9358779803376, 729.9358779803376, 729.9358779803376, 729.9358779803376, 729.9358779803376, 729.9358779803376, 729.9358779803376, 729.9358779803376, 729.9358779803376, 729.9358779803376, 729.9358779803376, 729.9358779803376, 729.9358779803376, 729.9358779803376, 729.9358779803376, 729.9358779803376, 729.9358779803376, 729.9358779803376, 729.9358779803376, 729.9358779803376, 729.9358779803376, 729.9358779803376, 729.9358779803376, 729.9358779803376, 729.9358779803376, 729.9358779803376, 729.9358779803376, 729.9358779803376, 729.9358779803376, 729.9358779803376, 729.9358779803376, 729.9358779803376, 729.9358779803376, 729.9358779803376, 729.9358779803376, 729.9358779803376, 729.9358779803376, 729.9358779803376, 729.9358779803376, 729.9358779803376) 

5 : 

x <- c(746.02120522374, 746.02120522374, 746.02120522374, 746.02120522374, 746.02120522374, 746.02120522374, 746.02120522374, 746.02120522374, 746.02120522374, 746.02120522374, 746.02120522374, 746.02120522374, 746.02120522374, 746.02120522374, 746.02120522374, 746.02120522374, 746.02120522374, 746.02120522374, 746.02120522374, 746.02120522374, 746.02120522374, 746.02120522374, 746.02120522374, 746.02120522374, 746.02120522374, 746.02120522374, 746.02120522374, 746.02120522374, 746.02120522374, 746.02120522374, 746.02120522374, 746.02120522374, 746.02120522374, 746.02120522374, 746.02120522374, 746.02120522374, 746.02120522374, 746.02120522374, 746.02120522374, 746.02120522374, 746.02120522374, 746.02120522374, 746.02120522374, 746.02120522374, 746.02120522374, 746.02120522374, 746.02120522374, 746.02120522374, 746.02120522374, 746.02120522374, 746.02120522374, 746.02120522374, 746.02120522374, 746.02120522374, 746.02120522374, 746.02120522374, 746.02120522374, 746.02120522374, 746.02120522374, 746.02120522374, 746.02120522374, 746.02120522374, 746.02120522374, 746.02120522374, 746.02120522374, 746.02120522374, 746.02120522374, 746.02120522374, 746.02120522374, 746.02120522374, 746.02120522374, 746.02120522374, 746.02120522374, 746.02120522374, 746.02120522374, 746.02120522374, 746.02120522374, 746.02120522374, 746.02120522374, 746.02120522374, 746.02120522374, 746.02120522374, 746.02120522374, 746.02120522374, 746.02120522374, 746.02120522374, 746.02120522374, 746.02120522374, 746.02120522374, 746.02120522374, 746.02120522374, 746.02120522374, 746.02120522374, 746.02120522374, 746.02120522374, 746.02120522374, 746.02120522374, 746.02120522374, 746.02120522374, 746.02120522374) 

6 : 

x <- c(751.4569949108754, 751.4569949108754, 751.4569949108754, 751.4569949108754, 751.4569949108754, 751.4569949108754, 751.4569949108754, 751.4569949108754, 751.4569949108754, 751.4569949108754, 751.4569949108754, 751.4569949108754, 751.4569949108754, 751.4569949108754, 751.4569949108754, 751.4569949108754, 751.4569949108754, 751.4569949108754, 751.4569949108754, 751.4569949108754, 751.4569949108754, 751.4569949108754, 751.4569949108754, 751.4569949108754, 751.4569949108754, 751.4569949108754, 751.4569949108754, 751.4569949108754, 751.4569949108754, 751.4569949108754, 751.4569949108754, 751.4569949108754, 751.4569949108754, 751.4569949108754, 751.4569949108754, 751.4569949108754, 751.4569949108754, 751.4569949108754, 751.4569949108754, 751.4569949108754, 751.4569949108754, 751.4569949108754, 751.4569949108754, 751.4569949108754, 751.4569949108754, 751.4569949108754, 751.4569949108754, 751.4569949108754, 751.4569949108754, 751.4569949108754, 751.4569949108754, 751.4569949108754, 751.4569949108754, 751.4569949108754, 751.4569949108754, 751.4569949108754, 751.4569949108754, 751.4569949108754, 751.4569949108754, 751.4569949108754, 751.4569949108754, 751.4569949108754, 751.4569949108754, 751.4569949108754, 751.4569949108754, 751.4569949108754, 751.4569949108754, 751.4569949108754, 751.4569949108754, 751.4569949108754, 751.4569949108754, 751.4569949108754, 751.4569949108754, 751.4569949108754, 751.4569949108754, 751.4569949108754, 751.4569949108754, 751.4569949108754, 751.4569949108754, 751.4569949108754, 751.4569949108754, 751.4569949108754, 751.4569949108754, 751.4569949108754, 751.4569949108754, 751.4569949108754, 751.4569949108754, 751.4569949108754, 751.4569949108754, 751.4569949108754, 751.4569949108754, 751.4569949108754, 751.4569949108754, 751.4569949108754, 751.4569949108754, 751.4569949108754, 751.4569949108754, 751.4569949108754, 751.4569949108754, 751.4569949108754) 

7 : 

x <- c(739.7467053349719, 739.7467053349719, 739.7467053349719, 739.7467053349719, 739.7467053349719, 739.7467053349719, 739.7467053349719, 739.7467053349719, 739.7467053349719, 739.7467053349719, 739.7467053349719, 739.7467053349719, 739.7467053349719, 739.7467053349719, 739.7467053349719, 739.7467053349719, 739.7467053349719, 739.7467053349719, 739.7467053349719, 739.7467053349719, 739.7467053349719, 739.7467053349719, 739.7467053349719, 739.7467053349719, 739.7467053349719, 739.7467053349719, 739.7467053349719, 739.7467053349719, 739.7467053349719, 739.7467053349719, 739.7467053349719, 739.7467053349719, 739.7467053349719, 739.7467053349719, 739.7467053349719, 739.7467053349719, 739.7467053349719, 739.7467053349719, 739.7467053349719, 739.7467053349719, 739.7467053349719, 739.7467053349719, 739.7467053349719, 739.7467053349719, 739.7467053349719, 739.7467053349719, 739.7467053349719, 739.7467053349719, 739.7467053349719, 739.7467053349719, 739.7467053349719, 739.7467053349719, 739.7467053349719, 739.7467053349719, 739.7467053349719, 739.7467053349719, 739.7467053349719, 739.7467053349719, 739.7467053349719, 739.7467053349719, 739.7467053349719, 739.7467053349719, 739.7467053349719, 739.7467053349719, 739.7467053349719, 739.7467053349719, 739.7467053349719, 739.7467053349719, 739.7467053349719, 739.7467053349719, 739.7467053349719, 739.7467053349719, 739.7467053349719, 739.7467053349719, 739.7467053349719, 739.7467053349719, 739.7467053349719, 739.7467053349719, 739.7467053349719, 739.7467053349719, 739.7467053349719, 739.7467053349719, 739.7467053349719, 739.7467053349719, 739.7467053349719, 739.7467053349719, 739.7467053349719, 739.7467053349719, 739.7467053349719, 739.7467053349719, 739.7467053349719, 739.7467053349719, 739.7467053349719, 739.7467053349719, 739.7467053349719, 739.7467053349719, 739.7467053349719, 739.7467053349719, 739.7467053349719, 739.7467053349719) 

8 : 

x <- c(750.7049920497682, 750.7049920497682, 750.7049920497682, 750.7049920497682, 750.7049920497682, 750.7049920497682, 750.7049920497682, 750.7049920497682, 750.7049920497682, 750.7049920497682, 750.7049920497682, 750.7049920497682, 750.7049920497682, 750.7049920497682, 750.7049920497682, 750.7049920497682, 750.7049920497682, 750.7049920497682, 750.7049920497682, 750.7049920497682, 750.7049920497682, 750.7049920497682, 750.7049920497682, 750.7049920497682, 750.7049920497682, 750.7049920497682, 750.7049920497682, 750.7049920497682, 750.7049920497682, 750.7049920497682, 750.7049920497682, 750.7049920497682, 750.7049920497682, 750.7049920497682, 750.7049920497682, 750.7049920497682, 750.7049920497682, 750.7049920497682, 750.7049920497682, 750.7049920497682, 750.7049920497682, 750.7049920497682, 750.7049920497682, 750.7049920497682, 750.7049920497682, 750.7049920497682, 750.7049920497682, 750.7049920497682, 750.7049920497682, 750.7049920497682, 750.7049920497682, 750.7049920497682, 750.7049920497682, 750.7049920497682, 750.7049920497682, 750.7049920497682, 750.7049920497682, 750.7049920497682, 750.7049920497682, 750.7049920497682, 750.7049920497682, 750.7049920497682, 750.7049920497682, 750.7049920497682, 750.7049920497682, 750.7049920497682, 750.7049920497682, 750.7049920497682, 750.7049920497682, 750.7049920497682, 750.7049920497682, 750.7049920497682, 750.7049920497682, 750.7049920497682, 750.7049920497682, 750.7049920497682, 750.7049920497682, 750.7049920497682, 750.7049920497682, 750.7049920497682, 750.7049920497682, 750.7049920497682, 750.7049920497682, 750.7049920497682, 750.7049920497682, 750.7049920497682, 750.7049920497682, 750.7049920497682, 750.7049920497682, 750.7049920497682, 750.7049920497682, 750.7049920497682, 750.7049920497682, 750.7049920497682, 750.7049920497682, 750.7049920497682, 750.7049920497682, 750.7049920497682, 750.7049920497682, 750.7049920497682) 

9 : 

x <- c(896.123400627393, 896.123400627393, 896.123400627393, 896.123400627393, 896.123400627393, 896.123400627393, 896.123400627393, 896.123400627393, 896.123400627393, 896.123400627393, 896.123400627393, 896.123400627393, 896.123400627393, 896.123400627393, 896.123400627393, 896.123400627393, 896.123400627393, 896.123400627393, 896.123400627393, 896.123400627393, 896.123400627393, 896.123400627393, 896.123400627393, 896.123400627393, 896.123400627393, 896.123400627393, 896.123400627393, 896.123400627393, 896.123400627393, 896.123400627393, 896.123400627393, 896.123400627393, 896.123400627393, 896.123400627393, 896.123400627393, 896.123400627393, 896.123400627393, 896.123400627393, 896.123400627393, 896.123400627393, 896.123400627393, 896.123400627393, 896.123400627393, 896.123400627393, 896.123400627393, 896.123400627393, 896.123400627393, 896.123400627393, 896.123400627393, 896.123400627393, 896.123400627393, 896.123400627393, 896.123400627393, 896.123400627393, 896.123400627393, 896.123400627393, 896.123400627393, 896.123400627393, 896.123400627393, 896.123400627393, 896.123400627393, 896.123400627393, 896.123400627393, 896.123400627393, 896.123400627393, 896.123400627393, 896.123400627393, 896.123400627393, 896.123400627393, 896.123400627393, 896.123400627393, 896.123400627393, 896.123400627393, 896.123400627393, 896.123400627393, 896.123400627393, 896.123400627393, 896.123400627393, 896.123400627393, 896.123400627393, 896.123400627393, 896.123400627393, 896.123400627393, 896.123400627393, 896.123400627393, 896.123400627393, 896.123400627393, 896.123400627393, 896.123400627393, 896.123400627393, 896.123400627393, 896.123400627393, 896.123400627393, 896.123400627393, 896.123400627393, 896.123400627393, 896.123400627393, 896.123400627393, 896.123400627393, 896.123400627393) 

10 : 

x <- c(838.2121548852008, 838.2121548852008, 838.2121548852008, 838.2121548852008, 838.2121548852008, 838.2121548852008, 838.2121548852008, 838.2121548852008, 838.2121548852008, 838.2121548852008, 838.2121548852008, 838.2121548852008, 838.2121548852008, 838.2121548852008, 838.2121548852008, 838.2121548852008, 838.2121548852008, 838.2121548852008, 838.2121548852008, 838.2121548852008, 838.2121548852008, 838.2121548852008, 838.2121548852008, 838.2121548852008, 838.2121548852008, 838.2121548852008, 838.2121548852008, 838.2121548852008, 838.2121548852008, 838.2121548852008, 838.2121548852008, 838.2121548852008, 838.2121548852008, 838.2121548852008, 838.2121548852008, 838.2121548852008, 838.2121548852008, 838.2121548852008, 838.2121548852008, 838.2121548852008, 838.2121548852008, 838.2121548852008, 838.2121548852008, 838.2121548852008, 838.2121548852008, 838.2121548852008, 838.2121548852008, 838.2121548852008, 838.2121548852008, 838.2121548852008, 838.2121548852008, 838.2121548852008, 838.2121548852008, 838.2121548852008, 838.2121548852008, 838.2121548852008, 838.2121548852008, 838.2121548852008, 838.2121548852008, 838.2121548852008, 838.2121548852008, 838.2121548852008, 838.2121548852008, 838.2121548852008, 838.2121548852008, 838.2121548852008, 838.2121548852008, 838.2121548852008, 838.2121548852008, 838.2121548852008, 838.2121548852008, 838.2121548852008, 838.2121548852008, 838.2121548852008, 838.2121548852008, 838.2121548852008, 838.2121548852008, 838.2121548852008, 838.2121548852008, 838.2121548852008, 838.2121548852008, 838.2121548852008, 838.2121548852008, 838.2121548852008, 838.2121548852008, 838.2121548852008, 838.2121548852008, 838.2121548852008, 838.2121548852008, 838.2121548852008, 838.2121548852008, 838.2121548852008, 838.2121548852008, 838.2121548852008, 838.2121548852008, 838.2121548852008, 838.2121548852008, 838.2121548852008, 838.2121548852008, 838.2121548852008) 

11 : 

x <- c(796.1346981023994, 796.1346981023994, 796.1346981023994, 796.1346981023994, 796.1346981023994, 796.1346981023994, 796.1346981023994, 796.1346981023994, 796.1346981023994, 796.1346981023994, 796.1346981023994, 796.1346981023994, 796.1346981023994, 796.1346981023994, 796.1346981023994, 796.1346981023994, 796.1346981023994, 796.1346981023994, 796.1346981023994, 796.1346981023994, 796.1346981023994, 796.1346981023994, 796.1346981023994, 796.1346981023994, 796.1346981023994, 796.1346981023994, 796.1346981023994, 796.1346981023994, 796.1346981023994, 796.1346981023994, 796.1346981023994, 796.1346981023994, 796.1346981023994, 796.1346981023994, 796.1346981023994, 796.1346981023994, 796.1346981023994, 796.1346981023994, 796.1346981023994, 796.1346981023994, 796.1346981023994, 796.1346981023994, 796.1346981023994, 796.1346981023994, 796.1346981023994, 796.1346981023994, 796.1346981023994, 796.1346981023994, 796.1346981023994, 796.1346981023994, 796.1346981023994, 796.1346981023994, 796.1346981023994, 796.1346981023994, 796.1346981023994, 796.1346981023994, 796.1346981023994, 796.1346981023994, 796.1346981023994, 796.1346981023994, 796.1346981023994, 796.1346981023994, 796.1346981023994, 796.1346981023994, 796.1346981023994, 796.1346981023994, 796.1346981023994, 796.1346981023994, 796.1346981023994, 796.1346981023994, 796.1346981023994, 796.1346981023994, 796.1346981023994, 796.1346981023994, 796.1346981023994, 796.1346981023994, 796.1346981023994, 796.1346981023994, 796.1346981023994, 796.1346981023994, 796.1346981023994, 796.1346981023994, 796.1346981023994, 796.1346981023994, 796.1346981023994, 796.1346981023994, 796.1346981023994, 796.1346981023994, 796.1346981023994, 796.1346981023994, 796.1346981023994, 796.1346981023994, 796.1346981023994, 796.1346981023994, 796.1346981023994, 796.1346981023994, 796.1346981023994, 796.1346981023994, 796.1346981023994, 796.1346981023994) 

12 : 

x <- c(754.5496666757163, 754.5496666757163, 754.5496666757163, 754.5496666757163, 754.5496666757163, 754.5496666757163, 754.5496666757163, 754.5496666757163, 754.5496666757163, 754.5496666757163, 754.5496666757163, 754.5496666757163, 754.5496666757163, 754.5496666757163, 754.5496666757163, 754.5496666757163, 754.5496666757163, 754.5496666757163, 754.5496666757163, 754.5496666757163, 754.5496666757163, 754.5496666757163, 754.5496666757163, 754.5496666757163, 754.5496666757163, 754.5496666757163, 754.5496666757163, 754.5496666757163, 754.5496666757163, 754.5496666757163, 754.5496666757163, 754.5496666757163, 754.5496666757163, 754.5496666757163, 754.5496666757163, 754.5496666757163, 754.5496666757163, 754.5496666757163, 754.5496666757163, 754.5496666757163, 754.5496666757163, 754.5496666757163, 754.5496666757163, 754.5496666757163, 754.5496666757163, 754.5496666757163, 754.5496666757163, 754.5496666757163, 754.5496666757163, 754.5496666757163, 754.5496666757163, 754.5496666757163, 754.5496666757163, 754.5496666757163, 754.5496666757163, 754.5496666757163, 754.5496666757163, 754.5496666757163, 754.5496666757163, 754.5496666757163, 754.5496666757163, 754.5496666757163, 754.5496666757163, 754.5496666757163, 754.5496666757163, 754.5496666757163, 754.5496666757163, 754.5496666757163, 754.5496666757163, 754.5496666757163, 754.5496666757163, 754.5496666757163, 754.5496666757163, 754.5496666757163, 754.5496666757163, 754.5496666757163, 754.5496666757163, 754.5496666757163, 754.5496666757163, 754.5496666757163, 754.5496666757163, 754.5496666757163, 754.5496666757163, 754.5496666757163, 754.5496666757163, 754.5496666757163, 754.5496666757163, 754.5496666757163, 754.5496666757163, 754.5496666757163, 754.5496666757163, 754.5496666757163, 754.5496666757163, 754.5496666757163, 754.5496666757163, 754.5496666757163, 754.5496666757163, 754.5496666757163, 754.5496666757163, 754.5496666757163) 

13 : 

x <- c(875.75794236758, 875.75794236758, 875.75794236758, 875.75794236758, 875.75794236758, 875.75794236758, 875.75794236758, 875.75794236758, 875.75794236758, 875.75794236758, 875.75794236758, 875.75794236758, 875.75794236758, 875.75794236758, 875.75794236758, 875.75794236758, 875.75794236758, 875.75794236758, 875.75794236758, 875.75794236758, 875.75794236758, 875.75794236758, 875.75794236758, 875.75794236758, 875.75794236758, 875.75794236758, 875.75794236758, 875.75794236758, 875.75794236758, 875.75794236758, 875.75794236758, 875.75794236758, 875.75794236758, 875.75794236758, 875.75794236758, 875.75794236758, 875.75794236758, 875.75794236758, 875.75794236758, 875.75794236758, 875.75794236758, 875.75794236758, 875.75794236758, 875.75794236758, 875.75794236758, 875.75794236758, 875.75794236758, 875.75794236758, 875.75794236758, 875.75794236758, 875.75794236758, 875.75794236758, 875.75794236758, 875.75794236758, 875.75794236758, 875.75794236758, 875.75794236758, 875.75794236758, 875.75794236758, 875.75794236758, 875.75794236758, 875.75794236758, 875.75794236758, 875.75794236758, 875.75794236758, 875.75794236758, 875.75794236758, 875.75794236758, 875.75794236758, 875.75794236758, 875.75794236758, 875.75794236758, 875.75794236758, 875.75794236758, 875.75794236758, 875.75794236758, 875.75794236758, 875.75794236758, 875.75794236758, 875.75794236758, 875.75794236758, 875.75794236758, 875.75794236758, 875.75794236758, 875.75794236758, 875.75794236758, 875.75794236758, 875.75794236758, 875.75794236758, 875.75794236758, 875.75794236758, 875.75794236758, 875.75794236758, 875.75794236758, 875.75794236758, 875.75794236758, 875.75794236758, 875.75794236758, 875.75794236758, 875.75794236758) 

14 : 

x <- c(834.9526659485066, 834.9526659485066, 834.9526659485066, 834.9526659485066, 834.9526659485066, 834.9526659485066, 834.9526659485066, 834.9526659485066, 834.9526659485066, 834.9526659485066, 834.9526659485066, 834.9526659485066, 834.9526659485066, 834.9526659485066, 834.9526659485066, 834.9526659485066, 834.9526659485066, 834.9526659485066, 834.9526659485066, 834.9526659485066, 834.9526659485066, 834.9526659485066, 834.9526659485066, 834.9526659485066, 834.9526659485066, 834.9526659485066, 834.9526659485066, 834.9526659485066, 834.9526659485066, 834.9526659485066, 834.9526659485066, 834.9526659485066, 834.9526659485066, 834.9526659485066, 834.9526659485066, 834.9526659485066, 834.9526659485066, 834.9526659485066, 834.9526659485066, 834.9526659485066, 834.9526659485066, 834.9526659485066, 834.9526659485066, 834.9526659485066, 834.9526659485066, 834.9526659485066, 834.9526659485066, 834.9526659485066, 834.9526659485066, 834.9526659485066, 834.9526659485066, 834.9526659485066, 834.9526659485066, 834.9526659485066, 834.9526659485066, 834.9526659485066, 834.9526659485066, 834.9526659485066, 834.9526659485066, 834.9526659485066, 834.9526659485066, 834.9526659485066, 834.9526659485066, 834.9526659485066, 834.9526659485066, 834.9526659485066, 834.9526659485066, 834.9526659485066, 834.9526659485066, 834.9526659485066, 834.9526659485066, 834.9526659485066, 834.9526659485066, 834.9526659485066, 834.9526659485066, 834.9526659485066, 834.9526659485066, 834.9526659485066, 834.9526659485066, 834.9526659485066, 834.9526659485066, 834.9526659485066, 834.9526659485066, 834.9526659485066, 834.9526659485066, 834.9526659485066, 834.9526659485066, 834.9526659485066, 834.9526659485066, 834.9526659485066, 834.9526659485066, 834.9526659485066, 834.9526659485066, 834.9526659485066, 834.9526659485066, 834.9526659485066, 834.9526659485066, 834.9526659485066, 834.9526659485066, 834.9526659485066) 

15 : 

x <- c(798.9355748853798, 798.9355748853798, 798.9355748853798, 798.9355748853798, 798.9355748853798, 798.9355748853798, 798.9355748853798, 798.9355748853798, 798.9355748853798, 798.9355748853798, 798.9355748853798, 798.9355748853798, 798.9355748853798, 798.9355748853798, 798.9355748853798, 798.9355748853798, 798.9355748853798, 798.9355748853798, 798.9355748853798, 798.9355748853798, 798.9355748853798, 798.9355748853798, 798.9355748853798, 798.9355748853798, 798.9355748853798, 798.9355748853798, 798.9355748853798, 798.9355748853798, 798.9355748853798, 798.9355748853798, 798.9355748853798, 798.9355748853798, 798.9355748853798, 798.9355748853798, 798.9355748853798, 798.9355748853798, 798.9355748853798, 798.9355748853798, 798.9355748853798, 798.9355748853798, 798.9355748853798, 798.9355748853798, 798.9355748853798, 798.9355748853798, 798.9355748853798, 798.9355748853798, 798.9355748853798, 798.9355748853798, 798.9355748853798, 798.9355748853798, 798.9355748853798, 798.9355748853798, 798.9355748853798, 798.9355748853798, 798.9355748853798, 798.9355748853798, 798.9355748853798, 798.9355748853798, 798.9355748853798, 798.9355748853798, 798.9355748853798, 798.9355748853798, 798.9355748853798, 798.9355748853798, 798.9355748853798, 798.9355748853798, 798.9355748853798, 798.9355748853798, 798.9355748853798, 798.9355748853798, 798.9355748853798, 798.9355748853798, 798.9355748853798, 798.9355748853798, 798.9355748853798, 798.9355748853798, 798.9355748853798, 798.9355748853798, 798.9355748853798, 798.9355748853798, 798.9355748853798, 798.9355748853798, 798.9355748853798, 798.9355748853798, 798.9355748853798, 798.9355748853798, 798.9355748853798, 798.9355748853798, 798.9355748853798, 798.9355748853798, 798.9355748853798, 798.9355748853798, 798.9355748853798, 798.9355748853798, 798.9355748853798, 798.9355748853798, 798.9355748853798, 798.9355748853798, 798.9355748853798, 798.9355748853798) 

16 : 

x <- c(773.9486116626117, 773.9486116626117, 773.9486116626117, 773.9486116626117, 773.9486116626117, 773.9486116626117, 773.9486116626117, 773.9486116626117, 773.9486116626117, 773.9486116626117, 773.9486116626117, 773.9486116626117, 773.9486116626117, 773.9486116626117, 773.9486116626117, 773.9486116626117, 773.9486116626117, 773.9486116626117, 773.9486116626117, 773.9486116626117, 773.9486116626117, 773.9486116626117, 773.9486116626117, 773.9486116626117, 773.9486116626117, 773.9486116626117, 773.9486116626117, 773.9486116626117, 773.9486116626117, 773.9486116626117, 773.9486116626117, 773.9486116626117, 773.9486116626117, 773.9486116626117, 773.9486116626117, 773.9486116626117, 773.9486116626117, 773.9486116626117, 773.9486116626117, 773.9486116626117, 773.9486116626117, 773.9486116626117, 773.9486116626117, 773.9486116626117, 773.9486116626117, 773.9486116626117, 773.9486116626117, 773.9486116626117, 773.9486116626117, 773.9486116626117, 773.9486116626117, 773.9486116626117, 773.9486116626117, 773.9486116626117, 773.9486116626117, 773.9486116626117, 773.9486116626117, 773.9486116626117, 773.9486116626117, 773.9486116626117, 773.9486116626117, 773.9486116626117, 773.9486116626117, 773.9486116626117, 773.9486116626117, 773.9486116626117, 773.9486116626117, 773.9486116626117, 773.9486116626117, 773.9486116626117, 773.9486116626117, 773.9486116626117, 773.9486116626117, 773.9486116626117, 773.9486116626117, 773.9486116626117, 773.9486116626117, 773.9486116626117, 773.9486116626117, 773.9486116626117, 773.9486116626117, 773.9486116626117, 773.9486116626117, 773.9486116626117, 773.9486116626117, 773.9486116626117, 773.9486116626117, 773.9486116626117, 773.9486116626117, 773.9486116626117, 773.9486116626117, 773.9486116626117, 773.9486116626117, 773.9486116626117, 773.9486116626117, 773.9486116626117, 773.9486116626117, 773.9486116626117, 773.9486116626117, 773.9486116626117) 

17 : 

x <- c(807.9914240112694, 807.9914240112694, 807.9914240112694, 807.9914240112694, 807.9914240112694, 807.9914240112694, 807.9914240112694, 807.9914240112694, 807.9914240112694, 807.9914240112694, 807.9914240112694, 807.9914240112694, 807.9914240112694, 807.9914240112694, 807.9914240112694, 807.9914240112694, 807.9914240112694, 807.9914240112694, 807.9914240112694, 807.9914240112694, 807.9914240112694, 807.9914240112694, 807.9914240112694, 807.9914240112694, 807.9914240112694, 807.9914240112694, 807.9914240112694, 807.9914240112694, 807.9914240112694, 807.9914240112694, 807.9914240112694, 807.9914240112694, 807.9914240112694, 807.9914240112694, 807.9914240112694, 807.9914240112694, 807.9914240112694, 807.9914240112694, 807.9914240112694, 807.9914240112694, 807.9914240112694, 807.9914240112694, 807.9914240112694, 807.9914240112694, 807.9914240112694, 807.9914240112694, 807.9914240112694, 807.9914240112694, 807.9914240112694, 807.9914240112694, 807.9914240112694, 807.9914240112694, 807.9914240112694, 807.9914240112694, 807.9914240112694, 807.9914240112694, 807.9914240112694, 807.9914240112694, 807.9914240112694, 807.9914240112694, 807.9914240112694, 807.9914240112694, 807.9914240112694, 807.9914240112694, 807.9914240112694, 807.9914240112694, 807.9914240112694, 807.9914240112694, 807.9914240112694, 807.9914240112694, 807.9914240112694, 807.9914240112694, 807.9914240112694, 807.9914240112694, 807.9914240112694, 807.9914240112694, 807.9914240112694, 807.9914240112694, 807.9914240112694, 807.9914240112694, 807.9914240112694, 807.9914240112694, 807.9914240112694, 807.9914240112694, 807.9914240112694, 807.9914240112694, 807.9914240112694, 807.9914240112694, 807.9914240112694, 807.9914240112694, 807.9914240112694, 807.9914240112694, 807.9914240112694, 807.9914240112694, 807.9914240112694, 807.9914240112694, 807.9914240112694, 807.9914240112694, 807.9914240112694, 807.9914240112694) 

18 : 

x <- c(748.84508262036, 748.84508262036, 748.84508262036, 748.84508262036, 748.84508262036, 748.84508262036, 748.84508262036, 748.84508262036, 748.84508262036, 748.84508262036, 748.84508262036, 748.84508262036, 748.84508262036, 748.84508262036, 748.84508262036, 748.84508262036, 748.84508262036, 748.84508262036, 748.84508262036, 748.84508262036, 748.84508262036, 748.84508262036, 748.84508262036, 748.84508262036, 748.84508262036, 748.84508262036, 748.84508262036, 748.84508262036, 748.84508262036, 748.84508262036, 748.84508262036, 748.84508262036, 748.84508262036, 748.84508262036, 748.84508262036, 748.84508262036, 748.84508262036, 748.84508262036, 748.84508262036, 748.84508262036, 748.84508262036, 748.84508262036, 748.84508262036, 748.84508262036, 748.84508262036, 748.84508262036, 748.84508262036, 748.84508262036, 748.84508262036, 748.84508262036, 748.84508262036, 748.84508262036, 748.84508262036, 748.84508262036, 748.84508262036, 748.84508262036, 748.84508262036, 748.84508262036, 748.84508262036, 748.84508262036, 748.84508262036, 748.84508262036, 748.84508262036, 748.84508262036, 748.84508262036, 748.84508262036, 748.84508262036, 748.84508262036, 748.84508262036, 748.84508262036, 748.84508262036, 748.84508262036, 748.84508262036, 748.84508262036, 748.84508262036, 748.84508262036, 748.84508262036, 748.84508262036, 748.84508262036, 748.84508262036, 748.84508262036, 748.84508262036, 748.84508262036, 748.84508262036, 748.84508262036, 748.84508262036, 748.84508262036, 748.84508262036, 748.84508262036, 748.84508262036, 748.84508262036, 748.84508262036, 748.84508262036, 748.84508262036, 748.84508262036, 748.84508262036, 748.84508262036, 748.84508262036, 748.84508262036, 748.84508262036) 

19 : 

x <- c(773.3357403014109, 773.3357403014109, 773.3357403014109, 773.3357403014109, 773.3357403014109, 773.3357403014109, 773.3357403014109, 773.3357403014109, 773.3357403014109, 773.3357403014109, 773.3357403014109, 773.3357403014109, 773.3357403014109, 773.3357403014109, 773.3357403014109, 773.3357403014109, 773.3357403014109, 773.3357403014109, 773.3357403014109, 773.3357403014109, 773.3357403014109, 773.3357403014109, 773.3357403014109, 773.3357403014109, 773.3357403014109, 773.3357403014109, 773.3357403014109, 773.3357403014109, 773.3357403014109, 773.3357403014109, 773.3357403014109, 773.3357403014109, 773.3357403014109, 773.3357403014109, 773.3357403014109, 773.3357403014109, 773.3357403014109, 773.3357403014109, 773.3357403014109, 773.3357403014109, 773.3357403014109, 773.3357403014109, 773.3357403014109, 773.3357403014109, 773.3357403014109, 773.3357403014109, 773.3357403014109, 773.3357403014109, 773.3357403014109, 773.3357403014109, 773.3357403014109, 773.3357403014109, 773.3357403014109, 773.3357403014109, 773.3357403014109, 773.3357403014109, 773.3357403014109, 773.3357403014109, 773.3357403014109, 773.3357403014109, 773.3357403014109, 773.3357403014109, 773.3357403014109, 773.3357403014109, 773.3357403014109, 773.3357403014109, 773.3357403014109, 773.3357403014109, 773.3357403014109, 773.3357403014109, 773.3357403014109, 773.3357403014109, 773.3357403014109, 773.3357403014109, 773.3357403014109, 773.3357403014109, 773.3357403014109, 773.3357403014109, 773.3357403014109, 773.3357403014109, 773.3357403014109, 773.3357403014109, 773.3357403014109, 773.3357403014109, 773.3357403014109, 773.3357403014109, 773.3357403014109, 773.3357403014109, 773.3357403014109, 773.3357403014109, 773.3357403014109, 773.3357403014109, 773.3357403014109, 773.3357403014109, 773.3357403014109, 773.3357403014109, 773.3357403014109, 773.3357403014109, 773.3357403014109, 773.3357403014109) 

20 : 

x <- c(769.7363320921022, 769.7363320921022, 769.7363320921022, 769.7363320921022, 769.7363320921022, 769.7363320921022, 769.7363320921022, 769.7363320921022, 769.7363320921022, 769.7363320921022, 769.7363320921022, 769.7363320921022, 769.7363320921022, 769.7363320921022, 769.7363320921022, 769.7363320921022, 769.7363320921022, 769.7363320921022, 769.7363320921022, 769.7363320921022, 769.7363320921022, 769.7363320921022, 769.7363320921022, 769.7363320921022, 769.7363320921022, 769.7363320921022, 769.7363320921022, 769.7363320921022, 769.7363320921022, 769.7363320921022, 769.7363320921022, 769.7363320921022, 769.7363320921022, 769.7363320921022, 769.7363320921022, 769.7363320921022, 769.7363320921022, 769.7363320921022, 769.7363320921022, 769.7363320921022, 769.7363320921022, 769.7363320921022, 769.7363320921022, 769.7363320921022, 769.7363320921022, 769.7363320921022, 769.7363320921022, 769.7363320921022, 769.7363320921022, 769.7363320921022, 769.7363320921022, 769.7363320921022, 769.7363320921022, 769.7363320921022, 769.7363320921022, 769.7363320921022, 769.7363320921022, 769.7363320921022, 769.7363320921022, 769.7363320921022, 769.7363320921022, 769.7363320921022, 769.7363320921022, 769.7363320921022, 769.7363320921022, 769.7363320921022, 769.7363320921022, 769.7363320921022, 769.7363320921022, 769.7363320921022, 769.7363320921022, 769.7363320921022, 769.7363320921022, 769.7363320921022, 769.7363320921022, 769.7363320921022, 769.7363320921022, 769.7363320921022, 769.7363320921022, 769.7363320921022, 769.7363320921022, 769.7363320921022, 769.7363320921022, 769.7363320921022, 769.7363320921022, 769.7363320921022, 769.7363320921022, 769.7363320921022, 769.7363320921022, 769.7363320921022, 769.7363320921022, 769.7363320921022, 769.7363320921022, 769.7363320921022, 769.7363320921022, 769.7363320921022, 769.7363320921022, 769.7363320921022, 769.7363320921022, 769.7363320921022) 

21 : 

x <- c(830.003625725913, 830.003625725913, 830.003625725913, 830.003625725913, 830.003625725913, 830.003625725913, 830.003625725913, 830.003625725913, 830.003625725913, 830.003625725913, 830.003625725913, 830.003625725913, 830.003625725913, 830.003625725913, 830.003625725913, 830.003625725913, 830.003625725913, 830.003625725913, 830.003625725913, 830.003625725913, 830.003625725913, 830.003625725913, 830.003625725913, 830.003625725913, 830.003625725913, 830.003625725913, 830.003625725913, 830.003625725913, 830.003625725913, 830.003625725913, 830.003625725913, 830.003625725913, 830.003625725913, 830.003625725913, 830.003625725913, 830.003625725913, 830.003625725913, 830.003625725913, 830.003625725913, 830.003625725913, 830.003625725913, 830.003625725913, 830.003625725913, 830.003625725913, 830.003625725913, 830.003625725913, 830.003625725913, 830.003625725913, 830.003625725913, 830.003625725913, 830.003625725913, 830.003625725913, 830.003625725913, 830.003625725913, 830.003625725913, 830.003625725913, 830.003625725913, 830.003625725913, 830.003625725913, 830.003625725913, 830.003625725913, 830.003625725913, 830.003625725913, 830.003625725913, 830.003625725913, 830.003625725913, 830.003625725913, 830.003625725913, 830.003625725913, 830.003625725913, 830.003625725913, 830.003625725913, 830.003625725913, 830.003625725913, 830.003625725913, 830.003625725913, 830.003625725913, 830.003625725913, 830.003625725913, 830.003625725913, 830.003625725913, 830.003625725913, 830.003625725913, 830.003625725913, 830.003625725913, 830.003625725913, 830.003625725913, 830.003625725913, 830.003625725913, 830.003625725913, 830.003625725913, 830.003625725913, 830.003625725913, 830.003625725913, 830.003625725913, 830.003625725913, 830.003625725913, 830.003625725913, 830.003625725913, 830.003625725913) 

22 : 

x <- c(805.4996391899442, 805.4996391899442, 805.4996391899442, 805.4996391899442, 805.4996391899442, 805.4996391899442, 805.4996391899442, 805.4996391899442, 805.4996391899442, 805.4996391899442, 805.4996391899442, 805.4996391899442, 805.4996391899442, 805.4996391899442, 805.4996391899442, 805.4996391899442, 805.4996391899442, 805.4996391899442, 805.4996391899442, 805.4996391899442, 805.4996391899442, 805.4996391899442, 805.4996391899442, 805.4996391899442, 805.4996391899442, 805.4996391899442, 805.4996391899442, 805.4996391899442, 805.4996391899442, 805.4996391899442, 805.4996391899442, 805.4996391899442, 805.4996391899442, 805.4996391899442, 805.4996391899442, 805.4996391899442, 805.4996391899442, 805.4996391899442, 805.4996391899442, 805.4996391899442, 805.4996391899442, 805.4996391899442, 805.4996391899442, 805.4996391899442, 805.4996391899442, 805.4996391899442, 805.4996391899442, 805.4996391899442, 805.4996391899442, 805.4996391899442, 805.4996391899442, 805.4996391899442, 805.4996391899442, 805.4996391899442, 805.4996391899442, 805.4996391899442, 805.4996391899442, 805.4996391899442, 805.4996391899442, 805.4996391899442, 805.4996391899442, 805.4996391899442, 805.4996391899442, 805.4996391899442, 805.4996391899442, 805.4996391899442, 805.4996391899442, 805.4996391899442, 805.4996391899442, 805.4996391899442, 805.4996391899442, 805.4996391899442, 805.4996391899442, 805.4996391899442, 805.4996391899442, 805.4996391899442, 805.4996391899442, 805.4996391899442, 805.4996391899442, 805.4996391899442, 805.4996391899442, 805.4996391899442, 805.4996391899442, 805.4996391899442, 805.4996391899442, 805.4996391899442, 805.4996391899442, 805.4996391899442, 805.4996391899442, 805.4996391899442, 805.4996391899442, 805.4996391899442, 805.4996391899442, 805.4996391899442, 805.4996391899442, 805.4996391899442, 805.4996391899442, 805.4996391899442, 805.4996391899442, 805.4996391899442) 

23 : 

x <- c(736.947392798599, 736.947392798599, 736.947392798599, 736.947392798599, 736.947392798599, 736.947392798599, 736.947392798599, 736.947392798599, 736.947392798599, 736.947392798599, 736.947392798599, 736.947392798599, 736.947392798599, 736.947392798599, 736.947392798599, 736.947392798599, 736.947392798599, 736.947392798599, 736.947392798599, 736.947392798599, 736.947392798599, 736.947392798599, 736.947392798599, 736.947392798599, 736.947392798599, 736.947392798599, 736.947392798599, 736.947392798599, 736.947392798599, 736.947392798599, 736.947392798599, 736.947392798599, 736.947392798599, 736.947392798599, 736.947392798599, 736.947392798599, 736.947392798599, 736.947392798599, 736.947392798599, 736.947392798599, 736.947392798599, 736.947392798599, 736.947392798599, 736.947392798599, 736.947392798599, 736.947392798599, 736.947392798599, 736.947392798599, 736.947392798599, 736.947392798599, 736.947392798599, 736.947392798599, 736.947392798599, 736.947392798599, 736.947392798599, 736.947392798599, 736.947392798599, 736.947392798599, 736.947392798599, 736.947392798599, 736.947392798599, 736.947392798599, 736.947392798599, 736.947392798599, 736.947392798599, 736.947392798599, 736.947392798599, 736.947392798599, 736.947392798599, 736.947392798599, 736.947392798599, 736.947392798599, 736.947392798599, 736.947392798599, 736.947392798599, 736.947392798599, 736.947392798599, 736.947392798599, 736.947392798599, 736.947392798599, 736.947392798599, 736.947392798599, 736.947392798599, 736.947392798599, 736.947392798599, 736.947392798599, 736.947392798599, 736.947392798599, 736.947392798599, 736.947392798599, 736.947392798599, 736.947392798599, 736.947392798599, 736.947392798599, 736.947392798599, 736.947392798599, 736.947392798599, 736.947392798599, 736.947392798599, 736.947392798599) 

24 : 

x <- c(738.6570202188952, 738.6570202188952, 738.6570202188952, 738.6570202188952, 738.6570202188952, 738.6570202188952, 738.6570202188952, 738.6570202188952, 738.6570202188952, 738.6570202188952, 738.6570202188952, 738.6570202188952, 738.6570202188952, 738.6570202188952, 738.6570202188952, 738.6570202188952, 738.6570202188952, 738.6570202188952, 738.6570202188952, 738.6570202188952, 738.6570202188952, 738.6570202188952, 738.6570202188952, 738.6570202188952, 738.6570202188952, 738.6570202188952, 738.6570202188952, 738.6570202188952, 738.6570202188952, 738.6570202188952, 738.6570202188952, 738.6570202188952, 738.6570202188952, 738.6570202188952, 738.6570202188952, 738.6570202188952, 738.6570202188952, 738.6570202188952, 738.6570202188952, 738.6570202188952, 738.6570202188952, 738.6570202188952, 738.6570202188952, 738.6570202188952, 738.6570202188952, 738.6570202188952, 738.6570202188952, 738.6570202188952, 738.6570202188952, 738.6570202188952, 738.6570202188952, 738.6570202188952, 738.6570202188952, 738.6570202188952, 738.6570202188952, 738.6570202188952, 738.6570202188952, 738.6570202188952, 738.6570202188952, 738.6570202188952, 738.6570202188952, 738.6570202188952, 738.6570202188952, 738.6570202188952, 738.6570202188952, 738.6570202188952, 738.6570202188952, 738.6570202188952, 738.6570202188952, 738.6570202188952, 738.6570202188952, 738.6570202188952, 738.6570202188952, 738.6570202188952, 738.6570202188952, 738.6570202188952, 738.6570202188952, 738.6570202188952, 738.6570202188952, 738.6570202188952, 738.6570202188952, 738.6570202188952, 738.6570202188952, 738.6570202188952, 738.6570202188952, 738.6570202188952, 738.6570202188952, 738.6570202188952, 738.6570202188952, 738.6570202188952, 738.6570202188952, 738.6570202188952, 738.6570202188952, 738.6570202188952, 738.6570202188952, 738.6570202188952, 738.6570202188952, 738.6570202188952, 738.6570202188952, 738.6570202188952) 

25 : 

x <- c(812.246388245946, 812.246388245946, 812.246388245946, 812.246388245946, 812.246388245946, 812.246388245946, 812.246388245946, 812.246388245946, 812.246388245946, 812.246388245946, 812.246388245946, 812.246388245946, 812.246388245946, 812.246388245946, 812.246388245946, 812.246388245946, 812.246388245946, 812.246388245946, 812.246388245946, 812.246388245946, 812.246388245946, 812.246388245946, 812.246388245946, 812.246388245946, 812.246388245946, 812.246388245946, 812.246388245946, 812.246388245946, 812.246388245946, 812.246388245946, 812.246388245946, 812.246388245946, 812.246388245946, 812.246388245946, 812.246388245946, 812.246388245946, 812.246388245946, 812.246388245946, 812.246388245946, 812.246388245946, 812.246388245946, 812.246388245946, 812.246388245946, 812.246388245946, 812.246388245946, 812.246388245946, 812.246388245946, 812.246388245946, 812.246388245946, 812.246388245946, 812.246388245946, 812.246388245946, 812.246388245946, 812.246388245946, 812.246388245946, 812.246388245946, 812.246388245946, 812.246388245946, 812.246388245946, 812.246388245946, 812.246388245946, 812.246388245946, 812.246388245946, 812.246388245946, 812.246388245946, 812.246388245946, 812.246388245946, 812.246388245946, 812.246388245946, 812.246388245946, 812.246388245946, 812.246388245946, 812.246388245946, 812.246388245946, 812.246388245946, 812.246388245946, 812.246388245946, 812.246388245946, 812.246388245946, 812.246388245946, 812.246388245946, 812.246388245946, 812.246388245946, 812.246388245946, 812.246388245946, 812.246388245946, 812.246388245946, 812.246388245946, 812.246388245946, 812.246388245946, 812.246388245946, 812.246388245946, 812.246388245946, 812.246388245946, 812.246388245946, 812.246388245946, 812.246388245946, 812.246388245946, 812.246388245946, 812.246388245946) 

26 : 

x <- c(882.5467236677805, 882.5467236677805, 882.5467236677805, 882.5467236677805, 882.5467236677805, 882.5467236677805, 882.5467236677805, 882.5467236677805, 882.5467236677805, 882.5467236677805, 882.5467236677805, 882.5467236677805, 882.5467236677805, 882.5467236677805, 882.5467236677805, 882.5467236677805, 882.5467236677805, 882.5467236677805, 882.5467236677805, 882.5467236677805, 882.5467236677805, 882.5467236677805, 882.5467236677805, 882.5467236677805, 882.5467236677805, 882.5467236677805, 882.5467236677805, 882.5467236677805, 882.5467236677805, 882.5467236677805, 882.5467236677805, 882.5467236677805, 882.5467236677805, 882.5467236677805, 882.5467236677805, 882.5467236677805, 882.5467236677805, 882.5467236677805, 882.5467236677805, 882.5467236677805, 882.5467236677805, 882.5467236677805, 882.5467236677805, 882.5467236677805, 882.5467236677805, 882.5467236677805, 882.5467236677805, 882.5467236677805, 882.5467236677805, 882.5467236677805, 882.5467236677805, 882.5467236677805, 882.5467236677805, 882.5467236677805, 882.5467236677805, 882.5467236677805, 882.5467236677805, 882.5467236677805, 882.5467236677805, 882.5467236677805, 882.5467236677805, 882.5467236677805, 882.5467236677805, 882.5467236677805, 882.5467236677805, 882.5467236677805, 882.5467236677805, 882.5467236677805, 882.5467236677805, 882.5467236677805, 882.5467236677805, 882.5467236677805, 882.5467236677805, 882.5467236677805, 882.5467236677805, 882.5467236677805, 882.5467236677805, 882.5467236677805, 882.5467236677805, 882.5467236677805, 882.5467236677805, 882.5467236677805, 882.5467236677805, 882.5467236677805, 882.5467236677805, 882.5467236677805, 882.5467236677805, 882.5467236677805, 882.5467236677805, 882.5467236677805, 882.5467236677805, 882.5467236677805, 882.5467236677805, 882.5467236677805, 882.5467236677805, 882.5467236677805, 882.5467236677805, 882.5467236677805, 882.5467236677805, 882.5467236677805) 

27 : 

x <- c(813.6967498915599, 813.6967498915599, 813.6967498915599, 813.6967498915599, 813.6967498915599, 813.6967498915599, 813.6967498915599, 813.6967498915599, 813.6967498915599, 813.6967498915599, 813.6967498915599, 813.6967498915599, 813.6967498915599, 813.6967498915599, 813.6967498915599, 813.6967498915599, 813.6967498915599, 813.6967498915599, 813.6967498915599, 813.6967498915599, 813.6967498915599, 813.6967498915599, 813.6967498915599, 813.6967498915599, 813.6967498915599, 813.6967498915599, 813.6967498915599, 813.6967498915599, 813.6967498915599, 813.6967498915599, 813.6967498915599, 813.6967498915599, 813.6967498915599, 813.6967498915599, 813.6967498915599, 813.6967498915599, 813.6967498915599, 813.6967498915599, 813.6967498915599, 813.6967498915599, 813.6967498915599, 813.6967498915599, 813.6967498915599, 813.6967498915599, 813.6967498915599, 813.6967498915599, 813.6967498915599, 813.6967498915599, 813.6967498915599, 813.6967498915599, 813.6967498915599, 813.6967498915599, 813.6967498915599, 813.6967498915599, 813.6967498915599, 813.6967498915599, 813.6967498915599, 813.6967498915599, 813.6967498915599, 813.6967498915599, 813.6967498915599, 813.6967498915599, 813.6967498915599, 813.6967498915599, 813.6967498915599, 813.6967498915599, 813.6967498915599, 813.6967498915599, 813.6967498915599, 813.6967498915599, 813.6967498915599, 813.6967498915599, 813.6967498915599, 813.6967498915599, 813.6967498915599, 813.6967498915599, 813.6967498915599, 813.6967498915599, 813.6967498915599, 813.6967498915599, 813.6967498915599, 813.6967498915599, 813.6967498915599, 813.6967498915599, 813.6967498915599, 813.6967498915599, 813.6967498915599, 813.6967498915599, 813.6967498915599, 813.6967498915599, 813.6967498915599, 813.6967498915599, 813.6967498915599, 813.6967498915599, 813.6967498915599, 813.6967498915599, 813.6967498915599, 813.6967498915599, 813.6967498915599, 813.6967498915599) 

28 : 

x <- c(860.5845124499208, 860.5845124499208, 860.5845124499208, 860.5845124499208, 860.5845124499208, 860.5845124499208, 860.5845124499208, 860.5845124499208, 860.5845124499208, 860.5845124499208, 860.5845124499208, 860.5845124499208, 860.5845124499208, 860.5845124499208, 860.5845124499208, 860.5845124499208, 860.5845124499208, 860.5845124499208, 860.5845124499208, 860.5845124499208, 860.5845124499208, 860.5845124499208, 860.5845124499208, 860.5845124499208, 860.5845124499208, 860.5845124499208, 860.5845124499208, 860.5845124499208, 860.5845124499208, 860.5845124499208, 860.5845124499208, 860.5845124499208, 860.5845124499208, 860.5845124499208, 860.5845124499208, 860.5845124499208, 860.5845124499208, 860.5845124499208, 860.5845124499208, 860.5845124499208, 860.5845124499208, 860.5845124499208, 860.5845124499208, 860.5845124499208, 860.5845124499208, 860.5845124499208, 860.5845124499208, 860.5845124499208, 860.5845124499208, 860.5845124499208, 860.5845124499208, 860.5845124499208, 860.5845124499208, 860.5845124499208, 860.5845124499208, 860.5845124499208, 860.5845124499208, 860.5845124499208, 860.5845124499208, 860.5845124499208, 860.5845124499208, 860.5845124499208, 860.5845124499208, 860.5845124499208, 860.5845124499208, 860.5845124499208, 860.5845124499208, 860.5845124499208, 860.5845124499208, 860.5845124499208, 860.5845124499208, 860.5845124499208, 860.5845124499208, 860.5845124499208, 860.5845124499208, 860.5845124499208, 860.5845124499208, 860.5845124499208, 860.5845124499208, 860.5845124499208, 860.5845124499208, 860.5845124499208, 860.5845124499208, 860.5845124499208, 860.5845124499208, 860.5845124499208, 860.5845124499208, 860.5845124499208, 860.5845124499208, 860.5845124499208, 860.5845124499208, 860.5845124499208, 860.5845124499208, 860.5845124499208, 860.5845124499208, 860.5845124499208, 860.5845124499208, 860.5845124499208, 860.5845124499208, 860.5845124499208) 

29 : 

x <- c(753.0447190039777, 753.0447190039777, 753.0447190039777, 753.0447190039777, 753.0447190039777, 753.0447190039777, 753.0447190039777, 753.0447190039777, 753.0447190039777, 753.0447190039777, 753.0447190039777, 753.0447190039777, 753.0447190039777, 753.0447190039777, 753.0447190039777, 753.0447190039777, 753.0447190039777, 753.0447190039777, 753.0447190039777, 753.0447190039777, 753.0447190039777, 753.0447190039777, 753.0447190039777, 753.0447190039777, 753.0447190039777, 753.0447190039777, 753.0447190039777, 753.0447190039777, 753.0447190039777, 753.0447190039777, 753.0447190039777, 753.0447190039777, 753.0447190039777, 753.0447190039777, 753.0447190039777, 753.0447190039777, 753.0447190039777, 753.0447190039777, 753.0447190039777, 753.0447190039777, 753.0447190039777, 753.0447190039777, 753.0447190039777, 753.0447190039777, 753.0447190039777, 753.0447190039777, 753.0447190039777, 753.0447190039777, 753.0447190039777, 753.0447190039777, 753.0447190039777, 753.0447190039777, 753.0447190039777, 753.0447190039777, 753.0447190039777, 753.0447190039777, 753.0447190039777, 753.0447190039777, 753.0447190039777, 753.0447190039777, 753.0447190039777, 753.0447190039777, 753.0447190039777, 753.0447190039777, 753.0447190039777, 753.0447190039777, 753.0447190039777, 753.0447190039777, 753.0447190039777, 753.0447190039777, 753.0447190039777, 753.0447190039777, 753.0447190039777, 753.0447190039777, 753.0447190039777, 753.0447190039777, 753.0447190039777, 753.0447190039777, 753.0447190039777, 753.0447190039777, 753.0447190039777, 753.0447190039777, 753.0447190039777, 753.0447190039777, 753.0447190039777, 753.0447190039777, 753.0447190039777, 753.0447190039777, 753.0447190039777, 753.0447190039777, 753.0447190039777, 753.0447190039777, 753.0447190039777, 753.0447190039777, 753.0447190039777, 753.0447190039777, 753.0447190039777, 753.0447190039777, 753.0447190039777, 753.0447190039777) 

30 : 

x <- c(737.2863514872492, 737.2863514872492, 737.2863514872492, 737.2863514872492, 737.2863514872492, 737.2863514872492, 737.2863514872492, 737.2863514872492, 737.2863514872492, 737.2863514872492, 737.2863514872492, 737.2863514872492, 737.2863514872492, 737.2863514872492, 737.2863514872492, 737.2863514872492, 737.2863514872492, 737.2863514872492, 737.2863514872492, 737.2863514872492, 737.2863514872492, 737.2863514872492, 737.2863514872492, 737.2863514872492, 737.2863514872492, 737.2863514872492, 737.2863514872492, 737.2863514872492, 737.2863514872492, 737.2863514872492, 737.2863514872492, 737.2863514872492, 737.2863514872492, 737.2863514872492, 737.2863514872492, 737.2863514872492, 737.2863514872492, 737.2863514872492, 737.2863514872492, 737.2863514872492, 737.2863514872492, 737.2863514872492, 737.2863514872492, 737.2863514872492, 737.2863514872492, 737.2863514872492, 737.2863514872492, 737.2863514872492, 737.2863514872492, 737.2863514872492, 737.2863514872492, 737.2863514872492, 737.2863514872492, 737.2863514872492, 737.2863514872492, 737.2863514872492, 737.2863514872492, 737.2863514872492, 737.2863514872492, 737.2863514872492, 737.2863514872492, 737.2863514872492, 737.2863514872492, 737.2863514872492, 737.2863514872492, 737.2863514872492, 737.2863514872492, 737.2863514872492, 737.2863514872492, 737.2863514872492, 737.2863514872492, 737.2863514872492, 737.2863514872492, 737.2863514872492, 737.2863514872492, 737.2863514872492, 737.2863514872492, 737.2863514872492, 737.2863514872492, 737.2863514872492, 737.2863514872492, 737.2863514872492, 737.2863514872492, 737.2863514872492, 737.2863514872492, 737.2863514872492, 737.2863514872492, 737.2863514872492, 737.2863514872492, 737.2863514872492, 737.2863514872492, 737.2863514872492, 737.2863514872492, 737.2863514872492, 737.2863514872492, 737.2863514872492, 737.2863514872492, 737.2863514872492, 737.2863514872492, 737.2863514872492) 



