med: 299.3834369021234/desvio: 4.3559286582920205


Funcoes: 

Erros: 

1 : 

x <- c(300.59224399944895, 300.59224399944895, 300.59224399944895, 300.59224399944895, 300.59224399944895, 300.59224399944895, 300.59224399944895, 300.59224399944895, 300.59224399944895, 300.59224399944895, 300.59224399944895, 300.59224399944895, 300.59224399944895, 300.59224399944895, 300.59224399944895, 300.59224399944895, 300.59224399944895, 300.59224399944895, 300.59224399944895, 300.59224399944895, 300.59224399944895, 300.59224399944895, 300.59224399944895, 300.59224399944895, 300.59224399944895, 300.59224399944895, 300.59224399944895, 300.59224399944895, 300.59224399944895, 300.59224399944895, 300.59224399944895, 300.59224399944895, 300.59224399944895, 300.59224399944895, 300.59224399944895, 300.59224399944895, 300.59224399944895, 300.59224399944895, 300.59224399944895, 300.59224399944895, 300.59224399944895, 300.59224399944895, 300.59224399944895, 300.59224399944895, 300.59224399944895, 300.59224399944895, 300.59224399944895, 300.59224399944895, 300.59224399944895, 300.59224399944895, 300.59224399944895, 300.59224399944895, 300.59224399944895, 300.59224399944895, 300.59224399944895, 300.59224399944895, 300.59224399944895, 300.59224399944895, 300.59224399944895, 300.59224399944895, 300.59224399944895, 300.59224399944895, 300.59224399944895, 300.59224399944895, 300.59224399944895, 300.59224399944895, 300.59224399944895, 300.59224399944895, 300.59224399944895, 300.59224399944895, 300.59224399944895, 300.59224399944895, 300.59224399944895, 300.59224399944895, 300.59224399944895, 300.59224399944895, 300.59224399944895, 300.59224399944895, 300.59224399944895, 300.59224399944895, 300.59224399944895, 300.59224399944895, 300.59224399944895, 300.59224399944895, 300.59224399944895, 300.59224399944895, 300.59224399944895, 300.59224399944895, 300.59224399944895, 300.59224399944895, 300.59224399944895, 300.59224399944895, 300.59224399944895, 300.59224399944895, 300.59224399944895, 300.59224399944895, 300.59224399944895, 300.59224399944895, 300.59224399944895, 300.59224399944895) 

2 : 

x <- c(301.2659179046727, 301.2659179046727, 301.2659179046727, 301.2659179046727, 301.2659179046727, 301.2659179046727, 301.2659179046727, 301.2659179046727, 301.2659179046727, 301.2659179046727, 301.2659179046727, 301.2659179046727, 301.2659179046727, 301.2659179046727, 301.2659179046727, 301.2659179046727, 301.2659179046727, 301.2659179046727, 301.2659179046727, 301.2659179046727, 301.2659179046727, 301.2659179046727, 301.2659179046727, 301.2659179046727, 301.2659179046727, 301.2659179046727, 301.2659179046727, 301.2659179046727, 301.2659179046727, 301.2659179046727, 301.2659179046727, 301.2659179046727, 301.2659179046727, 301.2659179046727, 301.2659179046727, 301.2659179046727, 301.2659179046727, 301.2659179046727, 301.2659179046727, 301.2659179046727, 301.2659179046727, 301.2659179046727, 301.2659179046727, 301.2659179046727, 301.2659179046727, 301.2659179046727, 301.2659179046727, 301.2659179046727, 301.2659179046727, 301.2659179046727, 301.2659179046727, 301.2659179046727, 301.2659179046727, 301.2659179046727, 301.2659179046727, 301.2659179046727, 301.2659179046727, 301.2659179046727, 301.2659179046727, 301.2659179046727, 301.2659179046727, 301.2659179046727, 301.2659179046727, 301.2659179046727, 301.2659179046727, 301.2659179046727, 301.2659179046727, 301.2659179046727, 301.2659179046727, 301.2659179046727, 301.2659179046727, 301.2659179046727, 301.2659179046727, 301.2659179046727, 301.2659179046727, 301.2659179046727, 301.2659179046727, 301.2659179046727, 301.2659179046727, 301.2659179046727, 301.2659179046727, 301.2659179046727, 301.2659179046727, 301.2659179046727, 301.2659179046727, 301.2659179046727, 301.2659179046727, 301.2659179046727, 301.2659179046727, 301.2659179046727, 301.2659179046727, 301.2659179046727, 301.2659179046727, 301.2659179046727, 301.2659179046727, 301.2659179046727, 301.2659179046727, 301.2659179046727, 301.2659179046727, 301.2659179046727) 

3 : 

x <- c(308.4933006264181, 308.4933006264181, 308.4933006264181, 308.4933006264181, 308.4933006264181, 308.4933006264181, 308.4933006264181, 308.4933006264181, 308.4933006264181, 308.4933006264181, 308.4933006264181, 308.4933006264181, 308.4933006264181, 308.4933006264181, 308.4933006264181, 308.4933006264181, 308.4933006264181, 308.4933006264181, 308.4933006264181, 308.4933006264181, 308.4933006264181, 308.4933006264181, 308.4933006264181, 308.4933006264181, 308.4933006264181, 308.4933006264181, 308.4933006264181, 308.4933006264181, 308.4933006264181, 308.4933006264181, 308.4933006264181, 308.4933006264181, 308.4933006264181, 308.4933006264181, 308.4933006264181, 308.4933006264181, 308.4933006264181, 308.4933006264181, 308.4933006264181, 308.4933006264181, 308.4933006264181, 308.4933006264181, 308.4933006264181, 308.4933006264181, 308.4933006264181, 308.4933006264181, 308.4933006264181, 308.4933006264181, 308.4933006264181, 308.4933006264181, 308.4933006264181, 308.4933006264181, 308.4933006264181, 308.4933006264181, 308.4933006264181, 308.4933006264181, 308.4933006264181, 308.4933006264181, 308.4933006264181, 308.4933006264181, 308.4933006264181, 308.4933006264181, 308.4933006264181, 308.4933006264181, 308.4933006264181, 308.4933006264181, 308.4933006264181, 308.4933006264181, 308.4933006264181, 308.4933006264181, 308.4933006264181, 308.4933006264181, 308.4933006264181, 308.4933006264181, 308.4933006264181, 308.4933006264181, 308.4933006264181, 308.4933006264181, 308.4933006264181, 308.4933006264181, 308.4933006264181, 308.4933006264181, 308.4933006264181, 308.4933006264181, 308.4933006264181, 308.4933006264181, 308.4933006264181, 308.4933006264181, 308.4933006264181, 308.4933006264181, 308.4933006264181, 308.4933006264181, 308.4933006264181, 308.4933006264181, 308.4933006264181, 308.4933006264181, 308.4933006264181, 308.4933006264181, 308.4933006264181, 308.4933006264181) 

4 : 

x <- c(292.65065604348683, 292.65065604348683, 292.65065604348683, 292.65065604348683, 292.65065604348683, 292.65065604348683, 292.65065604348683, 292.65065604348683, 292.65065604348683, 292.65065604348683, 292.65065604348683, 292.65065604348683, 292.65065604348683, 292.65065604348683, 292.65065604348683, 292.65065604348683, 292.65065604348683, 292.65065604348683, 292.65065604348683, 292.65065604348683, 292.65065604348683, 292.65065604348683, 292.65065604348683, 292.65065604348683, 292.65065604348683, 292.65065604348683, 292.65065604348683, 292.65065604348683, 292.65065604348683, 292.65065604348683, 292.65065604348683, 292.65065604348683, 292.65065604348683, 292.65065604348683, 292.65065604348683, 292.65065604348683, 292.65065604348683, 292.65065604348683, 292.65065604348683, 292.65065604348683, 292.65065604348683, 292.65065604348683, 292.65065604348683, 292.65065604348683, 292.65065604348683, 292.65065604348683, 292.65065604348683, 292.65065604348683, 292.65065604348683, 292.65065604348683, 292.65065604348683, 292.65065604348683, 292.65065604348683, 292.65065604348683, 292.65065604348683, 292.65065604348683, 292.65065604348683, 292.65065604348683, 292.65065604348683, 292.65065604348683, 292.65065604348683, 292.65065604348683, 292.65065604348683, 292.65065604348683, 292.65065604348683, 292.65065604348683, 292.65065604348683, 292.65065604348683, 292.65065604348683, 292.65065604348683, 292.65065604348683, 292.65065604348683, 292.65065604348683, 292.65065604348683, 292.65065604348683, 292.65065604348683, 292.65065604348683, 292.65065604348683, 292.65065604348683, 292.65065604348683, 292.65065604348683, 292.65065604348683, 292.65065604348683, 292.65065604348683, 292.65065604348683, 292.65065604348683, 292.65065604348683, 292.65065604348683, 292.65065604348683, 292.65065604348683, 292.65065604348683, 292.65065604348683, 292.65065604348683, 292.65065604348683, 292.65065604348683, 292.65065604348683, 292.65065604348683, 292.65065604348683, 292.65065604348683, 292.65065604348683) 

5 : 

x <- c(305.15597731450583, 305.15597731450583, 305.15597731450583, 305.15597731450583, 305.15597731450583, 305.15597731450583, 305.15597731450583, 305.15597731450583, 305.15597731450583, 305.15597731450583, 305.15597731450583, 305.15597731450583, 305.15597731450583, 305.15597731450583, 305.15597731450583, 305.15597731450583, 305.15597731450583, 305.15597731450583, 305.15597731450583, 305.15597731450583, 305.15597731450583, 305.15597731450583, 305.15597731450583, 305.15597731450583, 305.15597731450583, 305.15597731450583, 305.15597731450583, 305.15597731450583, 305.15597731450583, 305.15597731450583, 305.15597731450583, 305.15597731450583, 305.15597731450583, 305.15597731450583, 305.15597731450583, 305.15597731450583, 305.15597731450583, 305.15597731450583, 305.15597731450583, 305.15597731450583, 305.15597731450583, 305.15597731450583, 305.15597731450583, 305.15597731450583, 305.15597731450583, 305.15597731450583, 305.15597731450583, 305.15597731450583, 305.15597731450583, 305.15597731450583, 305.15597731450583, 305.15597731450583, 305.15597731450583, 305.15597731450583, 305.15597731450583, 305.15597731450583, 305.15597731450583, 305.15597731450583, 305.15597731450583, 305.15597731450583, 305.15597731450583, 305.15597731450583, 305.15597731450583, 305.15597731450583, 305.15597731450583, 305.15597731450583, 305.15597731450583, 305.15597731450583, 305.15597731450583, 305.15597731450583, 305.15597731450583, 305.15597731450583, 305.15597731450583, 305.15597731450583, 305.15597731450583, 305.15597731450583, 305.15597731450583, 305.15597731450583, 305.15597731450583, 305.15597731450583, 305.15597731450583, 305.15597731450583, 305.15597731450583, 305.15597731450583, 305.15597731450583, 305.15597731450583, 305.15597731450583, 305.15597731450583, 305.15597731450583, 305.15597731450583, 305.15597731450583, 305.15597731450583, 305.15597731450583, 305.15597731450583, 305.15597731450583, 305.15597731450583, 305.15597731450583, 305.15597731450583, 305.15597731450583, 305.15597731450583) 

6 : 

x <- c(294.2194552747791, 294.2194552747791, 294.2194552747791, 294.2194552747791, 294.2194552747791, 294.2194552747791, 294.2194552747791, 294.2194552747791, 294.2194552747791, 294.2194552747791, 294.2194552747791, 294.2194552747791, 294.2194552747791, 294.2194552747791, 294.2194552747791, 294.2194552747791, 294.2194552747791, 294.2194552747791, 294.2194552747791, 294.2194552747791, 294.2194552747791, 294.2194552747791, 294.2194552747791, 294.2194552747791, 294.2194552747791, 294.2194552747791, 294.2194552747791, 294.2194552747791, 294.2194552747791, 294.2194552747791, 294.2194552747791, 294.2194552747791, 294.2194552747791, 294.2194552747791, 294.2194552747791, 294.2194552747791, 294.2194552747791, 294.2194552747791, 294.2194552747791, 294.2194552747791, 294.2194552747791, 294.2194552747791, 294.2194552747791, 294.2194552747791, 294.2194552747791, 294.2194552747791, 294.2194552747791, 294.2194552747791, 294.2194552747791, 294.2194552747791, 294.2194552747791, 294.2194552747791, 294.2194552747791, 294.2194552747791, 294.2194552747791, 294.2194552747791, 294.2194552747791, 294.2194552747791, 294.2194552747791, 294.2194552747791, 294.2194552747791, 294.2194552747791, 294.2194552747791, 294.2194552747791, 294.2194552747791, 294.2194552747791, 294.2194552747791, 294.2194552747791, 294.2194552747791, 294.2194552747791, 294.2194552747791, 294.2194552747791, 294.2194552747791, 294.2194552747791, 294.2194552747791, 294.2194552747791, 294.2194552747791, 294.2194552747791, 294.2194552747791, 294.2194552747791, 294.2194552747791, 294.2194552747791, 294.2194552747791, 294.2194552747791, 294.2194552747791, 294.2194552747791, 294.2194552747791, 294.2194552747791, 294.2194552747791, 294.2194552747791, 294.2194552747791, 294.2194552747791, 294.2194552747791, 294.2194552747791, 294.2194552747791, 294.2194552747791, 294.2194552747791, 294.2194552747791, 294.2194552747791, 294.2194552747791) 

7 : 

x <- c(292.2375059144897, 292.2375059144897, 292.2375059144897, 292.2375059144897, 292.2375059144897, 292.2375059144897, 292.2375059144897, 292.2375059144897, 292.2375059144897, 292.2375059144897, 292.2375059144897, 292.2375059144897, 292.2375059144897, 292.2375059144897, 292.2375059144897, 292.2375059144897, 292.2375059144897, 292.2375059144897, 292.2375059144897, 292.2375059144897, 292.2375059144897, 292.2375059144897, 292.2375059144897, 292.2375059144897, 292.2375059144897, 292.2375059144897, 292.2375059144897, 292.2375059144897, 292.2375059144897, 292.2375059144897, 292.2375059144897, 292.2375059144897, 292.2375059144897, 292.2375059144897, 292.2375059144897, 292.2375059144897, 292.2375059144897, 292.2375059144897, 292.2375059144897, 292.2375059144897, 292.2375059144897, 292.2375059144897, 292.2375059144897, 292.2375059144897, 292.2375059144897, 292.2375059144897, 292.2375059144897, 292.2375059144897, 292.2375059144897, 292.2375059144897, 292.2375059144897, 292.2375059144897, 292.2375059144897, 292.2375059144897, 292.2375059144897, 292.2375059144897, 292.2375059144897, 292.2375059144897, 292.2375059144897, 292.2375059144897, 292.2375059144897, 292.2375059144897, 292.2375059144897, 292.2375059144897, 292.2375059144897, 292.2375059144897, 292.2375059144897, 292.2375059144897, 292.2375059144897, 292.2375059144897, 292.2375059144897, 292.2375059144897, 292.2375059144897, 292.2375059144897, 292.2375059144897, 292.2375059144897, 292.2375059144897, 292.2375059144897, 292.2375059144897, 292.2375059144897, 292.2375059144897, 292.2375059144897, 292.2375059144897, 292.2375059144897, 292.2375059144897, 292.2375059144897, 292.2375059144897, 292.2375059144897, 292.2375059144897, 292.2375059144897, 292.2375059144897, 292.2375059144897, 292.2375059144897, 292.2375059144897, 292.2375059144897, 292.2375059144897, 292.2375059144897, 292.2375059144897, 292.2375059144897, 292.2375059144897) 

8 : 

x <- c(303.4026534908593, 303.4026534908593, 303.4026534908593, 303.4026534908593, 303.4026534908593, 303.4026534908593, 303.4026534908593, 303.4026534908593, 303.4026534908593, 303.4026534908593, 303.4026534908593, 303.4026534908593, 303.4026534908593, 303.4026534908593, 303.4026534908593, 303.4026534908593, 303.4026534908593, 303.4026534908593, 303.4026534908593, 303.4026534908593, 303.4026534908593, 303.4026534908593, 303.4026534908593, 303.4026534908593, 303.4026534908593, 303.4026534908593, 303.4026534908593, 303.4026534908593, 303.4026534908593, 303.4026534908593, 303.4026534908593, 303.4026534908593, 303.4026534908593, 303.4026534908593, 303.4026534908593, 303.4026534908593, 303.4026534908593, 303.4026534908593, 303.4026534908593, 303.4026534908593, 303.4026534908593, 303.4026534908593, 303.4026534908593, 303.4026534908593, 303.4026534908593, 303.4026534908593, 303.4026534908593, 303.4026534908593, 303.4026534908593, 303.4026534908593, 303.4026534908593, 303.4026534908593, 303.4026534908593, 303.4026534908593, 303.4026534908593, 303.4026534908593, 303.4026534908593, 303.4026534908593, 303.4026534908593, 303.4026534908593, 303.4026534908593, 303.4026534908593, 303.4026534908593, 303.4026534908593, 303.4026534908593, 303.4026534908593, 303.4026534908593, 303.4026534908593, 303.4026534908593, 303.4026534908593, 303.4026534908593, 303.4026534908593, 303.4026534908593, 303.4026534908593, 303.4026534908593, 303.4026534908593, 303.4026534908593, 303.4026534908593, 303.4026534908593, 303.4026534908593, 303.4026534908593, 303.4026534908593, 303.4026534908593, 303.4026534908593, 303.4026534908593, 303.4026534908593, 303.4026534908593, 303.4026534908593, 303.4026534908593, 303.4026534908593, 303.4026534908593, 303.4026534908593, 303.4026534908593, 303.4026534908593, 303.4026534908593, 303.4026534908593, 303.4026534908593, 303.4026534908593, 303.4026534908593, 303.4026534908593) 

9 : 

x <- c(298.35326253490103, 298.35326253490103, 298.35326253490103, 298.35326253490103, 298.35326253490103, 298.35326253490103, 298.35326253490103, 298.35326253490103, 298.35326253490103, 298.35326253490103, 298.35326253490103, 298.35326253490103, 298.35326253490103, 298.35326253490103, 298.35326253490103, 298.35326253490103, 298.35326253490103, 298.35326253490103, 298.35326253490103, 298.35326253490103, 298.35326253490103, 298.35326253490103, 298.35326253490103, 298.35326253490103, 298.35326253490103, 298.35326253490103, 298.35326253490103, 298.35326253490103, 298.35326253490103, 298.35326253490103, 298.35326253490103, 298.35326253490103, 298.35326253490103, 298.35326253490103, 298.35326253490103, 298.35326253490103, 298.35326253490103, 298.35326253490103, 298.35326253490103, 298.35326253490103, 298.35326253490103, 298.35326253490103, 298.35326253490103, 298.35326253490103, 298.35326253490103, 298.35326253490103, 298.35326253490103, 298.35326253490103, 298.35326253490103, 298.35326253490103, 298.35326253490103, 298.35326253490103, 298.35326253490103, 298.35326253490103, 298.35326253490103, 298.35326253490103, 298.35326253490103, 298.35326253490103, 298.35326253490103, 298.35326253490103, 298.35326253490103, 298.35326253490103, 298.35326253490103, 298.35326253490103, 298.35326253490103, 298.35326253490103, 298.35326253490103, 298.35326253490103, 298.35326253490103, 298.35326253490103, 298.35326253490103, 298.35326253490103, 298.35326253490103, 298.35326253490103, 298.35326253490103, 298.35326253490103, 298.35326253490103, 298.35326253490103, 298.35326253490103, 298.35326253490103, 298.35326253490103, 298.35326253490103, 298.35326253490103, 298.35326253490103, 298.35326253490103, 298.35326253490103, 298.35326253490103, 298.35326253490103, 298.35326253490103, 298.35326253490103, 298.35326253490103, 298.35326253490103, 298.35326253490103, 298.35326253490103, 298.35326253490103, 298.35326253490103, 298.35326253490103, 298.35326253490103, 298.35326253490103, 298.35326253490103) 

10 : 

x <- c(296.7007145021712, 296.7007145021712, 296.7007145021712, 296.7007145021712, 296.7007145021712, 296.7007145021712, 296.7007145021712, 296.7007145021712, 296.7007145021712, 296.7007145021712, 296.7007145021712, 296.7007145021712, 296.7007145021712, 296.7007145021712, 296.7007145021712, 296.7007145021712, 296.7007145021712, 296.7007145021712, 296.7007145021712, 296.7007145021712, 296.7007145021712, 296.7007145021712, 296.7007145021712, 296.7007145021712, 296.7007145021712, 296.7007145021712, 296.7007145021712, 296.7007145021712, 296.7007145021712, 296.7007145021712, 296.7007145021712, 296.7007145021712, 296.7007145021712, 296.7007145021712, 296.7007145021712, 296.7007145021712, 296.7007145021712, 296.7007145021712, 296.7007145021712, 296.7007145021712, 296.7007145021712, 296.7007145021712, 296.7007145021712, 296.7007145021712, 296.7007145021712, 296.7007145021712, 296.7007145021712, 296.7007145021712, 296.7007145021712, 296.7007145021712, 296.7007145021712, 296.7007145021712, 296.7007145021712, 296.7007145021712, 296.7007145021712, 296.7007145021712, 296.7007145021712, 296.7007145021712, 296.7007145021712, 296.7007145021712, 296.7007145021712, 296.7007145021712, 296.7007145021712, 296.7007145021712, 296.7007145021712, 296.7007145021712, 296.7007145021712, 296.7007145021712, 296.7007145021712, 296.7007145021712, 296.7007145021712, 296.7007145021712, 296.7007145021712, 296.7007145021712, 296.7007145021712, 296.7007145021712, 296.7007145021712, 296.7007145021712, 296.7007145021712, 296.7007145021712, 296.7007145021712, 296.7007145021712, 296.7007145021712, 296.7007145021712, 296.7007145021712, 296.7007145021712, 296.7007145021712, 296.7007145021712, 296.7007145021712, 296.7007145021712, 296.7007145021712, 296.7007145021712, 296.7007145021712, 296.7007145021712, 296.7007145021712, 296.7007145021712, 296.7007145021712, 296.7007145021712, 296.7007145021712, 296.7007145021712) 

11 : 

x <- c(293.5780888247611, 293.5780888247611, 293.5780888247611, 293.5780888247611, 293.5780888247611, 293.5780888247611, 293.5780888247611, 293.5780888247611, 293.5780888247611, 293.5780888247611, 293.5780888247611, 293.5780888247611, 293.5780888247611, 293.5780888247611, 293.5780888247611, 293.5780888247611, 293.5780888247611, 293.5780888247611, 293.5780888247611, 293.5780888247611, 293.5780888247611, 293.5780888247611, 293.5780888247611, 293.5780888247611, 293.5780888247611, 293.5780888247611, 293.5780888247611, 293.5780888247611, 293.5780888247611, 293.5780888247611, 293.5780888247611, 293.5780888247611, 293.5780888247611, 293.5780888247611, 293.5780888247611, 293.5780888247611, 293.5780888247611, 293.5780888247611, 293.5780888247611, 293.5780888247611, 293.5780888247611, 293.5780888247611, 293.5780888247611, 293.5780888247611, 293.5780888247611, 293.5780888247611, 293.5780888247611, 293.5780888247611, 293.5780888247611, 293.5780888247611, 293.5780888247611, 293.5780888247611, 293.5780888247611, 293.5780888247611, 293.5780888247611, 293.5780888247611, 293.5780888247611, 293.5780888247611, 293.5780888247611, 293.5780888247611, 293.5780888247611, 293.5780888247611, 293.5780888247611, 293.5780888247611, 293.5780888247611, 293.5780888247611, 293.5780888247611, 293.5780888247611, 293.5780888247611, 293.5780888247611, 293.5780888247611, 293.5780888247611, 293.5780888247611, 293.5780888247611, 293.5780888247611, 293.5780888247611, 293.5780888247611, 293.5780888247611, 293.5780888247611, 293.5780888247611, 293.5780888247611, 293.5780888247611, 293.5780888247611, 293.5780888247611, 293.5780888247611, 293.5780888247611, 293.5780888247611, 293.5780888247611, 293.5780888247611, 293.5780888247611, 293.5780888247611, 293.5780888247611, 293.5780888247611, 293.5780888247611, 293.5780888247611, 293.5780888247611, 293.5780888247611, 293.5780888247611, 293.5780888247611, 293.5780888247611) 

12 : 

x <- c(297.5834690687405, 297.5834690687405, 297.5834690687405, 297.5834690687405, 297.5834690687405, 297.5834690687405, 297.5834690687405, 297.5834690687405, 297.5834690687405, 297.5834690687405, 297.5834690687405, 297.5834690687405, 297.5834690687405, 297.5834690687405, 297.5834690687405, 297.5834690687405, 297.5834690687405, 297.5834690687405, 297.5834690687405, 297.5834690687405, 297.5834690687405, 297.5834690687405, 297.5834690687405, 297.5834690687405, 297.5834690687405, 297.5834690687405, 297.5834690687405, 297.5834690687405, 297.5834690687405, 297.5834690687405, 297.5834690687405, 297.5834690687405, 297.5834690687405, 297.5834690687405, 297.5834690687405, 297.5834690687405, 297.5834690687405, 297.5834690687405, 297.5834690687405, 297.5834690687405, 297.5834690687405, 297.5834690687405, 297.5834690687405, 297.5834690687405, 297.5834690687405, 297.5834690687405, 297.5834690687405, 297.5834690687405, 297.5834690687405, 297.5834690687405, 297.5834690687405, 297.5834690687405, 297.5834690687405, 297.5834690687405, 297.5834690687405, 297.5834690687405, 297.5834690687405, 297.5834690687405, 297.5834690687405, 297.5834690687405, 297.5834690687405, 297.5834690687405, 297.5834690687405, 297.5834690687405, 297.5834690687405, 297.5834690687405, 297.5834690687405, 297.5834690687405, 297.5834690687405, 297.5834690687405, 297.5834690687405, 297.5834690687405, 297.5834690687405, 297.5834690687405, 297.5834690687405, 297.5834690687405, 297.5834690687405, 297.5834690687405, 297.5834690687405, 297.5834690687405, 297.5834690687405, 297.5834690687405, 297.5834690687405, 297.5834690687405, 297.5834690687405, 297.5834690687405, 297.5834690687405, 297.5834690687405, 297.5834690687405, 297.5834690687405, 297.5834690687405, 297.5834690687405, 297.5834690687405, 297.5834690687405, 297.5834690687405, 297.5834690687405, 297.5834690687405, 297.5834690687405, 297.5834690687405, 297.5834690687405) 

13 : 

x <- c(297.81753572069886, 297.81753572069886, 297.81753572069886, 297.81753572069886, 297.81753572069886, 297.81753572069886, 297.81753572069886, 297.81753572069886, 297.81753572069886, 297.81753572069886, 297.81753572069886, 297.81753572069886, 297.81753572069886, 297.81753572069886, 297.81753572069886, 297.81753572069886, 297.81753572069886, 297.81753572069886, 297.81753572069886, 297.81753572069886, 297.81753572069886, 297.81753572069886, 297.81753572069886, 297.81753572069886, 297.81753572069886, 297.81753572069886, 297.81753572069886, 297.81753572069886, 297.81753572069886, 297.81753572069886, 297.81753572069886, 297.81753572069886, 297.81753572069886, 297.81753572069886, 297.81753572069886, 297.81753572069886, 297.81753572069886, 297.81753572069886, 297.81753572069886, 297.81753572069886, 297.81753572069886, 297.81753572069886, 297.81753572069886, 297.81753572069886, 297.81753572069886, 297.81753572069886, 297.81753572069886, 297.81753572069886, 297.81753572069886, 297.81753572069886, 297.81753572069886, 297.81753572069886, 297.81753572069886, 297.81753572069886, 297.81753572069886, 297.81753572069886, 297.81753572069886, 297.81753572069886, 297.81753572069886, 297.81753572069886, 297.81753572069886, 297.81753572069886, 297.81753572069886, 297.81753572069886, 297.81753572069886, 297.81753572069886, 297.81753572069886, 297.81753572069886, 297.81753572069886, 297.81753572069886, 297.81753572069886, 297.81753572069886, 297.81753572069886, 297.81753572069886, 297.81753572069886, 297.81753572069886, 297.81753572069886, 297.81753572069886, 297.81753572069886, 297.81753572069886, 297.81753572069886, 297.81753572069886, 297.81753572069886, 297.81753572069886, 297.81753572069886, 297.81753572069886, 297.81753572069886, 297.81753572069886, 297.81753572069886, 297.81753572069886, 297.81753572069886, 297.81753572069886, 297.81753572069886, 297.81753572069886, 297.81753572069886, 297.81753572069886, 297.81753572069886, 297.81753572069886, 297.81753572069886, 297.81753572069886) 

14 : 

x <- c(299.48963847225514, 299.48963847225514, 299.48963847225514, 299.48963847225514, 299.48963847225514, 299.48963847225514, 299.48963847225514, 299.48963847225514, 299.48963847225514, 299.48963847225514, 299.48963847225514, 299.48963847225514, 299.48963847225514, 299.48963847225514, 299.48963847225514, 299.48963847225514, 299.48963847225514, 299.48963847225514, 299.48963847225514, 299.48963847225514, 299.48963847225514, 299.48963847225514, 299.48963847225514, 299.48963847225514, 299.48963847225514, 299.48963847225514, 299.48963847225514, 299.48963847225514, 299.48963847225514, 299.48963847225514, 299.48963847225514, 299.48963847225514, 299.48963847225514, 299.48963847225514, 299.48963847225514, 299.48963847225514, 299.48963847225514, 299.48963847225514, 299.48963847225514, 299.48963847225514, 299.48963847225514, 299.48963847225514, 299.48963847225514, 299.48963847225514, 299.48963847225514, 299.48963847225514, 299.48963847225514, 299.48963847225514, 299.48963847225514, 299.48963847225514, 299.48963847225514, 299.48963847225514, 299.48963847225514, 299.48963847225514, 299.48963847225514, 299.48963847225514, 299.48963847225514, 299.48963847225514, 299.48963847225514, 299.48963847225514, 299.48963847225514, 299.48963847225514, 299.48963847225514, 299.48963847225514, 299.48963847225514, 299.48963847225514, 299.48963847225514, 299.48963847225514, 299.48963847225514, 299.48963847225514, 299.48963847225514, 299.48963847225514, 299.48963847225514, 299.48963847225514, 299.48963847225514, 299.48963847225514, 299.48963847225514, 299.48963847225514, 299.48963847225514, 299.48963847225514, 299.48963847225514, 299.48963847225514, 299.48963847225514, 299.48963847225514, 299.48963847225514, 299.48963847225514, 299.48963847225514, 299.48963847225514, 299.48963847225514, 299.48963847225514, 299.48963847225514, 299.48963847225514, 299.48963847225514, 299.48963847225514, 299.48963847225514, 299.48963847225514, 299.48963847225514, 299.48963847225514, 299.48963847225514, 299.48963847225514) 

15 : 

x <- c(296.6744364729296, 296.6744364729296, 296.6744364729296, 296.6744364729296, 296.6744364729296, 296.6744364729296, 296.6744364729296, 296.6744364729296, 296.6744364729296, 296.6744364729296, 296.6744364729296, 296.6744364729296, 296.6744364729296, 296.6744364729296, 296.6744364729296, 296.6744364729296, 296.6744364729296, 296.6744364729296, 296.6744364729296, 296.6744364729296, 296.6744364729296, 296.6744364729296, 296.6744364729296, 296.6744364729296, 296.6744364729296, 296.6744364729296, 296.6744364729296, 296.6744364729296, 296.6744364729296, 296.6744364729296, 296.6744364729296, 296.6744364729296, 296.6744364729296, 296.6744364729296, 296.6744364729296, 296.6744364729296, 296.6744364729296, 296.6744364729296, 296.6744364729296, 296.6744364729296, 296.6744364729296, 296.6744364729296, 296.6744364729296, 296.6744364729296, 296.6744364729296, 296.6744364729296, 296.6744364729296, 296.6744364729296, 296.6744364729296, 296.6744364729296, 296.6744364729296, 296.6744364729296, 296.6744364729296, 296.6744364729296, 296.6744364729296, 296.6744364729296, 296.6744364729296, 296.6744364729296, 296.6744364729296, 296.6744364729296, 296.6744364729296, 296.6744364729296, 296.6744364729296, 296.6744364729296, 296.6744364729296, 296.6744364729296, 296.6744364729296, 296.6744364729296, 296.6744364729296, 296.6744364729296, 296.6744364729296, 296.6744364729296, 296.6744364729296, 296.6744364729296, 296.6744364729296, 296.6744364729296, 296.6744364729296, 296.6744364729296, 296.6744364729296, 296.6744364729296, 296.6744364729296, 296.6744364729296, 296.6744364729296, 296.6744364729296, 296.6744364729296, 296.6744364729296, 296.6744364729296, 296.6744364729296, 296.6744364729296, 296.6744364729296, 296.6744364729296, 296.6744364729296, 296.6744364729296, 296.6744364729296, 296.6744364729296, 296.6744364729296, 296.6744364729296, 296.6744364729296, 296.6744364729296, 296.6744364729296) 

16 : 

x <- c(299.9394092248741, 299.9394092248741, 299.9394092248741, 299.9394092248741, 299.9394092248741, 299.9394092248741, 299.9394092248741, 299.9394092248741, 299.9394092248741, 299.9394092248741, 299.9394092248741, 299.9394092248741, 299.9394092248741, 299.9394092248741, 299.9394092248741, 299.9394092248741, 299.9394092248741, 299.9394092248741, 299.9394092248741, 299.9394092248741, 299.9394092248741, 299.9394092248741, 299.9394092248741, 299.9394092248741, 299.9394092248741, 299.9394092248741, 299.9394092248741, 299.9394092248741, 299.9394092248741, 299.9394092248741, 299.9394092248741, 299.9394092248741, 299.9394092248741, 299.9394092248741, 299.9394092248741, 299.9394092248741, 299.9394092248741, 299.9394092248741, 299.9394092248741, 299.9394092248741, 299.9394092248741, 299.9394092248741, 299.9394092248741, 299.9394092248741, 299.9394092248741, 299.9394092248741, 299.9394092248741, 299.9394092248741, 299.9394092248741, 299.9394092248741, 299.9394092248741, 299.9394092248741, 299.9394092248741, 299.9394092248741, 299.9394092248741, 299.9394092248741, 299.9394092248741, 299.9394092248741, 299.9394092248741, 299.9394092248741, 299.9394092248741, 299.9394092248741, 299.9394092248741, 299.9394092248741, 299.9394092248741, 299.9394092248741, 299.9394092248741, 299.9394092248741, 299.9394092248741, 299.9394092248741, 299.9394092248741, 299.9394092248741, 299.9394092248741, 299.9394092248741, 299.9394092248741, 299.9394092248741, 299.9394092248741, 299.9394092248741, 299.9394092248741, 299.9394092248741, 299.9394092248741, 299.9394092248741, 299.9394092248741, 299.9394092248741, 299.9394092248741, 299.9394092248741, 299.9394092248741, 299.9394092248741, 299.9394092248741, 299.9394092248741, 299.9394092248741, 299.9394092248741, 299.9394092248741, 299.9394092248741, 299.9394092248741, 299.9394092248741, 299.9394092248741, 299.9394092248741, 299.9394092248741, 299.9394092248741) 

17 : 

x <- c(302.7871713242984, 302.7871713242984, 302.7871713242984, 302.7871713242984, 302.7871713242984, 302.7871713242984, 302.7871713242984, 302.7871713242984, 302.7871713242984, 302.7871713242984, 302.7871713242984, 302.7871713242984, 302.7871713242984, 302.7871713242984, 302.7871713242984, 302.7871713242984, 302.7871713242984, 302.7871713242984, 302.7871713242984, 302.7871713242984, 302.7871713242984, 302.7871713242984, 302.7871713242984, 302.7871713242984, 302.7871713242984, 302.7871713242984, 302.7871713242984, 302.7871713242984, 302.7871713242984, 302.7871713242984, 302.7871713242984, 302.7871713242984, 302.7871713242984, 302.7871713242984, 302.7871713242984, 302.7871713242984, 302.7871713242984, 302.7871713242984, 302.7871713242984, 302.7871713242984, 302.7871713242984, 302.7871713242984, 302.7871713242984, 302.7871713242984, 302.7871713242984, 302.7871713242984, 302.7871713242984, 302.7871713242984, 302.7871713242984, 302.7871713242984, 302.7871713242984, 302.7871713242984, 302.7871713242984, 302.7871713242984, 302.7871713242984, 302.7871713242984, 302.7871713242984, 302.7871713242984, 302.7871713242984, 302.7871713242984, 302.7871713242984, 302.7871713242984, 302.7871713242984, 302.7871713242984, 302.7871713242984, 302.7871713242984, 302.7871713242984, 302.7871713242984, 302.7871713242984, 302.7871713242984, 302.7871713242984, 302.7871713242984, 302.7871713242984, 302.7871713242984, 302.7871713242984, 302.7871713242984, 302.7871713242984, 302.7871713242984, 302.7871713242984, 302.7871713242984, 302.7871713242984, 302.7871713242984, 302.7871713242984, 302.7871713242984, 302.7871713242984, 302.7871713242984, 302.7871713242984, 302.7871713242984, 302.7871713242984, 302.7871713242984, 302.7871713242984, 302.7871713242984, 302.7871713242984, 302.7871713242984, 302.7871713242984, 302.7871713242984, 302.7871713242984, 302.7871713242984, 302.7871713242984, 302.7871713242984) 

18 : 

x <- c(304.63437635039077, 304.63437635039077, 304.63437635039077, 304.63437635039077, 304.63437635039077, 304.63437635039077, 304.63437635039077, 304.63437635039077, 304.63437635039077, 304.63437635039077, 304.63437635039077, 304.63437635039077, 304.63437635039077, 304.63437635039077, 304.63437635039077, 304.63437635039077, 304.63437635039077, 304.63437635039077, 304.63437635039077, 304.63437635039077, 304.63437635039077, 304.63437635039077, 304.63437635039077, 304.63437635039077, 304.63437635039077, 304.63437635039077, 304.63437635039077, 304.63437635039077, 304.63437635039077, 304.63437635039077, 304.63437635039077, 304.63437635039077, 304.63437635039077, 304.63437635039077, 304.63437635039077, 304.63437635039077, 304.63437635039077, 304.63437635039077, 304.63437635039077, 304.63437635039077, 304.63437635039077, 304.63437635039077, 304.63437635039077, 304.63437635039077, 304.63437635039077, 304.63437635039077, 304.63437635039077, 304.63437635039077, 304.63437635039077, 304.63437635039077, 304.63437635039077, 304.63437635039077, 304.63437635039077, 304.63437635039077, 304.63437635039077, 304.63437635039077, 304.63437635039077, 304.63437635039077, 304.63437635039077, 304.63437635039077, 304.63437635039077, 304.63437635039077, 304.63437635039077, 304.63437635039077, 304.63437635039077, 304.63437635039077, 304.63437635039077, 304.63437635039077, 304.63437635039077, 304.63437635039077, 304.63437635039077, 304.63437635039077, 304.63437635039077, 304.63437635039077, 304.63437635039077, 304.63437635039077, 304.63437635039077, 304.63437635039077, 304.63437635039077, 304.63437635039077, 304.63437635039077, 304.63437635039077, 304.63437635039077, 304.63437635039077, 304.63437635039077, 304.63437635039077, 304.63437635039077, 304.63437635039077, 304.63437635039077, 304.63437635039077, 304.63437635039077, 304.63437635039077, 304.63437635039077, 304.63437635039077, 304.63437635039077, 304.63437635039077, 304.63437635039077, 304.63437635039077, 304.63437635039077, 304.63437635039077) 

19 : 

x <- c(296.233341277826, 296.233341277826, 296.233341277826, 296.233341277826, 296.233341277826, 296.233341277826, 296.233341277826, 296.233341277826, 296.233341277826, 296.233341277826, 296.233341277826, 296.233341277826, 296.233341277826, 296.233341277826, 296.233341277826, 296.233341277826, 296.233341277826, 296.233341277826, 296.233341277826, 296.233341277826, 296.233341277826, 296.233341277826, 296.233341277826, 296.233341277826, 296.233341277826, 296.233341277826, 296.233341277826, 296.233341277826, 296.233341277826, 296.233341277826, 296.233341277826, 296.233341277826, 296.233341277826, 296.233341277826, 296.233341277826, 296.233341277826, 296.233341277826, 296.233341277826, 296.233341277826, 296.233341277826, 296.233341277826, 296.233341277826, 296.233341277826, 296.233341277826, 296.233341277826, 296.233341277826, 296.233341277826, 296.233341277826, 296.233341277826, 296.233341277826, 296.233341277826, 296.233341277826, 296.233341277826, 296.233341277826, 296.233341277826, 296.233341277826, 296.233341277826, 296.233341277826, 296.233341277826, 296.233341277826, 296.233341277826, 296.233341277826, 296.233341277826, 296.233341277826, 296.233341277826, 296.233341277826, 296.233341277826, 296.233341277826, 296.233341277826, 296.233341277826, 296.233341277826, 296.233341277826, 296.233341277826, 296.233341277826, 296.233341277826, 296.233341277826, 296.233341277826, 296.233341277826, 296.233341277826, 296.233341277826, 296.233341277826, 296.233341277826, 296.233341277826, 296.233341277826, 296.233341277826, 296.233341277826, 296.233341277826, 296.233341277826, 296.233341277826, 296.233341277826, 296.233341277826, 296.233341277826, 296.233341277826, 296.233341277826, 296.233341277826, 296.233341277826, 296.233341277826, 296.233341277826, 296.233341277826, 296.233341277826) 

20 : 

x <- c(305.01584422348776, 305.01584422348776, 305.01584422348776, 305.01584422348776, 305.01584422348776, 305.01584422348776, 305.01584422348776, 305.01584422348776, 305.01584422348776, 305.01584422348776, 305.01584422348776, 305.01584422348776, 305.01584422348776, 305.01584422348776, 305.01584422348776, 305.01584422348776, 305.01584422348776, 305.01584422348776, 305.01584422348776, 305.01584422348776, 305.01584422348776, 305.01584422348776, 305.01584422348776, 305.01584422348776, 305.01584422348776, 305.01584422348776, 305.01584422348776, 305.01584422348776, 305.01584422348776, 305.01584422348776, 305.01584422348776, 305.01584422348776, 305.01584422348776, 305.01584422348776, 305.01584422348776, 305.01584422348776, 305.01584422348776, 305.01584422348776, 305.01584422348776, 305.01584422348776, 305.01584422348776, 305.01584422348776, 305.01584422348776, 305.01584422348776, 305.01584422348776, 305.01584422348776, 305.01584422348776, 305.01584422348776, 305.01584422348776, 305.01584422348776, 305.01584422348776, 305.01584422348776, 305.01584422348776, 305.01584422348776, 305.01584422348776, 305.01584422348776, 305.01584422348776, 305.01584422348776, 305.01584422348776, 305.01584422348776, 305.01584422348776, 305.01584422348776, 305.01584422348776, 305.01584422348776, 305.01584422348776, 305.01584422348776, 305.01584422348776, 305.01584422348776, 305.01584422348776, 305.01584422348776, 305.01584422348776, 305.01584422348776, 305.01584422348776, 305.01584422348776, 305.01584422348776, 305.01584422348776, 305.01584422348776, 305.01584422348776, 305.01584422348776, 305.01584422348776, 305.01584422348776, 305.01584422348776, 305.01584422348776, 305.01584422348776, 305.01584422348776, 305.01584422348776, 305.01584422348776, 305.01584422348776, 305.01584422348776, 305.01584422348776, 305.01584422348776, 305.01584422348776, 305.01584422348776, 305.01584422348776, 305.01584422348776, 305.01584422348776, 305.01584422348776, 305.01584422348776, 305.01584422348776, 305.01584422348776) 

21 : 

x <- c(301.0819741386526, 301.0819741386526, 301.0819741386526, 301.0819741386526, 301.0819741386526, 301.0819741386526, 301.0819741386526, 301.0819741386526, 301.0819741386526, 301.0819741386526, 301.0819741386526, 301.0819741386526, 301.0819741386526, 301.0819741386526, 301.0819741386526, 301.0819741386526, 301.0819741386526, 301.0819741386526, 301.0819741386526, 301.0819741386526, 301.0819741386526, 301.0819741386526, 301.0819741386526, 301.0819741386526, 301.0819741386526, 301.0819741386526, 301.0819741386526, 301.0819741386526, 301.0819741386526, 301.0819741386526, 301.0819741386526, 301.0819741386526, 301.0819741386526, 301.0819741386526, 301.0819741386526, 301.0819741386526, 301.0819741386526, 301.0819741386526, 301.0819741386526, 301.0819741386526, 301.0819741386526, 301.0819741386526, 301.0819741386526, 301.0819741386526, 301.0819741386526, 301.0819741386526, 301.0819741386526, 301.0819741386526, 301.0819741386526, 301.0819741386526, 301.0819741386526, 301.0819741386526, 301.0819741386526, 301.0819741386526, 301.0819741386526, 301.0819741386526, 301.0819741386526, 301.0819741386526, 301.0819741386526, 301.0819741386526, 301.0819741386526, 301.0819741386526, 301.0819741386526, 301.0819741386526, 301.0819741386526, 301.0819741386526, 301.0819741386526, 301.0819741386526, 301.0819741386526, 301.0819741386526, 301.0819741386526, 301.0819741386526, 301.0819741386526, 301.0819741386526, 301.0819741386526, 301.0819741386526, 301.0819741386526, 301.0819741386526, 301.0819741386526, 301.0819741386526, 301.0819741386526, 301.0819741386526, 301.0819741386526, 301.0819741386526, 301.0819741386526, 301.0819741386526, 301.0819741386526, 301.0819741386526, 301.0819741386526, 301.0819741386526, 301.0819741386526, 301.0819741386526, 301.0819741386526, 301.0819741386526, 301.0819741386526, 301.0819741386526, 301.0819741386526, 301.0819741386526, 301.0819741386526, 301.0819741386526) 

22 : 

x <- c(305.4263560710494, 305.4263560710494, 305.4263560710494, 305.4263560710494, 305.4263560710494, 305.4263560710494, 305.4263560710494, 305.4263560710494, 305.4263560710494, 305.4263560710494, 305.4263560710494, 305.4263560710494, 305.4263560710494, 305.4263560710494, 305.4263560710494, 305.4263560710494, 305.4263560710494, 305.4263560710494, 305.4263560710494, 305.4263560710494, 305.4263560710494, 305.4263560710494, 305.4263560710494, 305.4263560710494, 305.4263560710494, 305.4263560710494, 305.4263560710494, 305.4263560710494, 305.4263560710494, 305.4263560710494, 305.4263560710494, 305.4263560710494, 305.4263560710494, 305.4263560710494, 305.4263560710494, 305.4263560710494, 305.4263560710494, 305.4263560710494, 305.4263560710494, 305.4263560710494, 305.4263560710494, 305.4263560710494, 305.4263560710494, 305.4263560710494, 305.4263560710494, 305.4263560710494, 305.4263560710494, 305.4263560710494, 305.4263560710494, 305.4263560710494, 305.4263560710494, 305.4263560710494, 305.4263560710494, 305.4263560710494, 305.4263560710494, 305.4263560710494, 305.4263560710494, 305.4263560710494, 305.4263560710494, 305.4263560710494, 305.4263560710494, 305.4263560710494, 305.4263560710494, 305.4263560710494, 305.4263560710494, 305.4263560710494, 305.4263560710494, 305.4263560710494, 305.4263560710494, 305.4263560710494, 305.4263560710494, 305.4263560710494, 305.4263560710494, 305.4263560710494, 305.4263560710494, 305.4263560710494, 305.4263560710494, 305.4263560710494, 305.4263560710494, 305.4263560710494, 305.4263560710494, 305.4263560710494, 305.4263560710494, 305.4263560710494, 305.4263560710494, 305.4263560710494, 305.4263560710494, 305.4263560710494, 305.4263560710494, 305.4263560710494, 305.4263560710494, 305.4263560710494, 305.4263560710494, 305.4263560710494, 305.4263560710494, 305.4263560710494, 305.4263560710494, 305.4263560710494, 305.4263560710494, 305.4263560710494) 

23 : 

x <- c(292.63012099594096, 292.63012099594096, 292.63012099594096, 292.63012099594096, 292.63012099594096, 292.63012099594096, 292.63012099594096, 292.63012099594096, 292.63012099594096, 292.63012099594096, 292.63012099594096, 292.63012099594096, 292.63012099594096, 292.63012099594096, 292.63012099594096, 292.63012099594096, 292.63012099594096, 292.63012099594096, 292.63012099594096, 292.63012099594096, 292.63012099594096, 292.63012099594096, 292.63012099594096, 292.63012099594096, 292.63012099594096, 292.63012099594096, 292.63012099594096, 292.63012099594096, 292.63012099594096, 292.63012099594096, 292.63012099594096, 292.63012099594096, 292.63012099594096, 292.63012099594096, 292.63012099594096, 292.63012099594096, 292.63012099594096, 292.63012099594096, 292.63012099594096, 292.63012099594096, 292.63012099594096, 292.63012099594096, 292.63012099594096, 292.63012099594096, 292.63012099594096, 292.63012099594096, 292.63012099594096, 292.63012099594096, 292.63012099594096, 292.63012099594096, 292.63012099594096, 292.63012099594096, 292.63012099594096, 292.63012099594096, 292.63012099594096, 292.63012099594096, 292.63012099594096, 292.63012099594096, 292.63012099594096, 292.63012099594096, 292.63012099594096, 292.63012099594096, 292.63012099594096, 292.63012099594096, 292.63012099594096, 292.63012099594096, 292.63012099594096, 292.63012099594096, 292.63012099594096, 292.63012099594096, 292.63012099594096, 292.63012099594096, 292.63012099594096, 292.63012099594096, 292.63012099594096, 292.63012099594096, 292.63012099594096, 292.63012099594096, 292.63012099594096, 292.63012099594096, 292.63012099594096, 292.63012099594096, 292.63012099594096, 292.63012099594096, 292.63012099594096, 292.63012099594096, 292.63012099594096, 292.63012099594096, 292.63012099594096, 292.63012099594096, 292.63012099594096, 292.63012099594096, 292.63012099594096, 292.63012099594096, 292.63012099594096, 292.63012099594096, 292.63012099594096, 292.63012099594096, 292.63012099594096, 292.63012099594096) 

24 : 

x <- c(302.1412857883986, 302.1412857883986, 302.1412857883986, 302.1412857883986, 302.1412857883986, 302.1412857883986, 302.1412857883986, 302.1412857883986, 302.1412857883986, 302.1412857883986, 302.1412857883986, 302.1412857883986, 302.1412857883986, 302.1412857883986, 302.1412857883986, 302.1412857883986, 302.1412857883986, 302.1412857883986, 302.1412857883986, 302.1412857883986, 302.1412857883986, 302.1412857883986, 302.1412857883986, 302.1412857883986, 302.1412857883986, 302.1412857883986, 302.1412857883986, 302.1412857883986, 302.1412857883986, 302.1412857883986, 302.1412857883986, 302.1412857883986, 302.1412857883986, 302.1412857883986, 302.1412857883986, 302.1412857883986, 302.1412857883986, 302.1412857883986, 302.1412857883986, 302.1412857883986, 302.1412857883986, 302.1412857883986, 302.1412857883986, 302.1412857883986, 302.1412857883986, 302.1412857883986, 302.1412857883986, 302.1412857883986, 302.1412857883986, 302.1412857883986, 302.1412857883986, 302.1412857883986, 302.1412857883986, 302.1412857883986, 302.1412857883986, 302.1412857883986, 302.1412857883986, 302.1412857883986, 302.1412857883986, 302.1412857883986, 302.1412857883986, 302.1412857883986, 302.1412857883986, 302.1412857883986, 302.1412857883986, 302.1412857883986, 302.1412857883986, 302.1412857883986, 302.1412857883986, 302.1412857883986, 302.1412857883986, 302.1412857883986, 302.1412857883986, 302.1412857883986, 302.1412857883986, 302.1412857883986, 302.1412857883986, 302.1412857883986, 302.1412857883986, 302.1412857883986, 302.1412857883986, 302.1412857883986, 302.1412857883986, 302.1412857883986, 302.1412857883986, 302.1412857883986, 302.1412857883986, 302.1412857883986, 302.1412857883986, 302.1412857883986, 302.1412857883986, 302.1412857883986, 302.1412857883986, 302.1412857883986, 302.1412857883986, 302.1412857883986, 302.1412857883986, 302.1412857883986, 302.1412857883986, 302.1412857883986) 

25 : 

x <- c(302.96832941420115, 302.96832941420115, 302.96832941420115, 302.96832941420115, 302.96832941420115, 302.96832941420115, 302.96832941420115, 302.96832941420115, 302.96832941420115, 302.96832941420115, 302.96832941420115, 302.96832941420115, 302.96832941420115, 302.96832941420115, 302.96832941420115, 302.96832941420115, 302.96832941420115, 302.96832941420115, 302.96832941420115, 302.96832941420115, 302.96832941420115, 302.96832941420115, 302.96832941420115, 302.96832941420115, 302.96832941420115, 302.96832941420115, 302.96832941420115, 302.96832941420115, 302.96832941420115, 302.96832941420115, 302.96832941420115, 302.96832941420115, 302.96832941420115, 302.96832941420115, 302.96832941420115, 302.96832941420115, 302.96832941420115, 302.96832941420115, 302.96832941420115, 302.96832941420115, 302.96832941420115, 302.96832941420115, 302.96832941420115, 302.96832941420115, 302.96832941420115, 302.96832941420115, 302.96832941420115, 302.96832941420115, 302.96832941420115, 302.96832941420115, 302.96832941420115, 302.96832941420115, 302.96832941420115, 302.96832941420115, 302.96832941420115, 302.96832941420115, 302.96832941420115, 302.96832941420115, 302.96832941420115, 302.96832941420115, 302.96832941420115, 302.96832941420115, 302.96832941420115, 302.96832941420115, 302.96832941420115, 302.96832941420115, 302.96832941420115, 302.96832941420115, 302.96832941420115, 302.96832941420115, 302.96832941420115, 302.96832941420115, 302.96832941420115, 302.96832941420115, 302.96832941420115, 302.96832941420115, 302.96832941420115, 302.96832941420115, 302.96832941420115, 302.96832941420115, 302.96832941420115, 302.96832941420115, 302.96832941420115, 302.96832941420115, 302.96832941420115, 302.96832941420115, 302.96832941420115, 302.96832941420115, 302.96832941420115, 302.96832941420115, 302.96832941420115, 302.96832941420115, 302.96832941420115, 302.96832941420115, 302.96832941420115, 302.96832941420115, 302.96832941420115, 302.96832941420115, 302.96832941420115, 302.96832941420115) 

26 : 

x <- c(296.8303834851664, 296.8303834851664, 296.8303834851664, 296.8303834851664, 296.8303834851664, 296.8303834851664, 296.8303834851664, 296.8303834851664, 296.8303834851664, 296.8303834851664, 296.8303834851664, 296.8303834851664, 296.8303834851664, 296.8303834851664, 296.8303834851664, 296.8303834851664, 296.8303834851664, 296.8303834851664, 296.8303834851664, 296.8303834851664, 296.8303834851664, 296.8303834851664, 296.8303834851664, 296.8303834851664, 296.8303834851664, 296.8303834851664, 296.8303834851664, 296.8303834851664, 296.8303834851664, 296.8303834851664, 296.8303834851664, 296.8303834851664, 296.8303834851664, 296.8303834851664, 296.8303834851664, 296.8303834851664, 296.8303834851664, 296.8303834851664, 296.8303834851664, 296.8303834851664, 296.8303834851664, 296.8303834851664, 296.8303834851664, 296.8303834851664, 296.8303834851664, 296.8303834851664, 296.8303834851664, 296.8303834851664, 296.8303834851664, 296.8303834851664, 296.8303834851664, 296.8303834851664, 296.8303834851664, 296.8303834851664, 296.8303834851664, 296.8303834851664, 296.8303834851664, 296.8303834851664, 296.8303834851664, 296.8303834851664, 296.8303834851664, 296.8303834851664, 296.8303834851664, 296.8303834851664, 296.8303834851664, 296.8303834851664, 296.8303834851664, 296.8303834851664, 296.8303834851664, 296.8303834851664, 296.8303834851664, 296.8303834851664, 296.8303834851664, 296.8303834851664, 296.8303834851664, 296.8303834851664, 296.8303834851664, 296.8303834851664, 296.8303834851664, 296.8303834851664, 296.8303834851664, 296.8303834851664, 296.8303834851664, 296.8303834851664, 296.8303834851664, 296.8303834851664, 296.8303834851664, 296.8303834851664, 296.8303834851664, 296.8303834851664, 296.8303834851664, 296.8303834851664, 296.8303834851664, 296.8303834851664, 296.8303834851664, 296.8303834851664, 296.8303834851664, 296.8303834851664, 296.8303834851664, 296.8303834851664) 

27 : 

x <- c(293.80571878774185, 293.80571878774185, 293.80571878774185, 293.80571878774185, 293.80571878774185, 293.80571878774185, 293.80571878774185, 293.80571878774185, 293.80571878774185, 293.80571878774185, 293.80571878774185, 293.80571878774185, 293.80571878774185, 293.80571878774185, 293.80571878774185, 293.80571878774185, 293.80571878774185, 293.80571878774185, 293.80571878774185, 293.80571878774185, 293.80571878774185, 293.80571878774185, 293.80571878774185, 293.80571878774185, 293.80571878774185, 293.80571878774185, 293.80571878774185, 293.80571878774185, 293.80571878774185, 293.80571878774185, 293.80571878774185, 293.80571878774185, 293.80571878774185, 293.80571878774185, 293.80571878774185, 293.80571878774185, 293.80571878774185, 293.80571878774185, 293.80571878774185, 293.80571878774185, 293.80571878774185, 293.80571878774185, 293.80571878774185, 293.80571878774185, 293.80571878774185, 293.80571878774185, 293.80571878774185, 293.80571878774185, 293.80571878774185, 293.80571878774185, 293.80571878774185, 293.80571878774185, 293.80571878774185, 293.80571878774185, 293.80571878774185, 293.80571878774185, 293.80571878774185, 293.80571878774185, 293.80571878774185, 293.80571878774185, 293.80571878774185, 293.80571878774185, 293.80571878774185, 293.80571878774185, 293.80571878774185, 293.80571878774185, 293.80571878774185, 293.80571878774185, 293.80571878774185, 293.80571878774185, 293.80571878774185, 293.80571878774185, 293.80571878774185, 293.80571878774185, 293.80571878774185, 293.80571878774185, 293.80571878774185, 293.80571878774185, 293.80571878774185, 293.80571878774185, 293.80571878774185, 293.80571878774185, 293.80571878774185, 293.80571878774185, 293.80571878774185, 293.80571878774185, 293.80571878774185, 293.80571878774185, 293.80571878774185, 293.80571878774185, 293.80571878774185, 293.80571878774185, 293.80571878774185, 293.80571878774185, 293.80571878774185, 293.80571878774185, 293.80571878774185, 293.80571878774185, 293.80571878774185, 293.80571878774185) 

28 : 

x <- c(297.41783153329936, 297.41783153329936, 297.41783153329936, 297.41783153329936, 297.41783153329936, 297.41783153329936, 297.41783153329936, 297.41783153329936, 297.41783153329936, 297.41783153329936, 297.41783153329936, 297.41783153329936, 297.41783153329936, 297.41783153329936, 297.41783153329936, 297.41783153329936, 297.41783153329936, 297.41783153329936, 297.41783153329936, 297.41783153329936, 297.41783153329936, 297.41783153329936, 297.41783153329936, 297.41783153329936, 297.41783153329936, 297.41783153329936, 297.41783153329936, 297.41783153329936, 297.41783153329936, 297.41783153329936, 297.41783153329936, 297.41783153329936, 297.41783153329936, 297.41783153329936, 297.41783153329936, 297.41783153329936, 297.41783153329936, 297.41783153329936, 297.41783153329936, 297.41783153329936, 297.41783153329936, 297.41783153329936, 297.41783153329936, 297.41783153329936, 297.41783153329936, 297.41783153329936, 297.41783153329936, 297.41783153329936, 297.41783153329936, 297.41783153329936, 297.41783153329936, 297.41783153329936, 297.41783153329936, 297.41783153329936, 297.41783153329936, 297.41783153329936, 297.41783153329936, 297.41783153329936, 297.41783153329936, 297.41783153329936, 297.41783153329936, 297.41783153329936, 297.41783153329936, 297.41783153329936, 297.41783153329936, 297.41783153329936, 297.41783153329936, 297.41783153329936, 297.41783153329936, 297.41783153329936, 297.41783153329936, 297.41783153329936, 297.41783153329936, 297.41783153329936, 297.41783153329936, 297.41783153329936, 297.41783153329936, 297.41783153329936, 297.41783153329936, 297.41783153329936, 297.41783153329936, 297.41783153329936, 297.41783153329936, 297.41783153329936, 297.41783153329936, 297.41783153329936, 297.41783153329936, 297.41783153329936, 297.41783153329936, 297.41783153329936, 297.41783153329936, 297.41783153329936, 297.41783153329936, 297.41783153329936, 297.41783153329936, 297.41783153329936, 297.41783153329936, 297.41783153329936, 297.41783153329936, 297.41783153329936) 

29 : 

x <- c(300.9345091997221, 300.9345091997221, 300.9345091997221, 300.9345091997221, 300.9345091997221, 300.9345091997221, 300.9345091997221, 300.9345091997221, 300.9345091997221, 300.9345091997221, 300.9345091997221, 300.9345091997221, 300.9345091997221, 300.9345091997221, 300.9345091997221, 300.9345091997221, 300.9345091997221, 300.9345091997221, 300.9345091997221, 300.9345091997221, 300.9345091997221, 300.9345091997221, 300.9345091997221, 300.9345091997221, 300.9345091997221, 300.9345091997221, 300.9345091997221, 300.9345091997221, 300.9345091997221, 300.9345091997221, 300.9345091997221, 300.9345091997221, 300.9345091997221, 300.9345091997221, 300.9345091997221, 300.9345091997221, 300.9345091997221, 300.9345091997221, 300.9345091997221, 300.9345091997221, 300.9345091997221, 300.9345091997221, 300.9345091997221, 300.9345091997221, 300.9345091997221, 300.9345091997221, 300.9345091997221, 300.9345091997221, 300.9345091997221, 300.9345091997221, 300.9345091997221, 300.9345091997221, 300.9345091997221, 300.9345091997221, 300.9345091997221, 300.9345091997221, 300.9345091997221, 300.9345091997221, 300.9345091997221, 300.9345091997221, 300.9345091997221, 300.9345091997221, 300.9345091997221, 300.9345091997221, 300.9345091997221, 300.9345091997221, 300.9345091997221, 300.9345091997221, 300.9345091997221, 300.9345091997221, 300.9345091997221, 300.9345091997221, 300.9345091997221, 300.9345091997221, 300.9345091997221, 300.9345091997221, 300.9345091997221, 300.9345091997221, 300.9345091997221, 300.9345091997221, 300.9345091997221, 300.9345091997221, 300.9345091997221, 300.9345091997221, 300.9345091997221, 300.9345091997221, 300.9345091997221, 300.9345091997221, 300.9345091997221, 300.9345091997221, 300.9345091997221, 300.9345091997221, 300.9345091997221, 300.9345091997221, 300.9345091997221, 300.9345091997221, 300.9345091997221, 300.9345091997221, 300.9345091997221, 300.9345091997221) 

30 : 

x <- c(301.44159908353447, 301.44159908353447, 301.44159908353447, 301.44159908353447, 301.44159908353447, 301.44159908353447, 301.44159908353447, 301.44159908353447, 301.44159908353447, 301.44159908353447, 301.44159908353447, 301.44159908353447, 301.44159908353447, 301.44159908353447, 301.44159908353447, 301.44159908353447, 301.44159908353447, 301.44159908353447, 301.44159908353447, 301.44159908353447, 301.44159908353447, 301.44159908353447, 301.44159908353447, 301.44159908353447, 301.44159908353447, 301.44159908353447, 301.44159908353447, 301.44159908353447, 301.44159908353447, 301.44159908353447, 301.44159908353447, 301.44159908353447, 301.44159908353447, 301.44159908353447, 301.44159908353447, 301.44159908353447, 301.44159908353447, 301.44159908353447, 301.44159908353447, 301.44159908353447, 301.44159908353447, 301.44159908353447, 301.44159908353447, 301.44159908353447, 301.44159908353447, 301.44159908353447, 301.44159908353447, 301.44159908353447, 301.44159908353447, 301.44159908353447, 301.44159908353447, 301.44159908353447, 301.44159908353447, 301.44159908353447, 301.44159908353447, 301.44159908353447, 301.44159908353447, 301.44159908353447, 301.44159908353447, 301.44159908353447, 301.44159908353447, 301.44159908353447, 301.44159908353447, 301.44159908353447, 301.44159908353447, 301.44159908353447, 301.44159908353447, 301.44159908353447, 301.44159908353447, 301.44159908353447, 301.44159908353447, 301.44159908353447, 301.44159908353447, 301.44159908353447, 301.44159908353447, 301.44159908353447, 301.44159908353447, 301.44159908353447, 301.44159908353447, 301.44159908353447, 301.44159908353447, 301.44159908353447, 301.44159908353447, 301.44159908353447, 301.44159908353447, 301.44159908353447, 301.44159908353447, 301.44159908353447, 301.44159908353447, 301.44159908353447, 301.44159908353447, 301.44159908353447, 301.44159908353447, 301.44159908353447, 301.44159908353447, 301.44159908353447, 301.44159908353447, 301.44159908353447, 301.44159908353447, 301.44159908353447) 



