med: 116.92857027739815/desvio: 0.981595701320829


Funcoes: 

Erros: 

1 : 

x <- c(116.64894698891712, 116.64894698891712, 116.64894698891712, 116.64894698891712, 116.64894698891712, 116.64894698891712, 116.64894698891712, 116.64894698891712, 116.64894698891712, 116.64894698891712, 116.64894698891712, 116.64894698891712, 116.64894698891712, 116.64894698891712, 116.64894698891712, 116.64894698891712, 116.64894698891712, 116.64894698891712, 116.64894698891712, 116.64894698891712, 116.64894698891712, 116.64894698891712, 116.64894698891712, 116.64894698891712, 116.64894698891712, 116.64894698891712, 116.64894698891712, 116.64894698891712, 116.64894698891712, 116.64894698891712, 116.64894698891712, 116.64894698891712, 116.64894698891712, 116.64894698891712, 116.64894698891712, 116.64894698891712, 116.64894698891712, 116.64894698891712, 116.64894698891712, 116.64894698891712, 116.64894698891712, 116.64894698891712, 116.64894698891712, 116.64894698891712, 116.64894698891712, 116.64894698891712, 116.64894698891712, 116.64894698891712, 116.64894698891712, 116.64894698891712, 116.64894698891712, 116.64894698891712, 116.64894698891712, 116.64894698891712, 116.64894698891712, 116.64894698891712, 116.64894698891712, 116.64894698891712, 116.64894698891712, 116.64894698891712, 116.64894698891712, 116.64894698891712, 116.64894698891712, 116.64894698891712, 116.64894698891712, 116.64894698891712, 116.64894698891712, 116.64894698891712, 116.64894698891712, 116.64894698891712, 116.64894698891712, 116.64894698891712, 116.64894698891712, 116.64894698891712, 116.64894698891712, 116.64894698891712, 116.64894698891712, 116.64894698891712, 116.64894698891712, 116.64894698891712, 116.64894698891712, 116.64894698891712, 116.64894698891712, 116.64894698891712, 116.64894698891712, 116.64894698891712, 116.64894698891712, 116.64894698891712, 116.64894698891712, 116.64894698891712, 116.64894698891712, 116.64894698891712, 116.64894698891712, 116.64894698891712, 116.64894698891712, 116.64894698891712, 116.64894698891712, 116.64894698891712, 116.64894698891712, 116.64894698891712) 

2 : 

x <- c(116.08678746311571, 116.08678746311571, 116.08678746311571, 116.08678746311571, 116.08678746311571, 116.08678746311571, 116.08678746311571, 116.08678746311571, 116.08678746311571, 116.08678746311571, 116.08678746311571, 116.08678746311571, 116.08678746311571, 116.08678746311571, 116.08678746311571, 116.08678746311571, 116.08678746311571, 116.08678746311571, 116.08678746311571, 116.08678746311571, 116.08678746311571, 116.08678746311571, 116.08678746311571, 116.08678746311571, 116.08678746311571, 116.08678746311571, 116.08678746311571, 116.08678746311571, 116.08678746311571, 116.08678746311571, 116.08678746311571, 116.08678746311571, 116.08678746311571, 116.08678746311571, 116.08678746311571, 116.08678746311571, 116.08678746311571, 116.08678746311571, 116.08678746311571, 116.08678746311571, 116.08678746311571, 116.08678746311571, 116.08678746311571, 116.08678746311571, 116.08678746311571, 116.08678746311571, 116.08678746311571, 116.08678746311571, 116.08678746311571, 116.08678746311571, 116.08678746311571, 116.08678746311571, 116.08678746311571, 116.08678746311571, 116.08678746311571, 116.08678746311571, 116.08678746311571, 116.08678746311571, 116.08678746311571, 116.08678746311571, 116.08678746311571, 116.08678746311571, 116.08678746311571, 116.08678746311571, 116.08678746311571, 116.08678746311571, 116.08678746311571, 116.08678746311571, 116.08678746311571, 116.08678746311571, 116.08678746311571, 116.08678746311571, 116.08678746311571, 116.08678746311571, 116.08678746311571, 116.08678746311571, 116.08678746311571, 116.08678746311571, 116.08678746311571, 116.08678746311571, 116.08678746311571, 116.08678746311571, 116.08678746311571, 116.08678746311571, 116.08678746311571, 116.08678746311571, 116.08678746311571, 116.08678746311571, 116.08678746311571, 116.08678746311571, 116.08678746311571, 116.08678746311571, 116.08678746311571, 116.08678746311571, 116.08678746311571, 116.08678746311571, 116.08678746311571, 116.08678746311571, 116.08678746311571, 116.08678746311571) 

3 : 

x <- c(117.28310590128393, 117.28310590128393, 117.28310590128393, 117.28310590128393, 117.28310590128393, 117.28310590128393, 117.28310590128393, 117.28310590128393, 117.28310590128393, 117.28310590128393, 117.28310590128393, 117.28310590128393, 117.28310590128393, 117.28310590128393, 117.28310590128393, 117.28310590128393, 117.28310590128393, 117.28310590128393, 117.28310590128393, 117.28310590128393, 117.28310590128393, 117.28310590128393, 117.28310590128393, 117.28310590128393, 117.28310590128393, 117.28310590128393, 117.28310590128393, 117.28310590128393, 117.28310590128393, 117.28310590128393, 117.28310590128393, 117.28310590128393, 117.28310590128393, 117.28310590128393, 117.28310590128393, 117.28310590128393, 117.28310590128393, 117.28310590128393, 117.28310590128393, 117.28310590128393, 117.28310590128393, 117.28310590128393, 117.28310590128393, 117.28310590128393, 117.28310590128393, 117.28310590128393, 117.28310590128393, 117.28310590128393, 117.28310590128393, 117.28310590128393, 117.28310590128393, 117.28310590128393, 117.28310590128393, 117.28310590128393, 117.28310590128393, 117.28310590128393, 117.28310590128393, 117.28310590128393, 117.28310590128393, 117.28310590128393, 117.28310590128393, 117.28310590128393, 117.28310590128393, 117.28310590128393, 117.28310590128393, 117.28310590128393, 117.28310590128393, 117.28310590128393, 117.28310590128393, 117.28310590128393, 117.28310590128393, 117.28310590128393, 117.28310590128393, 117.28310590128393, 117.28310590128393, 117.28310590128393, 117.28310590128393, 117.28310590128393, 117.28310590128393, 117.28310590128393, 117.28310590128393, 117.28310590128393, 117.28310590128393, 117.28310590128393, 117.28310590128393, 117.28310590128393, 117.28310590128393, 117.28310590128393, 117.28310590128393, 117.28310590128393, 117.28310590128393, 117.28310590128393, 117.28310590128393, 117.28310590128393, 117.28310590128393, 117.28310590128393, 117.28310590128393, 117.28310590128393, 117.28310590128393, 117.28310590128393) 

4 : 

x <- c(117.65537749493275, 117.65537749493275, 117.65537749493275, 117.65537749493275, 117.65537749493275, 117.65537749493275, 117.65537749493275, 117.65537749493275, 117.65537749493275, 117.65537749493275, 117.65537749493275, 117.65537749493275, 117.65537749493275, 117.65537749493275, 117.65537749493275, 117.65537749493275, 117.65537749493275, 117.65537749493275, 117.65537749493275, 117.65537749493275, 117.65537749493275, 117.65537749493275, 117.65537749493275, 117.65537749493275, 117.65537749493275, 117.65537749493275, 117.65537749493275, 117.65537749493275, 117.65537749493275, 117.65537749493275, 117.65537749493275, 117.65537749493275, 117.65537749493275, 117.65537749493275, 117.65537749493275, 117.65537749493275, 117.65537749493275, 117.65537749493275, 117.65537749493275, 117.65537749493275, 117.65537749493275, 117.65537749493275, 117.65537749493275, 117.65537749493275, 117.65537749493275, 117.65537749493275, 117.65537749493275, 117.65537749493275, 117.65537749493275, 117.65537749493275, 117.65537749493275, 117.65537749493275, 117.65537749493275, 117.65537749493275, 117.65537749493275, 117.65537749493275, 117.65537749493275, 117.65537749493275, 117.65537749493275, 117.65537749493275, 117.65537749493275, 117.65537749493275, 117.65537749493275, 117.65537749493275, 117.65537749493275, 117.65537749493275, 117.65537749493275, 117.65537749493275, 117.65537749493275, 117.65537749493275, 117.65537749493275, 117.65537749493275, 117.65537749493275, 117.65537749493275, 117.65537749493275, 117.65537749493275, 117.65537749493275, 117.65537749493275, 117.65537749493275, 117.65537749493275, 117.65537749493275, 117.65537749493275, 117.65537749493275, 117.65537749493275, 117.65537749493275, 117.65537749493275, 117.65537749493275, 117.65537749493275, 117.65537749493275, 117.65537749493275, 117.65537749493275, 117.65537749493275, 117.65537749493275, 117.65537749493275, 117.65537749493275, 117.65537749493275, 117.65537749493275, 117.65537749493275, 117.65537749493275, 117.65537749493275) 

5 : 

x <- c(117.2069159757799, 117.2069159757799, 117.2069159757799, 117.2069159757799, 117.2069159757799, 117.2069159757799, 117.2069159757799, 117.2069159757799, 117.2069159757799, 117.2069159757799, 117.2069159757799, 117.2069159757799, 117.2069159757799, 117.2069159757799, 117.2069159757799, 117.2069159757799, 117.2069159757799, 117.2069159757799, 117.2069159757799, 117.2069159757799, 117.2069159757799, 117.2069159757799, 117.2069159757799, 117.2069159757799, 117.2069159757799, 117.2069159757799, 117.2069159757799, 117.2069159757799, 117.2069159757799, 117.2069159757799, 117.2069159757799, 117.2069159757799, 117.2069159757799, 117.2069159757799, 117.2069159757799, 117.2069159757799, 117.2069159757799, 117.2069159757799, 117.2069159757799, 117.2069159757799, 117.2069159757799, 117.2069159757799, 117.2069159757799, 117.2069159757799, 117.2069159757799, 117.2069159757799, 117.2069159757799, 117.2069159757799, 117.2069159757799, 117.2069159757799, 117.2069159757799, 117.2069159757799, 117.2069159757799, 117.2069159757799, 117.2069159757799, 117.2069159757799, 117.2069159757799, 117.2069159757799, 117.2069159757799, 117.2069159757799, 117.2069159757799, 117.2069159757799, 117.2069159757799, 117.2069159757799, 117.2069159757799, 117.2069159757799, 117.2069159757799, 117.2069159757799, 117.2069159757799, 117.2069159757799, 117.2069159757799, 117.2069159757799, 117.2069159757799, 117.2069159757799, 117.2069159757799, 117.2069159757799, 117.2069159757799, 117.2069159757799, 117.2069159757799, 117.2069159757799, 117.2069159757799, 117.2069159757799, 117.2069159757799, 117.2069159757799, 117.2069159757799, 117.2069159757799, 117.2069159757799, 117.2069159757799, 117.2069159757799, 117.2069159757799, 117.2069159757799, 117.2069159757799, 117.2069159757799, 117.2069159757799, 117.2069159757799, 117.2069159757799, 117.2069159757799, 117.2069159757799, 117.2069159757799, 117.2069159757799) 

6 : 

x <- c(114.71763760670727, 114.71763760670727, 114.71763760670727, 114.71763760670727, 114.71763760670727, 114.71763760670727, 114.71763760670727, 114.71763760670727, 114.71763760670727, 114.71763760670727, 114.71763760670727, 114.71763760670727, 114.71763760670727, 114.71763760670727, 114.71763760670727, 114.71763760670727, 114.71763760670727, 114.71763760670727, 114.71763760670727, 114.71763760670727, 114.71763760670727, 114.71763760670727, 114.71763760670727, 114.71763760670727, 114.71763760670727, 114.71763760670727, 114.71763760670727, 114.71763760670727, 114.71763760670727, 114.71763760670727, 114.71763760670727, 114.71763760670727, 114.71763760670727, 114.71763760670727, 114.71763760670727, 114.71763760670727, 114.71763760670727, 114.71763760670727, 114.71763760670727, 114.71763760670727, 114.71763760670727, 114.71763760670727, 114.71763760670727, 114.71763760670727, 114.71763760670727, 114.71763760670727, 114.71763760670727, 114.71763760670727, 114.71763760670727, 114.71763760670727, 114.71763760670727, 114.71763760670727, 114.71763760670727, 114.71763760670727, 114.71763760670727, 114.71763760670727, 114.71763760670727, 114.71763760670727, 114.71763760670727, 114.71763760670727, 114.71763760670727, 114.71763760670727, 114.71763760670727, 114.71763760670727, 114.71763760670727, 114.71763760670727, 114.71763760670727, 114.71763760670727, 114.71763760670727, 114.71763760670727, 114.71763760670727, 114.71763760670727, 114.71763760670727, 114.71763760670727, 114.71763760670727, 114.71763760670727, 114.71763760670727, 114.71763760670727, 114.71763760670727, 114.71763760670727, 114.71763760670727, 114.71763760670727, 114.71763760670727, 114.71763760670727, 114.71763760670727, 114.71763760670727, 114.71763760670727, 114.71763760670727, 114.71763760670727, 114.71763760670727, 114.71763760670727, 114.71763760670727, 114.71763760670727, 114.71763760670727, 114.71763760670727, 114.71763760670727, 114.71763760670727, 114.71763760670727, 114.71763760670727, 114.71763760670727) 

7 : 

x <- c(117.0122812716859, 117.0122812716859, 117.0122812716859, 117.0122812716859, 117.0122812716859, 117.0122812716859, 117.0122812716859, 117.0122812716859, 117.0122812716859, 117.0122812716859, 117.0122812716859, 117.0122812716859, 117.0122812716859, 117.0122812716859, 117.0122812716859, 117.0122812716859, 117.0122812716859, 117.0122812716859, 117.0122812716859, 117.0122812716859, 117.0122812716859, 117.0122812716859, 117.0122812716859, 117.0122812716859, 117.0122812716859, 117.0122812716859, 117.0122812716859, 117.0122812716859, 117.0122812716859, 117.0122812716859, 117.0122812716859, 117.0122812716859, 117.0122812716859, 117.0122812716859, 117.0122812716859, 117.0122812716859, 117.0122812716859, 117.0122812716859, 117.0122812716859, 117.0122812716859, 117.0122812716859, 117.0122812716859, 117.0122812716859, 117.0122812716859, 117.0122812716859, 117.0122812716859, 117.0122812716859, 117.0122812716859, 117.0122812716859, 117.0122812716859, 117.0122812716859, 117.0122812716859, 117.0122812716859, 117.0122812716859, 117.0122812716859, 117.0122812716859, 117.0122812716859, 117.0122812716859, 117.0122812716859, 117.0122812716859, 117.0122812716859, 117.0122812716859, 117.0122812716859, 117.0122812716859, 117.0122812716859, 117.0122812716859, 117.0122812716859, 117.0122812716859, 117.0122812716859, 117.0122812716859, 117.0122812716859, 117.0122812716859, 117.0122812716859, 117.0122812716859, 117.0122812716859, 117.0122812716859, 117.0122812716859, 117.0122812716859, 117.0122812716859, 117.0122812716859, 117.0122812716859, 117.0122812716859, 117.0122812716859, 117.0122812716859, 117.0122812716859, 117.0122812716859, 117.0122812716859, 117.0122812716859, 117.0122812716859, 117.0122812716859, 117.0122812716859, 117.0122812716859, 117.0122812716859, 117.0122812716859, 117.0122812716859, 117.0122812716859, 117.0122812716859, 117.0122812716859, 117.0122812716859, 117.0122812716859) 

8 : 

x <- c(115.89371222050967, 115.89371222050967, 115.89371222050967, 115.89371222050967, 115.89371222050967, 115.89371222050967, 115.89371222050967, 115.89371222050967, 115.89371222050967, 115.89371222050967, 115.89371222050967, 115.89371222050967, 115.89371222050967, 115.89371222050967, 115.89371222050967, 115.89371222050967, 115.89371222050967, 115.89371222050967, 115.89371222050967, 115.89371222050967, 115.89371222050967, 115.89371222050967, 115.89371222050967, 115.89371222050967, 115.89371222050967, 115.89371222050967, 115.89371222050967, 115.89371222050967, 115.89371222050967, 115.89371222050967, 115.89371222050967, 115.89371222050967, 115.89371222050967, 115.89371222050967, 115.89371222050967, 115.89371222050967, 115.89371222050967, 115.89371222050967, 115.89371222050967, 115.89371222050967, 115.89371222050967, 115.89371222050967, 115.89371222050967, 115.89371222050967, 115.89371222050967, 115.89371222050967, 115.89371222050967, 115.89371222050967, 115.89371222050967, 115.89371222050967, 115.89371222050967, 115.89371222050967, 115.89371222050967, 115.89371222050967, 115.89371222050967, 115.89371222050967, 115.89371222050967, 115.89371222050967, 115.89371222050967, 115.89371222050967, 115.89371222050967, 115.89371222050967, 115.89371222050967, 115.89371222050967, 115.89371222050967, 115.89371222050967, 115.89371222050967, 115.89371222050967, 115.89371222050967, 115.89371222050967, 115.89371222050967, 115.89371222050967, 115.89371222050967, 115.89371222050967, 115.89371222050967, 115.89371222050967, 115.89371222050967, 115.89371222050967, 115.89371222050967, 115.89371222050967, 115.89371222050967, 115.89371222050967, 115.89371222050967, 115.89371222050967, 115.89371222050967, 115.89371222050967, 115.89371222050967, 115.89371222050967, 115.89371222050967, 115.89371222050967, 115.89371222050967, 115.89371222050967, 115.89371222050967, 115.89371222050967, 115.89371222050967, 115.89371222050967, 115.89371222050967, 115.89371222050967, 115.89371222050967, 115.89371222050967) 

9 : 

x <- c(118.52409090666174, 118.52409090666174, 118.52409090666174, 118.52409090666174, 118.52409090666174, 118.52409090666174, 118.52409090666174, 118.52409090666174, 118.52409090666174, 118.52409090666174, 118.52409090666174, 118.52409090666174, 118.52409090666174, 118.52409090666174, 118.52409090666174, 118.52409090666174, 118.52409090666174, 118.52409090666174, 118.52409090666174, 118.52409090666174, 118.52409090666174, 118.52409090666174, 118.52409090666174, 118.52409090666174, 118.52409090666174, 118.52409090666174, 118.52409090666174, 118.52409090666174, 118.52409090666174, 118.52409090666174, 118.52409090666174, 118.52409090666174, 118.52409090666174, 118.52409090666174, 118.52409090666174, 118.52409090666174, 118.52409090666174, 118.52409090666174, 118.52409090666174, 118.52409090666174, 118.52409090666174, 118.52409090666174, 118.52409090666174, 118.52409090666174, 118.52409090666174, 118.52409090666174, 118.52409090666174, 118.52409090666174, 118.52409090666174, 118.52409090666174, 118.52409090666174, 118.52409090666174, 118.52409090666174, 118.52409090666174, 118.52409090666174, 118.52409090666174, 118.52409090666174, 118.52409090666174, 118.52409090666174, 118.52409090666174, 118.52409090666174, 118.52409090666174, 118.52409090666174, 118.52409090666174, 118.52409090666174, 118.52409090666174, 118.52409090666174, 118.52409090666174, 118.52409090666174, 118.52409090666174, 118.52409090666174, 118.52409090666174, 118.52409090666174, 118.52409090666174, 118.52409090666174, 118.52409090666174, 118.52409090666174, 118.52409090666174, 118.52409090666174, 118.52409090666174, 118.52409090666174, 118.52409090666174, 118.52409090666174, 118.52409090666174, 118.52409090666174, 118.52409090666174, 118.52409090666174, 118.52409090666174, 118.52409090666174, 118.52409090666174, 118.52409090666174, 118.52409090666174, 118.52409090666174, 118.52409090666174, 118.52409090666174, 118.52409090666174, 118.52409090666174, 118.52409090666174, 118.52409090666174, 118.52409090666174) 

10 : 

x <- c(116.2761552950823, 116.2761552950823, 116.2761552950823, 116.2761552950823, 116.2761552950823, 116.2761552950823, 116.2761552950823, 116.2761552950823, 116.2761552950823, 116.2761552950823, 116.2761552950823, 116.2761552950823, 116.2761552950823, 116.2761552950823, 116.2761552950823, 116.2761552950823, 116.2761552950823, 116.2761552950823, 116.2761552950823, 116.2761552950823, 116.2761552950823, 116.2761552950823, 116.2761552950823, 116.2761552950823, 116.2761552950823, 116.2761552950823, 116.2761552950823, 116.2761552950823, 116.2761552950823, 116.2761552950823, 116.2761552950823, 116.2761552950823, 116.2761552950823, 116.2761552950823, 116.2761552950823, 116.2761552950823, 116.2761552950823, 116.2761552950823, 116.2761552950823, 116.2761552950823, 116.2761552950823, 116.2761552950823, 116.2761552950823, 116.2761552950823, 116.2761552950823, 116.2761552950823, 116.2761552950823, 116.2761552950823, 116.2761552950823, 116.2761552950823, 116.2761552950823, 116.2761552950823, 116.2761552950823, 116.2761552950823, 116.2761552950823, 116.2761552950823, 116.2761552950823, 116.2761552950823, 116.2761552950823, 116.2761552950823, 116.2761552950823, 116.2761552950823, 116.2761552950823, 116.2761552950823, 116.2761552950823, 116.2761552950823, 116.2761552950823, 116.2761552950823, 116.2761552950823, 116.2761552950823, 116.2761552950823, 116.2761552950823, 116.2761552950823, 116.2761552950823, 116.2761552950823, 116.2761552950823, 116.2761552950823, 116.2761552950823, 116.2761552950823, 116.2761552950823, 116.2761552950823, 116.2761552950823, 116.2761552950823, 116.2761552950823, 116.2761552950823, 116.2761552950823, 116.2761552950823, 116.2761552950823, 116.2761552950823, 116.2761552950823, 116.2761552950823, 116.2761552950823, 116.2761552950823, 116.2761552950823, 116.2761552950823, 116.2761552950823, 116.2761552950823, 116.2761552950823, 116.2761552950823, 116.2761552950823) 

11 : 

x <- c(116.63380263230533, 116.63380263230533, 116.63380263230533, 116.63380263230533, 116.63380263230533, 116.63380263230533, 116.63380263230533, 116.63380263230533, 116.63380263230533, 116.63380263230533, 116.63380263230533, 116.63380263230533, 116.63380263230533, 116.63380263230533, 116.63380263230533, 116.63380263230533, 116.63380263230533, 116.63380263230533, 116.63380263230533, 116.63380263230533, 116.63380263230533, 116.63380263230533, 116.63380263230533, 116.63380263230533, 116.63380263230533, 116.63380263230533, 116.63380263230533, 116.63380263230533, 116.63380263230533, 116.63380263230533, 116.63380263230533, 116.63380263230533, 116.63380263230533, 116.63380263230533, 116.63380263230533, 116.63380263230533, 116.63380263230533, 116.63380263230533, 116.63380263230533, 116.63380263230533, 116.63380263230533, 116.63380263230533, 116.63380263230533, 116.63380263230533, 116.63380263230533, 116.63380263230533, 116.63380263230533, 116.63380263230533, 116.63380263230533, 116.63380263230533, 116.63380263230533, 116.63380263230533, 116.63380263230533, 116.63380263230533, 116.63380263230533, 116.63380263230533, 116.63380263230533, 116.63380263230533, 116.63380263230533, 116.63380263230533, 116.63380263230533, 116.63380263230533, 116.63380263230533, 116.63380263230533, 116.63380263230533, 116.63380263230533, 116.63380263230533, 116.63380263230533, 116.63380263230533, 116.63380263230533, 116.63380263230533, 116.63380263230533, 116.63380263230533, 116.63380263230533, 116.63380263230533, 116.63380263230533, 116.63380263230533, 116.63380263230533, 116.63380263230533, 116.63380263230533, 116.63380263230533, 116.63380263230533, 116.63380263230533, 116.63380263230533, 116.63380263230533, 116.63380263230533, 116.63380263230533, 116.63380263230533, 116.63380263230533, 116.63380263230533, 116.63380263230533, 116.63380263230533, 116.63380263230533, 116.63380263230533, 116.63380263230533, 116.63380263230533, 116.63380263230533, 116.63380263230533, 116.63380263230533, 116.63380263230533) 

12 : 

x <- c(116.82928201433803, 116.82928201433803, 116.82928201433803, 116.82928201433803, 116.82928201433803, 116.82928201433803, 116.82928201433803, 116.82928201433803, 116.82928201433803, 116.82928201433803, 116.82928201433803, 116.82928201433803, 116.82928201433803, 116.82928201433803, 116.82928201433803, 116.82928201433803, 116.82928201433803, 116.82928201433803, 116.82928201433803, 116.82928201433803, 116.82928201433803, 116.82928201433803, 116.82928201433803, 116.82928201433803, 116.82928201433803, 116.82928201433803, 116.82928201433803, 116.82928201433803, 116.82928201433803, 116.82928201433803, 116.82928201433803, 116.82928201433803, 116.82928201433803, 116.82928201433803, 116.82928201433803, 116.82928201433803, 116.82928201433803, 116.82928201433803, 116.82928201433803, 116.82928201433803, 116.82928201433803, 116.82928201433803, 116.82928201433803, 116.82928201433803, 116.82928201433803, 116.82928201433803, 116.82928201433803, 116.82928201433803, 116.82928201433803, 116.82928201433803, 116.82928201433803, 116.82928201433803, 116.82928201433803, 116.82928201433803, 116.82928201433803, 116.82928201433803, 116.82928201433803, 116.82928201433803, 116.82928201433803, 116.82928201433803, 116.82928201433803, 116.82928201433803, 116.82928201433803, 116.82928201433803, 116.82928201433803, 116.82928201433803, 116.82928201433803, 116.82928201433803, 116.82928201433803, 116.82928201433803, 116.82928201433803, 116.82928201433803, 116.82928201433803, 116.82928201433803, 116.82928201433803, 116.82928201433803, 116.82928201433803, 116.82928201433803, 116.82928201433803, 116.82928201433803, 116.82928201433803, 116.82928201433803, 116.82928201433803, 116.82928201433803, 116.82928201433803, 116.82928201433803, 116.82928201433803, 116.82928201433803, 116.82928201433803, 116.82928201433803, 116.82928201433803, 116.82928201433803, 116.82928201433803, 116.82928201433803, 116.82928201433803, 116.82928201433803, 116.82928201433803, 116.82928201433803, 116.82928201433803, 116.82928201433803) 

13 : 

x <- c(115.81527924316077, 115.81527924316077, 115.81527924316077, 115.81527924316077, 115.81527924316077, 115.81527924316077, 115.81527924316077, 115.81527924316077, 115.81527924316077, 115.81527924316077, 115.81527924316077, 115.81527924316077, 115.81527924316077, 115.81527924316077, 115.81527924316077, 115.81527924316077, 115.81527924316077, 115.81527924316077, 115.81527924316077, 115.81527924316077, 115.81527924316077, 115.81527924316077, 115.81527924316077, 115.81527924316077, 115.81527924316077, 115.81527924316077, 115.81527924316077, 115.81527924316077, 115.81527924316077, 115.81527924316077, 115.81527924316077, 115.81527924316077, 115.81527924316077, 115.81527924316077, 115.81527924316077, 115.81527924316077, 115.81527924316077, 115.81527924316077, 115.81527924316077, 115.81527924316077, 115.81527924316077, 115.81527924316077, 115.81527924316077, 115.81527924316077, 115.81527924316077, 115.81527924316077, 115.81527924316077, 115.81527924316077, 115.81527924316077, 115.81527924316077, 115.81527924316077, 115.81527924316077, 115.81527924316077, 115.81527924316077, 115.81527924316077, 115.81527924316077, 115.81527924316077, 115.81527924316077, 115.81527924316077, 115.81527924316077, 115.81527924316077, 115.81527924316077, 115.81527924316077, 115.81527924316077, 115.81527924316077, 115.81527924316077, 115.81527924316077, 115.81527924316077, 115.81527924316077, 115.81527924316077, 115.81527924316077, 115.81527924316077, 115.81527924316077, 115.81527924316077, 115.81527924316077, 115.81527924316077, 115.81527924316077, 115.81527924316077, 115.81527924316077, 115.81527924316077, 115.81527924316077, 115.81527924316077, 115.81527924316077, 115.81527924316077, 115.81527924316077, 115.81527924316077, 115.81527924316077, 115.81527924316077, 115.81527924316077, 115.81527924316077, 115.81527924316077, 115.81527924316077, 115.81527924316077, 115.81527924316077, 115.81527924316077, 115.81527924316077, 115.81527924316077, 115.81527924316077, 115.81527924316077, 115.81527924316077) 

14 : 

x <- c(118.21736152373562, 118.21736152373562, 118.21736152373562, 118.21736152373562, 118.21736152373562, 118.21736152373562, 118.21736152373562, 118.21736152373562, 118.21736152373562, 118.21736152373562, 118.21736152373562, 118.21736152373562, 118.21736152373562, 118.21736152373562, 118.21736152373562, 118.21736152373562, 118.21736152373562, 118.21736152373562, 118.21736152373562, 118.21736152373562, 118.21736152373562, 118.21736152373562, 118.21736152373562, 118.21736152373562, 118.21736152373562, 118.21736152373562, 118.21736152373562, 118.21736152373562, 118.21736152373562, 118.21736152373562, 118.21736152373562, 118.21736152373562, 118.21736152373562, 118.21736152373562, 118.21736152373562, 118.21736152373562, 118.21736152373562, 118.21736152373562, 118.21736152373562, 118.21736152373562, 118.21736152373562, 118.21736152373562, 118.21736152373562, 118.21736152373562, 118.21736152373562, 118.21736152373562, 118.21736152373562, 118.21736152373562, 118.21736152373562, 118.21736152373562, 118.21736152373562, 118.21736152373562, 118.21736152373562, 118.21736152373562, 118.21736152373562, 118.21736152373562, 118.21736152373562, 118.21736152373562, 118.21736152373562, 118.21736152373562, 118.21736152373562, 118.21736152373562, 118.21736152373562, 118.21736152373562, 118.21736152373562, 118.21736152373562, 118.21736152373562, 118.21736152373562, 118.21736152373562, 118.21736152373562, 118.21736152373562, 118.21736152373562, 118.21736152373562, 118.21736152373562, 118.21736152373562, 118.21736152373562, 118.21736152373562, 118.21736152373562, 118.21736152373562, 118.21736152373562, 118.21736152373562, 118.21736152373562, 118.21736152373562, 118.21736152373562, 118.21736152373562, 118.21736152373562, 118.21736152373562, 118.21736152373562, 118.21736152373562, 118.21736152373562, 118.21736152373562, 118.21736152373562, 118.21736152373562, 118.21736152373562, 118.21736152373562, 118.21736152373562, 118.21736152373562, 118.21736152373562, 118.21736152373562, 118.21736152373562) 

15 : 

x <- c(117.15711437593068, 117.15711437593068, 117.15711437593068, 117.15711437593068, 117.15711437593068, 117.15711437593068, 117.15711437593068, 117.15711437593068, 117.15711437593068, 117.15711437593068, 117.15711437593068, 117.15711437593068, 117.15711437593068, 117.15711437593068, 117.15711437593068, 117.15711437593068, 117.15711437593068, 117.15711437593068, 117.15711437593068, 117.15711437593068, 117.15711437593068, 117.15711437593068, 117.15711437593068, 117.15711437593068, 117.15711437593068, 117.15711437593068, 117.15711437593068, 117.15711437593068, 117.15711437593068, 117.15711437593068, 117.15711437593068, 117.15711437593068, 117.15711437593068, 117.15711437593068, 117.15711437593068, 117.15711437593068, 117.15711437593068, 117.15711437593068, 117.15711437593068, 117.15711437593068, 117.15711437593068, 117.15711437593068, 117.15711437593068, 117.15711437593068, 117.15711437593068, 117.15711437593068, 117.15711437593068, 117.15711437593068, 117.15711437593068, 117.15711437593068, 117.15711437593068, 117.15711437593068, 117.15711437593068, 117.15711437593068, 117.15711437593068, 117.15711437593068, 117.15711437593068, 117.15711437593068, 117.15711437593068, 117.15711437593068, 117.15711437593068, 117.15711437593068, 117.15711437593068, 117.15711437593068, 117.15711437593068, 117.15711437593068, 117.15711437593068, 117.15711437593068, 117.15711437593068, 117.15711437593068, 117.15711437593068, 117.15711437593068, 117.15711437593068, 117.15711437593068, 117.15711437593068, 117.15711437593068, 117.15711437593068, 117.15711437593068, 117.15711437593068, 117.15711437593068, 117.15711437593068, 117.15711437593068, 117.15711437593068, 117.15711437593068, 117.15711437593068, 117.15711437593068, 117.15711437593068, 117.15711437593068, 117.15711437593068, 117.15711437593068, 117.15711437593068, 117.15711437593068, 117.15711437593068, 117.15711437593068, 117.15711437593068, 117.15711437593068, 117.15711437593068, 117.15711437593068, 117.15711437593068, 117.15711437593068) 

16 : 

x <- c(116.22001672656737, 116.22001672656737, 116.22001672656737, 116.22001672656737, 116.22001672656737, 116.22001672656737, 116.22001672656737, 116.22001672656737, 116.22001672656737, 116.22001672656737, 116.22001672656737, 116.22001672656737, 116.22001672656737, 116.22001672656737, 116.22001672656737, 116.22001672656737, 116.22001672656737, 116.22001672656737, 116.22001672656737, 116.22001672656737, 116.22001672656737, 116.22001672656737, 116.22001672656737, 116.22001672656737, 116.22001672656737, 116.22001672656737, 116.22001672656737, 116.22001672656737, 116.22001672656737, 116.22001672656737, 116.22001672656737, 116.22001672656737, 116.22001672656737, 116.22001672656737, 116.22001672656737, 116.22001672656737, 116.22001672656737, 116.22001672656737, 116.22001672656737, 116.22001672656737, 116.22001672656737, 116.22001672656737, 116.22001672656737, 116.22001672656737, 116.22001672656737, 116.22001672656737, 116.22001672656737, 116.22001672656737, 116.22001672656737, 116.22001672656737, 116.22001672656737, 116.22001672656737, 116.22001672656737, 116.22001672656737, 116.22001672656737, 116.22001672656737, 116.22001672656737, 116.22001672656737, 116.22001672656737, 116.22001672656737, 116.22001672656737, 116.22001672656737, 116.22001672656737, 116.22001672656737, 116.22001672656737, 116.22001672656737, 116.22001672656737, 116.22001672656737, 116.22001672656737, 116.22001672656737, 116.22001672656737, 116.22001672656737, 116.22001672656737, 116.22001672656737, 116.22001672656737, 116.22001672656737, 116.22001672656737, 116.22001672656737, 116.22001672656737, 116.22001672656737, 116.22001672656737, 116.22001672656737, 116.22001672656737, 116.22001672656737, 116.22001672656737, 116.22001672656737, 116.22001672656737, 116.22001672656737, 116.22001672656737, 116.22001672656737, 116.22001672656737, 116.22001672656737, 116.22001672656737, 116.22001672656737, 116.22001672656737, 116.22001672656737, 116.22001672656737, 116.22001672656737, 116.22001672656737, 116.22001672656737) 

17 : 

x <- c(115.25345175945856, 115.25345175945856, 115.25345175945856, 115.25345175945856, 115.25345175945856, 115.25345175945856, 115.25345175945856, 115.25345175945856, 115.25345175945856, 115.25345175945856, 115.25345175945856, 115.25345175945856, 115.25345175945856, 115.25345175945856, 115.25345175945856, 115.25345175945856, 115.25345175945856, 115.25345175945856, 115.25345175945856, 115.25345175945856, 115.25345175945856, 115.25345175945856, 115.25345175945856, 115.25345175945856, 115.25345175945856, 115.25345175945856, 115.25345175945856, 115.25345175945856, 115.25345175945856, 115.25345175945856, 115.25345175945856, 115.25345175945856, 115.25345175945856, 115.25345175945856, 115.25345175945856, 115.25345175945856, 115.25345175945856, 115.25345175945856, 115.25345175945856, 115.25345175945856, 115.25345175945856, 115.25345175945856, 115.25345175945856, 115.25345175945856, 115.25345175945856, 115.25345175945856, 115.25345175945856, 115.25345175945856, 115.25345175945856, 115.25345175945856, 115.25345175945856, 115.25345175945856, 115.25345175945856, 115.25345175945856, 115.25345175945856, 115.25345175945856, 115.25345175945856, 115.25345175945856, 115.25345175945856, 115.25345175945856, 115.25345175945856, 115.25345175945856, 115.25345175945856, 115.25345175945856, 115.25345175945856, 115.25345175945856, 115.25345175945856, 115.25345175945856, 115.25345175945856, 115.25345175945856, 115.25345175945856, 115.25345175945856, 115.25345175945856, 115.25345175945856, 115.25345175945856, 115.25345175945856, 115.25345175945856, 115.25345175945856, 115.25345175945856, 115.25345175945856, 115.25345175945856, 115.25345175945856, 115.25345175945856, 115.25345175945856, 115.25345175945856, 115.25345175945856, 115.25345175945856, 115.25345175945856, 115.25345175945856, 115.25345175945856, 115.25345175945856, 115.25345175945856, 115.25345175945856, 115.25345175945856, 115.25345175945856, 115.25345175945856, 115.25345175945856, 115.25345175945856, 115.25345175945856, 115.25345175945856) 

18 : 

x <- c(118.5082520048569, 118.5082520048569, 118.5082520048569, 118.5082520048569, 118.5082520048569, 118.5082520048569, 118.5082520048569, 118.5082520048569, 118.5082520048569, 118.5082520048569, 118.5082520048569, 118.5082520048569, 118.5082520048569, 118.5082520048569, 118.5082520048569, 118.5082520048569, 118.5082520048569, 118.5082520048569, 118.5082520048569, 118.5082520048569, 118.5082520048569, 118.5082520048569, 118.5082520048569, 118.5082520048569, 118.5082520048569, 118.5082520048569, 118.5082520048569, 118.5082520048569, 118.5082520048569, 118.5082520048569, 118.5082520048569, 118.5082520048569, 118.5082520048569, 118.5082520048569, 118.5082520048569, 118.5082520048569, 118.5082520048569, 118.5082520048569, 118.5082520048569, 118.5082520048569, 118.5082520048569, 118.5082520048569, 118.5082520048569, 118.5082520048569, 118.5082520048569, 118.5082520048569, 118.5082520048569, 118.5082520048569, 118.5082520048569, 118.5082520048569, 118.5082520048569, 118.5082520048569, 118.5082520048569, 118.5082520048569, 118.5082520048569, 118.5082520048569, 118.5082520048569, 118.5082520048569, 118.5082520048569, 118.5082520048569, 118.5082520048569, 118.5082520048569, 118.5082520048569, 118.5082520048569, 118.5082520048569, 118.5082520048569, 118.5082520048569, 118.5082520048569, 118.5082520048569, 118.5082520048569, 118.5082520048569, 118.5082520048569, 118.5082520048569, 118.5082520048569, 118.5082520048569, 118.5082520048569, 118.5082520048569, 118.5082520048569, 118.5082520048569, 118.5082520048569, 118.5082520048569, 118.5082520048569, 118.5082520048569, 118.5082520048569, 118.5082520048569, 118.5082520048569, 118.5082520048569, 118.5082520048569, 118.5082520048569, 118.5082520048569, 118.5082520048569, 118.5082520048569, 118.5082520048569, 118.5082520048569, 118.5082520048569, 118.5082520048569, 118.5082520048569, 118.5082520048569, 118.5082520048569, 118.5082520048569) 

19 : 

x <- c(117.74522169075892, 117.74522169075892, 117.74522169075892, 117.74522169075892, 117.74522169075892, 117.74522169075892, 117.74522169075892, 117.74522169075892, 117.74522169075892, 117.74522169075892, 117.74522169075892, 117.74522169075892, 117.74522169075892, 117.74522169075892, 117.74522169075892, 117.74522169075892, 117.74522169075892, 117.74522169075892, 117.74522169075892, 117.74522169075892, 117.74522169075892, 117.74522169075892, 117.74522169075892, 117.74522169075892, 117.74522169075892, 117.74522169075892, 117.74522169075892, 117.74522169075892, 117.74522169075892, 117.74522169075892, 117.74522169075892, 117.74522169075892, 117.74522169075892, 117.74522169075892, 117.74522169075892, 117.74522169075892, 117.74522169075892, 117.74522169075892, 117.74522169075892, 117.74522169075892, 117.74522169075892, 117.74522169075892, 117.74522169075892, 117.74522169075892, 117.74522169075892, 117.74522169075892, 117.74522169075892, 117.74522169075892, 117.74522169075892, 117.74522169075892, 117.74522169075892, 117.74522169075892, 117.74522169075892, 117.74522169075892, 117.74522169075892, 117.74522169075892, 117.74522169075892, 117.74522169075892, 117.74522169075892, 117.74522169075892, 117.74522169075892, 117.74522169075892, 117.74522169075892, 117.74522169075892, 117.74522169075892, 117.74522169075892, 117.74522169075892, 117.74522169075892, 117.74522169075892, 117.74522169075892, 117.74522169075892, 117.74522169075892, 117.74522169075892, 117.74522169075892, 117.74522169075892, 117.74522169075892, 117.74522169075892, 117.74522169075892, 117.74522169075892, 117.74522169075892, 117.74522169075892, 117.74522169075892, 117.74522169075892, 117.74522169075892, 117.74522169075892, 117.74522169075892, 117.74522169075892, 117.74522169075892, 117.74522169075892, 117.74522169075892, 117.74522169075892, 117.74522169075892, 117.74522169075892, 117.74522169075892, 117.74522169075892, 117.74522169075892, 117.74522169075892, 117.74522169075892, 117.74522169075892, 117.74522169075892) 

20 : 

x <- c(115.78500522400421, 115.78500522400421, 115.78500522400421, 115.78500522400421, 115.78500522400421, 115.78500522400421, 115.78500522400421, 115.78500522400421, 115.78500522400421, 115.78500522400421, 115.78500522400421, 115.78500522400421, 115.78500522400421, 115.78500522400421, 115.78500522400421, 115.78500522400421, 115.78500522400421, 115.78500522400421, 115.78500522400421, 115.78500522400421, 115.78500522400421, 115.78500522400421, 115.78500522400421, 115.78500522400421, 115.78500522400421, 115.78500522400421, 115.78500522400421, 115.78500522400421, 115.78500522400421, 115.78500522400421, 115.78500522400421, 115.78500522400421, 115.78500522400421, 115.78500522400421, 115.78500522400421, 115.78500522400421, 115.78500522400421, 115.78500522400421, 115.78500522400421, 115.78500522400421, 115.78500522400421, 115.78500522400421, 115.78500522400421, 115.78500522400421, 115.78500522400421, 115.78500522400421, 115.78500522400421, 115.78500522400421, 115.78500522400421, 115.78500522400421, 115.78500522400421, 115.78500522400421, 115.78500522400421, 115.78500522400421, 115.78500522400421, 115.78500522400421, 115.78500522400421, 115.78500522400421, 115.78500522400421, 115.78500522400421, 115.78500522400421, 115.78500522400421, 115.78500522400421, 115.78500522400421, 115.78500522400421, 115.78500522400421, 115.78500522400421, 115.78500522400421, 115.78500522400421, 115.78500522400421, 115.78500522400421, 115.78500522400421, 115.78500522400421, 115.78500522400421, 115.78500522400421, 115.78500522400421, 115.78500522400421, 115.78500522400421, 115.78500522400421, 115.78500522400421, 115.78500522400421, 115.78500522400421, 115.78500522400421, 115.78500522400421, 115.78500522400421, 115.78500522400421, 115.78500522400421, 115.78500522400421, 115.78500522400421, 115.78500522400421, 115.78500522400421, 115.78500522400421, 115.78500522400421, 115.78500522400421, 115.78500522400421, 115.78500522400421, 115.78500522400421, 115.78500522400421, 115.78500522400421, 115.78500522400421) 

21 : 

x <- c(118.66510359459917, 118.66510359459917, 118.66510359459917, 118.66510359459917, 118.66510359459917, 118.66510359459917, 118.66510359459917, 118.66510359459917, 118.66510359459917, 118.66510359459917, 118.66510359459917, 118.66510359459917, 118.66510359459917, 118.66510359459917, 118.66510359459917, 118.66510359459917, 118.66510359459917, 118.66510359459917, 118.66510359459917, 118.66510359459917, 118.66510359459917, 118.66510359459917, 118.66510359459917, 118.66510359459917, 118.66510359459917, 118.66510359459917, 118.66510359459917, 118.66510359459917, 118.66510359459917, 118.66510359459917, 118.66510359459917, 118.66510359459917, 118.66510359459917, 118.66510359459917, 118.66510359459917, 118.66510359459917, 118.66510359459917, 118.66510359459917, 118.66510359459917, 118.66510359459917, 118.66510359459917, 118.66510359459917, 118.66510359459917, 118.66510359459917, 118.66510359459917, 118.66510359459917, 118.66510359459917, 118.66510359459917, 118.66510359459917, 118.66510359459917, 118.66510359459917, 118.66510359459917, 118.66510359459917, 118.66510359459917, 118.66510359459917, 118.66510359459917, 118.66510359459917, 118.66510359459917, 118.66510359459917, 118.66510359459917, 118.66510359459917, 118.66510359459917, 118.66510359459917, 118.66510359459917, 118.66510359459917, 118.66510359459917, 118.66510359459917, 118.66510359459917, 118.66510359459917, 118.66510359459917, 118.66510359459917, 118.66510359459917, 118.66510359459917, 118.66510359459917, 118.66510359459917, 118.66510359459917, 118.66510359459917, 118.66510359459917, 118.66510359459917, 118.66510359459917, 118.66510359459917, 118.66510359459917, 118.66510359459917, 118.66510359459917, 118.66510359459917, 118.66510359459917, 118.66510359459917, 118.66510359459917, 118.66510359459917, 118.66510359459917, 118.66510359459917, 118.66510359459917, 118.66510359459917, 118.66510359459917, 118.66510359459917, 118.66510359459917, 118.66510359459917, 118.66510359459917, 118.66510359459917, 118.66510359459917) 

22 : 

x <- c(117.77845859599654, 117.77845859599654, 117.77845859599654, 117.77845859599654, 117.77845859599654, 117.77845859599654, 117.77845859599654, 117.77845859599654, 117.77845859599654, 117.77845859599654, 117.77845859599654, 117.77845859599654, 117.77845859599654, 117.77845859599654, 117.77845859599654, 117.77845859599654, 117.77845859599654, 117.77845859599654, 117.77845859599654, 117.77845859599654, 117.77845859599654, 117.77845859599654, 117.77845859599654, 117.77845859599654, 117.77845859599654, 117.77845859599654, 117.77845859599654, 117.77845859599654, 117.77845859599654, 117.77845859599654, 117.77845859599654, 117.77845859599654, 117.77845859599654, 117.77845859599654, 117.77845859599654, 117.77845859599654, 117.77845859599654, 117.77845859599654, 117.77845859599654, 117.77845859599654, 117.77845859599654, 117.77845859599654, 117.77845859599654, 117.77845859599654, 117.77845859599654, 117.77845859599654, 117.77845859599654, 117.77845859599654, 117.77845859599654, 117.77845859599654, 117.77845859599654, 117.77845859599654, 117.77845859599654, 117.77845859599654, 117.77845859599654, 117.77845859599654, 117.77845859599654, 117.77845859599654, 117.77845859599654, 117.77845859599654, 117.77845859599654, 117.77845859599654, 117.77845859599654, 117.77845859599654, 117.77845859599654, 117.77845859599654, 117.77845859599654, 117.77845859599654, 117.77845859599654, 117.77845859599654, 117.77845859599654, 117.77845859599654, 117.77845859599654, 117.77845859599654, 117.77845859599654, 117.77845859599654, 117.77845859599654, 117.77845859599654, 117.77845859599654, 117.77845859599654, 117.77845859599654, 117.77845859599654, 117.77845859599654, 117.77845859599654, 117.77845859599654, 117.77845859599654, 117.77845859599654, 117.77845859599654, 117.77845859599654, 117.77845859599654, 117.77845859599654, 117.77845859599654, 117.77845859599654, 117.77845859599654, 117.77845859599654, 117.77845859599654, 117.77845859599654, 117.77845859599654, 117.77845859599654, 117.77845859599654) 

23 : 

x <- c(118.278156649037, 118.278156649037, 118.278156649037, 118.278156649037, 118.278156649037, 118.278156649037, 118.278156649037, 118.278156649037, 118.278156649037, 118.278156649037, 118.278156649037, 118.278156649037, 118.278156649037, 118.278156649037, 118.278156649037, 118.278156649037, 118.278156649037, 118.278156649037, 118.278156649037, 118.278156649037, 118.278156649037, 118.278156649037, 118.278156649037, 118.278156649037, 118.278156649037, 118.278156649037, 118.278156649037, 118.278156649037, 118.278156649037, 118.278156649037, 118.278156649037, 118.278156649037, 118.278156649037, 118.278156649037, 118.278156649037, 118.278156649037, 118.278156649037, 118.278156649037, 118.278156649037, 118.278156649037, 118.278156649037, 118.278156649037, 118.278156649037, 118.278156649037, 118.278156649037, 118.278156649037, 118.278156649037, 118.278156649037, 118.278156649037, 118.278156649037, 118.278156649037, 118.278156649037, 118.278156649037, 118.278156649037, 118.278156649037, 118.278156649037, 118.278156649037, 118.278156649037, 118.278156649037, 118.278156649037, 118.278156649037, 118.278156649037, 118.278156649037, 118.278156649037, 118.278156649037, 118.278156649037, 118.278156649037, 118.278156649037, 118.278156649037, 118.278156649037, 118.278156649037, 118.278156649037, 118.278156649037, 118.278156649037, 118.278156649037, 118.278156649037, 118.278156649037, 118.278156649037, 118.278156649037, 118.278156649037, 118.278156649037, 118.278156649037, 118.278156649037, 118.278156649037, 118.278156649037, 118.278156649037, 118.278156649037, 118.278156649037, 118.278156649037, 118.278156649037, 118.278156649037, 118.278156649037, 118.278156649037, 118.278156649037, 118.278156649037, 118.278156649037, 118.278156649037, 118.278156649037, 118.278156649037, 118.278156649037) 

24 : 

x <- c(117.16010363851505, 117.16010363851505, 117.16010363851505, 117.16010363851505, 117.16010363851505, 117.16010363851505, 117.16010363851505, 117.16010363851505, 117.16010363851505, 117.16010363851505, 117.16010363851505, 117.16010363851505, 117.16010363851505, 117.16010363851505, 117.16010363851505, 117.16010363851505, 117.16010363851505, 117.16010363851505, 117.16010363851505, 117.16010363851505, 117.16010363851505, 117.16010363851505, 117.16010363851505, 117.16010363851505, 117.16010363851505, 117.16010363851505, 117.16010363851505, 117.16010363851505, 117.16010363851505, 117.16010363851505, 117.16010363851505, 117.16010363851505, 117.16010363851505, 117.16010363851505, 117.16010363851505, 117.16010363851505, 117.16010363851505, 117.16010363851505, 117.16010363851505, 117.16010363851505, 117.16010363851505, 117.16010363851505, 117.16010363851505, 117.16010363851505, 117.16010363851505, 117.16010363851505, 117.16010363851505, 117.16010363851505, 117.16010363851505, 117.16010363851505, 117.16010363851505, 117.16010363851505, 117.16010363851505, 117.16010363851505, 117.16010363851505, 117.16010363851505, 117.16010363851505, 117.16010363851505, 117.16010363851505, 117.16010363851505, 117.16010363851505, 117.16010363851505, 117.16010363851505, 117.16010363851505, 117.16010363851505, 117.16010363851505, 117.16010363851505, 117.16010363851505, 117.16010363851505, 117.16010363851505, 117.16010363851505, 117.16010363851505, 117.16010363851505, 117.16010363851505, 117.16010363851505, 117.16010363851505, 117.16010363851505, 117.16010363851505, 117.16010363851505, 117.16010363851505, 117.16010363851505, 117.16010363851505, 117.16010363851505, 117.16010363851505, 117.16010363851505, 117.16010363851505, 117.16010363851505, 117.16010363851505, 117.16010363851505, 117.16010363851505, 117.16010363851505, 117.16010363851505, 117.16010363851505, 117.16010363851505, 117.16010363851505, 117.16010363851505, 117.16010363851505, 117.16010363851505, 117.16010363851505, 117.16010363851505) 

25 : 

x <- c(116.63675205223039, 116.63675205223039, 116.63675205223039, 116.63675205223039, 116.63675205223039, 116.63675205223039, 116.63675205223039, 116.63675205223039, 116.63675205223039, 116.63675205223039, 116.63675205223039, 116.63675205223039, 116.63675205223039, 116.63675205223039, 116.63675205223039, 116.63675205223039, 116.63675205223039, 116.63675205223039, 116.63675205223039, 116.63675205223039, 116.63675205223039, 116.63675205223039, 116.63675205223039, 116.63675205223039, 116.63675205223039, 116.63675205223039, 116.63675205223039, 116.63675205223039, 116.63675205223039, 116.63675205223039, 116.63675205223039, 116.63675205223039, 116.63675205223039, 116.63675205223039, 116.63675205223039, 116.63675205223039, 116.63675205223039, 116.63675205223039, 116.63675205223039, 116.63675205223039, 116.63675205223039, 116.63675205223039, 116.63675205223039, 116.63675205223039, 116.63675205223039, 116.63675205223039, 116.63675205223039, 116.63675205223039, 116.63675205223039, 116.63675205223039, 116.63675205223039, 116.63675205223039, 116.63675205223039, 116.63675205223039, 116.63675205223039, 116.63675205223039, 116.63675205223039, 116.63675205223039, 116.63675205223039, 116.63675205223039, 116.63675205223039, 116.63675205223039, 116.63675205223039, 116.63675205223039, 116.63675205223039, 116.63675205223039, 116.63675205223039, 116.63675205223039, 116.63675205223039, 116.63675205223039, 116.63675205223039, 116.63675205223039, 116.63675205223039, 116.63675205223039, 116.63675205223039, 116.63675205223039, 116.63675205223039, 116.63675205223039, 116.63675205223039, 116.63675205223039, 116.63675205223039, 116.63675205223039, 116.63675205223039, 116.63675205223039, 116.63675205223039, 116.63675205223039, 116.63675205223039, 116.63675205223039, 116.63675205223039, 116.63675205223039, 116.63675205223039, 116.63675205223039, 116.63675205223039, 116.63675205223039, 116.63675205223039, 116.63675205223039, 116.63675205223039, 116.63675205223039, 116.63675205223039, 116.63675205223039) 

26 : 

x <- c(117.24005843970156, 117.24005843970156, 117.24005843970156, 117.24005843970156, 117.24005843970156, 117.24005843970156, 117.24005843970156, 117.24005843970156, 117.24005843970156, 117.24005843970156, 117.24005843970156, 117.24005843970156, 117.24005843970156, 117.24005843970156, 117.24005843970156, 117.24005843970156, 117.24005843970156, 117.24005843970156, 117.24005843970156, 117.24005843970156, 117.24005843970156, 117.24005843970156, 117.24005843970156, 117.24005843970156, 117.24005843970156, 117.24005843970156, 117.24005843970156, 117.24005843970156, 117.24005843970156, 117.24005843970156, 117.24005843970156, 117.24005843970156, 117.24005843970156, 117.24005843970156, 117.24005843970156, 117.24005843970156, 117.24005843970156, 117.24005843970156, 117.24005843970156, 117.24005843970156, 117.24005843970156, 117.24005843970156, 117.24005843970156, 117.24005843970156, 117.24005843970156, 117.24005843970156, 117.24005843970156, 117.24005843970156, 117.24005843970156, 117.24005843970156, 117.24005843970156, 117.24005843970156, 117.24005843970156, 117.24005843970156, 117.24005843970156, 117.24005843970156, 117.24005843970156, 117.24005843970156, 117.24005843970156, 117.24005843970156, 117.24005843970156, 117.24005843970156, 117.24005843970156, 117.24005843970156, 117.24005843970156, 117.24005843970156, 117.24005843970156, 117.24005843970156, 117.24005843970156, 117.24005843970156, 117.24005843970156, 117.24005843970156, 117.24005843970156, 117.24005843970156, 117.24005843970156, 117.24005843970156, 117.24005843970156, 117.24005843970156, 117.24005843970156, 117.24005843970156, 117.24005843970156, 117.24005843970156, 117.24005843970156, 117.24005843970156, 117.24005843970156, 117.24005843970156, 117.24005843970156, 117.24005843970156, 117.24005843970156, 117.24005843970156, 117.24005843970156, 117.24005843970156, 117.24005843970156, 117.24005843970156, 117.24005843970156, 117.24005843970156, 117.24005843970156, 117.24005843970156, 117.24005843970156, 117.24005843970156) 

27 : 

x <- c(116.9956506773191, 116.9956506773191, 116.9956506773191, 116.9956506773191, 116.9956506773191, 116.9956506773191, 116.9956506773191, 116.9956506773191, 116.9956506773191, 116.9956506773191, 116.9956506773191, 116.9956506773191, 116.9956506773191, 116.9956506773191, 116.9956506773191, 116.9956506773191, 116.9956506773191, 116.9956506773191, 116.9956506773191, 116.9956506773191, 116.9956506773191, 116.9956506773191, 116.9956506773191, 116.9956506773191, 116.9956506773191, 116.9956506773191, 116.9956506773191, 116.9956506773191, 116.9956506773191, 116.9956506773191, 116.9956506773191, 116.9956506773191, 116.9956506773191, 116.9956506773191, 116.9956506773191, 116.9956506773191, 116.9956506773191, 116.9956506773191, 116.9956506773191, 116.9956506773191, 116.9956506773191, 116.9956506773191, 116.9956506773191, 116.9956506773191, 116.9956506773191, 116.9956506773191, 116.9956506773191, 116.9956506773191, 116.9956506773191, 116.9956506773191, 116.9956506773191, 116.9956506773191, 116.9956506773191, 116.9956506773191, 116.9956506773191, 116.9956506773191, 116.9956506773191, 116.9956506773191, 116.9956506773191, 116.9956506773191, 116.9956506773191, 116.9956506773191, 116.9956506773191, 116.9956506773191, 116.9956506773191, 116.9956506773191, 116.9956506773191, 116.9956506773191, 116.9956506773191, 116.9956506773191, 116.9956506773191, 116.9956506773191, 116.9956506773191, 116.9956506773191, 116.9956506773191, 116.9956506773191, 116.9956506773191, 116.9956506773191, 116.9956506773191, 116.9956506773191, 116.9956506773191, 116.9956506773191, 116.9956506773191, 116.9956506773191, 116.9956506773191, 116.9956506773191, 116.9956506773191, 116.9956506773191, 116.9956506773191, 116.9956506773191, 116.9956506773191, 116.9956506773191, 116.9956506773191, 116.9956506773191, 116.9956506773191, 116.9956506773191, 116.9956506773191, 116.9956506773191, 116.9956506773191, 116.9956506773191) 

28 : 

x <- c(116.73817975397228, 116.73817975397228, 116.73817975397228, 116.73817975397228, 116.73817975397228, 116.73817975397228, 116.73817975397228, 116.73817975397228, 116.73817975397228, 116.73817975397228, 116.73817975397228, 116.73817975397228, 116.73817975397228, 116.73817975397228, 116.73817975397228, 116.73817975397228, 116.73817975397228, 116.73817975397228, 116.73817975397228, 116.73817975397228, 116.73817975397228, 116.73817975397228, 116.73817975397228, 116.73817975397228, 116.73817975397228, 116.73817975397228, 116.73817975397228, 116.73817975397228, 116.73817975397228, 116.73817975397228, 116.73817975397228, 116.73817975397228, 116.73817975397228, 116.73817975397228, 116.73817975397228, 116.73817975397228, 116.73817975397228, 116.73817975397228, 116.73817975397228, 116.73817975397228, 116.73817975397228, 116.73817975397228, 116.73817975397228, 116.73817975397228, 116.73817975397228, 116.73817975397228, 116.73817975397228, 116.73817975397228, 116.73817975397228, 116.73817975397228, 116.73817975397228, 116.73817975397228, 116.73817975397228, 116.73817975397228, 116.73817975397228, 116.73817975397228, 116.73817975397228, 116.73817975397228, 116.73817975397228, 116.73817975397228, 116.73817975397228, 116.73817975397228, 116.73817975397228, 116.73817975397228, 116.73817975397228, 116.73817975397228, 116.73817975397228, 116.73817975397228, 116.73817975397228, 116.73817975397228, 116.73817975397228, 116.73817975397228, 116.73817975397228, 116.73817975397228, 116.73817975397228, 116.73817975397228, 116.73817975397228, 116.73817975397228, 116.73817975397228, 116.73817975397228, 116.73817975397228, 116.73817975397228, 116.73817975397228, 116.73817975397228, 116.73817975397228, 116.73817975397228, 116.73817975397228, 116.73817975397228, 116.73817975397228, 116.73817975397228, 116.73817975397228, 116.73817975397228, 116.73817975397228, 116.73817975397228, 116.73817975397228, 116.73817975397228, 116.73817975397228, 116.73817975397228, 116.73817975397228, 116.73817975397228) 

29 : 

x <- c(116.02293330021227, 116.02293330021227, 116.02293330021227, 116.02293330021227, 116.02293330021227, 116.02293330021227, 116.02293330021227, 116.02293330021227, 116.02293330021227, 116.02293330021227, 116.02293330021227, 116.02293330021227, 116.02293330021227, 116.02293330021227, 116.02293330021227, 116.02293330021227, 116.02293330021227, 116.02293330021227, 116.02293330021227, 116.02293330021227, 116.02293330021227, 116.02293330021227, 116.02293330021227, 116.02293330021227, 116.02293330021227, 116.02293330021227, 116.02293330021227, 116.02293330021227, 116.02293330021227, 116.02293330021227, 116.02293330021227, 116.02293330021227, 116.02293330021227, 116.02293330021227, 116.02293330021227, 116.02293330021227, 116.02293330021227, 116.02293330021227, 116.02293330021227, 116.02293330021227, 116.02293330021227, 116.02293330021227, 116.02293330021227, 116.02293330021227, 116.02293330021227, 116.02293330021227, 116.02293330021227, 116.02293330021227, 116.02293330021227, 116.02293330021227, 116.02293330021227, 116.02293330021227, 116.02293330021227, 116.02293330021227, 116.02293330021227, 116.02293330021227, 116.02293330021227, 116.02293330021227, 116.02293330021227, 116.02293330021227, 116.02293330021227, 116.02293330021227, 116.02293330021227, 116.02293330021227, 116.02293330021227, 116.02293330021227, 116.02293330021227, 116.02293330021227, 116.02293330021227, 116.02293330021227, 116.02293330021227, 116.02293330021227, 116.02293330021227, 116.02293330021227, 116.02293330021227, 116.02293330021227, 116.02293330021227, 116.02293330021227, 116.02293330021227, 116.02293330021227, 116.02293330021227, 116.02293330021227, 116.02293330021227, 116.02293330021227, 116.02293330021227, 116.02293330021227, 116.02293330021227, 116.02293330021227, 116.02293330021227, 116.02293330021227, 116.02293330021227, 116.02293330021227, 116.02293330021227, 116.02293330021227, 116.02293330021227, 116.02293330021227, 116.02293330021227, 116.02293330021227, 116.02293330021227, 116.02293330021227) 

30 : 

x <- c(116.8719133005686, 116.8719133005686, 116.8719133005686, 116.8719133005686, 116.8719133005686, 116.8719133005686, 116.8719133005686, 116.8719133005686, 116.8719133005686, 116.8719133005686, 116.8719133005686, 116.8719133005686, 116.8719133005686, 116.8719133005686, 116.8719133005686, 116.8719133005686, 116.8719133005686, 116.8719133005686, 116.8719133005686, 116.8719133005686, 116.8719133005686, 116.8719133005686, 116.8719133005686, 116.8719133005686, 116.8719133005686, 116.8719133005686, 116.8719133005686, 116.8719133005686, 116.8719133005686, 116.8719133005686, 116.8719133005686, 116.8719133005686, 116.8719133005686, 116.8719133005686, 116.8719133005686, 116.8719133005686, 116.8719133005686, 116.8719133005686, 116.8719133005686, 116.8719133005686, 116.8719133005686, 116.8719133005686, 116.8719133005686, 116.8719133005686, 116.8719133005686, 116.8719133005686, 116.8719133005686, 116.8719133005686, 116.8719133005686, 116.8719133005686, 116.8719133005686, 116.8719133005686, 116.8719133005686, 116.8719133005686, 116.8719133005686, 116.8719133005686, 116.8719133005686, 116.8719133005686, 116.8719133005686, 116.8719133005686, 116.8719133005686, 116.8719133005686, 116.8719133005686, 116.8719133005686, 116.8719133005686, 116.8719133005686, 116.8719133005686, 116.8719133005686, 116.8719133005686, 116.8719133005686, 116.8719133005686, 116.8719133005686, 116.8719133005686, 116.8719133005686, 116.8719133005686, 116.8719133005686, 116.8719133005686, 116.8719133005686, 116.8719133005686, 116.8719133005686, 116.8719133005686, 116.8719133005686, 116.8719133005686, 116.8719133005686, 116.8719133005686, 116.8719133005686, 116.8719133005686, 116.8719133005686, 116.8719133005686, 116.8719133005686, 116.8719133005686, 116.8719133005686, 116.8719133005686, 116.8719133005686, 116.8719133005686, 116.8719133005686, 116.8719133005686, 116.8719133005686, 116.8719133005686, 116.8719133005686) 



