med: 4093.915819758394/desvio: 149.0788418557116


Funcoes: 

Erros: 

1 : 

x <- c(3964.9403490873538, 3964.9403490873538, 3964.9403490873538, 3964.9403490873538, 3964.9403490873538, 3964.9403490873538, 3964.9403490873538, 3964.9403490873538, 3964.9403490873538, 3964.9403490873538, 3964.9403490873538, 3964.9403490873538, 3964.9403490873538, 3964.9403490873538, 3964.9403490873538, 3964.9403490873538, 3964.9403490873538, 3964.9403490873538, 3964.9403490873538, 3964.9403490873538, 3964.9403490873538, 3964.9403490873538, 3964.9403490873538, 3964.9403490873538, 3964.9403490873538, 3964.9403490873538, 3964.9403490873538, 3964.9403490873538, 3964.9403490873538, 3964.9403490873538, 3964.9403490873538, 3964.9403490873538, 3964.9403490873538, 3964.9403490873538, 3964.9403490873538, 3964.9403490873538, 3964.9403490873538, 3964.9403490873538, 3964.9403490873538, 3964.9403490873538, 3964.9403490873538, 3964.9403490873538, 3964.9403490873538, 3964.9403490873538, 3964.9403490873538, 3964.9403490873538, 3964.9403490873538, 3964.9403490873538, 3964.9403490873538, 3964.9403490873538, 3964.9403490873538, 3964.9403490873538, 3964.9403490873538, 3964.9403490873538, 3964.9403490873538, 3964.9403490873538, 3964.9403490873538, 3964.9403490873538, 3964.9403490873538, 3964.9403490873538, 3964.9403490873538, 3964.9403490873538, 3964.9403490873538, 3964.9403490873538, 3964.9403490873538, 3964.9403490873538, 3964.9403490873538, 3964.9403490873538, 3964.9403490873538, 3964.9403490873538, 3964.9403490873538, 3964.9403490873538, 3964.9403490873538, 3964.9403490873538, 3964.9403490873538, 3964.9403490873538, 3964.9403490873538, 3964.9403490873538, 3964.9403490873538, 3964.9403490873538, 3964.9403490873538, 3964.9403490873538, 3964.9403490873538, 3964.9403490873538, 3964.9403490873538, 3964.9403490873538, 3964.9403490873538, 3964.9403490873538, 3964.9403490873538, 3964.9403490873538, 3964.9403490873538, 3964.9403490873538, 3964.9403490873538, 3964.9403490873538, 3964.9403490873538, 3964.9403490873538, 3964.9403490873538, 3964.9403490873538, 3964.9403490873538, 3964.9403490873538) 

2 : 

x <- c(4248.603477525088, 4248.603477525088, 4248.603477525088, 4248.603477525088, 4248.603477525088, 4248.603477525088, 4248.603477525088, 4248.603477525088, 4248.603477525088, 4248.603477525088, 4248.603477525088, 4248.603477525088, 4248.603477525088, 4248.603477525088, 4248.603477525088, 4248.603477525088, 4248.603477525088, 4248.603477525088, 4248.603477525088, 4248.603477525088, 4248.603477525088, 4248.603477525088, 4248.603477525088, 4248.603477525088, 4248.603477525088, 4248.603477525088, 4248.603477525088, 4248.603477525088, 4248.603477525088, 4248.603477525088, 4248.603477525088, 4248.603477525088, 4248.603477525088, 4248.603477525088, 4248.603477525088, 4248.603477525088, 4248.603477525088, 4248.603477525088, 4248.603477525088, 4248.603477525088, 4248.603477525088, 4248.603477525088, 4248.603477525088, 4248.603477525088, 4248.603477525088, 4248.603477525088, 4248.603477525088, 4248.603477525088, 4248.603477525088, 4248.603477525088, 4248.603477525088, 4248.603477525088, 4248.603477525088, 4248.603477525088, 4248.603477525088, 4248.603477525088, 4248.603477525088, 4248.603477525088, 4248.603477525088, 4248.603477525088, 4248.603477525088, 4248.603477525088, 4248.603477525088, 4248.603477525088, 4248.603477525088, 4248.603477525088, 4248.603477525088, 4248.603477525088, 4248.603477525088, 4248.603477525088, 4248.603477525088, 4248.603477525088, 4248.603477525088, 4248.603477525088, 4248.603477525088, 4248.603477525088, 4248.603477525088, 4248.603477525088, 4248.603477525088, 4248.603477525088, 4248.603477525088, 4248.603477525088, 4248.603477525088, 4248.603477525088, 4248.603477525088, 4248.603477525088, 4248.603477525088, 4248.603477525088, 4248.603477525088, 4248.603477525088, 4248.603477525088, 4248.603477525088, 4248.603477525088, 4248.603477525088, 4248.603477525088, 4248.603477525088, 4248.603477525088, 4248.603477525088, 4248.603477525088, 4248.603477525088) 

3 : 

x <- c(4035.3532163762493, 4035.3532163762493, 4035.3532163762493, 4035.3532163762493, 4035.3532163762493, 4035.3532163762493, 4035.3532163762493, 4035.3532163762493, 4035.3532163762493, 4035.3532163762493, 4035.3532163762493, 4035.3532163762493, 4035.3532163762493, 4035.3532163762493, 4035.3532163762493, 4035.3532163762493, 4035.3532163762493, 4035.3532163762493, 4035.3532163762493, 4035.3532163762493, 4035.3532163762493, 4035.3532163762493, 4035.3532163762493, 4035.3532163762493, 4035.3532163762493, 4035.3532163762493, 4035.3532163762493, 4035.3532163762493, 4035.3532163762493, 4035.3532163762493, 4035.3532163762493, 4035.3532163762493, 4035.3532163762493, 4035.3532163762493, 4035.3532163762493, 4035.3532163762493, 4035.3532163762493, 4035.3532163762493, 4035.3532163762493, 4035.3532163762493, 4035.3532163762493, 4035.3532163762493, 4035.3532163762493, 4035.3532163762493, 4035.3532163762493, 4035.3532163762493, 4035.3532163762493, 4035.3532163762493, 4035.3532163762493, 4035.3532163762493, 4035.3532163762493, 4035.3532163762493, 4035.3532163762493, 4035.3532163762493, 4035.3532163762493, 4035.3532163762493, 4035.3532163762493, 4035.3532163762493, 4035.3532163762493, 4035.3532163762493, 4035.3532163762493, 4035.3532163762493, 4035.3532163762493, 4035.3532163762493, 4035.3532163762493, 4035.3532163762493, 4035.3532163762493, 4035.3532163762493, 4035.3532163762493, 4035.3532163762493, 4035.3532163762493, 4035.3532163762493, 4035.3532163762493, 4035.3532163762493, 4035.3532163762493, 4035.3532163762493, 4035.3532163762493, 4035.3532163762493, 4035.3532163762493, 4035.3532163762493, 4035.3532163762493, 4035.3532163762493, 4035.3532163762493, 4035.3532163762493, 4035.3532163762493, 4035.3532163762493, 4035.3532163762493, 4035.3532163762493, 4035.3532163762493, 4035.3532163762493, 4035.3532163762493, 4035.3532163762493, 4035.3532163762493, 4035.3532163762493, 4035.3532163762493, 4035.3532163762493, 4035.3532163762493, 4035.3532163762493, 4035.3532163762493, 4035.3532163762493) 

4 : 

x <- c(3908.6974262461354, 3908.6974262461354, 3908.6974262461354, 3908.6974262461354, 3908.6974262461354, 3908.6974262461354, 3908.6974262461354, 3908.6974262461354, 3908.6974262461354, 3908.6974262461354, 3908.6974262461354, 3908.6974262461354, 3908.6974262461354, 3908.6974262461354, 3908.6974262461354, 3908.6974262461354, 3908.6974262461354, 3908.6974262461354, 3908.6974262461354, 3908.6974262461354, 3908.6974262461354, 3908.6974262461354, 3908.6974262461354, 3908.6974262461354, 3908.6974262461354, 3908.6974262461354, 3908.6974262461354, 3908.6974262461354, 3908.6974262461354, 3908.6974262461354, 3908.6974262461354, 3908.6974262461354, 3908.6974262461354, 3908.6974262461354, 3908.6974262461354, 3908.6974262461354, 3908.6974262461354, 3908.6974262461354, 3908.6974262461354, 3908.6974262461354, 3908.6974262461354, 3908.6974262461354, 3908.6974262461354, 3908.6974262461354, 3908.6974262461354, 3908.6974262461354, 3908.6974262461354, 3908.6974262461354, 3908.6974262461354, 3908.6974262461354, 3908.6974262461354, 3908.6974262461354, 3908.6974262461354, 3908.6974262461354, 3908.6974262461354, 3908.6974262461354, 3908.6974262461354, 3908.6974262461354, 3908.6974262461354, 3908.6974262461354, 3908.6974262461354, 3908.6974262461354, 3908.6974262461354, 3908.6974262461354, 3908.6974262461354, 3908.6974262461354, 3908.6974262461354, 3908.6974262461354, 3908.6974262461354, 3908.6974262461354, 3908.6974262461354, 3908.6974262461354, 3908.6974262461354, 3908.6974262461354, 3908.6974262461354, 3908.6974262461354, 3908.6974262461354, 3908.6974262461354, 3908.6974262461354, 3908.6974262461354, 3908.6974262461354, 3908.6974262461354, 3908.6974262461354, 3908.6974262461354, 3908.6974262461354, 3908.6974262461354, 3908.6974262461354, 3908.6974262461354, 3908.6974262461354, 3908.6974262461354, 3908.6974262461354, 3908.6974262461354, 3908.6974262461354, 3908.6974262461354, 3908.6974262461354, 3908.6974262461354, 3908.6974262461354, 3908.6974262461354, 3908.6974262461354, 3908.6974262461354) 

5 : 

x <- c(4049.843759434412, 4049.843759434412, 4049.843759434412, 4049.843759434412, 4049.843759434412, 4049.843759434412, 4049.843759434412, 4049.843759434412, 4049.843759434412, 4049.843759434412, 4049.843759434412, 4049.843759434412, 4049.843759434412, 4049.843759434412, 4049.843759434412, 4049.843759434412, 4049.843759434412, 4049.843759434412, 4049.843759434412, 4049.843759434412, 4049.843759434412, 4049.843759434412, 4049.843759434412, 4049.843759434412, 4049.843759434412, 4049.843759434412, 4049.843759434412, 4049.843759434412, 4049.843759434412, 4049.843759434412, 4049.843759434412, 4049.843759434412, 4049.843759434412, 4049.843759434412, 4049.843759434412, 4049.843759434412, 4049.843759434412, 4049.843759434412, 4049.843759434412, 4049.843759434412, 4049.843759434412, 4049.843759434412, 4049.843759434412, 4049.843759434412, 4049.843759434412, 4049.843759434412, 4049.843759434412, 4049.843759434412, 4049.843759434412, 4049.843759434412, 4049.843759434412, 4049.843759434412, 4049.843759434412, 4049.843759434412, 4049.843759434412, 4049.843759434412, 4049.843759434412, 4049.843759434412, 4049.843759434412, 4049.843759434412, 4049.843759434412, 4049.843759434412, 4049.843759434412, 4049.843759434412, 4049.843759434412, 4049.843759434412, 4049.843759434412, 4049.843759434412, 4049.843759434412, 4049.843759434412, 4049.843759434412, 4049.843759434412, 4049.843759434412, 4049.843759434412, 4049.843759434412, 4049.843759434412, 4049.843759434412, 4049.843759434412, 4049.843759434412, 4049.843759434412, 4049.843759434412, 4049.843759434412, 4049.843759434412, 4049.843759434412, 4049.843759434412, 4049.843759434412, 4049.843759434412, 4049.843759434412, 4049.843759434412, 4049.843759434412, 4049.843759434412, 4049.843759434412, 4049.843759434412, 4049.843759434412, 4049.843759434412, 4049.843759434412, 4049.843759434412, 4049.843759434412, 4049.843759434412, 4049.843759434412) 

6 : 

x <- c(3952.26839229668, 3952.26839229668, 3952.26839229668, 3952.26839229668, 3952.26839229668, 3952.26839229668, 3952.26839229668, 3952.26839229668, 3952.26839229668, 3952.26839229668, 3952.26839229668, 3952.26839229668, 3952.26839229668, 3952.26839229668, 3952.26839229668, 3952.26839229668, 3952.26839229668, 3952.26839229668, 3952.26839229668, 3952.26839229668, 3952.26839229668, 3952.26839229668, 3952.26839229668, 3952.26839229668, 3952.26839229668, 3952.26839229668, 3952.26839229668, 3952.26839229668, 3952.26839229668, 3952.26839229668, 3952.26839229668, 3952.26839229668, 3952.26839229668, 3952.26839229668, 3952.26839229668, 3952.26839229668, 3952.26839229668, 3952.26839229668, 3952.26839229668, 3952.26839229668, 3952.26839229668, 3952.26839229668, 3952.26839229668, 3952.26839229668, 3952.26839229668, 3952.26839229668, 3952.26839229668, 3952.26839229668, 3952.26839229668, 3952.26839229668, 3952.26839229668, 3952.26839229668, 3952.26839229668, 3952.26839229668, 3952.26839229668, 3952.26839229668, 3952.26839229668, 3952.26839229668, 3952.26839229668, 3952.26839229668, 3952.26839229668, 3952.26839229668, 3952.26839229668, 3952.26839229668, 3952.26839229668, 3952.26839229668, 3952.26839229668, 3952.26839229668, 3952.26839229668, 3952.26839229668, 3952.26839229668, 3952.26839229668, 3952.26839229668, 3952.26839229668, 3952.26839229668, 3952.26839229668, 3952.26839229668, 3952.26839229668, 3952.26839229668, 3952.26839229668, 3952.26839229668, 3952.26839229668, 3952.26839229668, 3952.26839229668, 3952.26839229668, 3952.26839229668, 3952.26839229668, 3952.26839229668, 3952.26839229668, 3952.26839229668, 3952.26839229668, 3952.26839229668, 3952.26839229668, 3952.26839229668, 3952.26839229668, 3952.26839229668, 3952.26839229668, 3952.26839229668, 3952.26839229668, 3952.26839229668) 

7 : 

x <- c(3980.2078409466435, 3980.2078409466435, 3980.2078409466435, 3980.2078409466435, 3980.2078409466435, 3980.2078409466435, 3980.2078409466435, 3980.2078409466435, 3980.2078409466435, 3980.2078409466435, 3980.2078409466435, 3980.2078409466435, 3980.2078409466435, 3980.2078409466435, 3980.2078409466435, 3980.2078409466435, 3980.2078409466435, 3980.2078409466435, 3980.2078409466435, 3980.2078409466435, 3980.2078409466435, 3980.2078409466435, 3980.2078409466435, 3980.2078409466435, 3980.2078409466435, 3980.2078409466435, 3980.2078409466435, 3980.2078409466435, 3980.2078409466435, 3980.2078409466435, 3980.2078409466435, 3980.2078409466435, 3980.2078409466435, 3980.2078409466435, 3980.2078409466435, 3980.2078409466435, 3980.2078409466435, 3980.2078409466435, 3980.2078409466435, 3980.2078409466435, 3980.2078409466435, 3980.2078409466435, 3980.2078409466435, 3980.2078409466435, 3980.2078409466435, 3980.2078409466435, 3980.2078409466435, 3980.2078409466435, 3980.2078409466435, 3980.2078409466435, 3980.2078409466435, 3980.2078409466435, 3980.2078409466435, 3980.2078409466435, 3980.2078409466435, 3980.2078409466435, 3980.2078409466435, 3980.2078409466435, 3980.2078409466435, 3980.2078409466435, 3980.2078409466435, 3980.2078409466435, 3980.2078409466435, 3980.2078409466435, 3980.2078409466435, 3980.2078409466435, 3980.2078409466435, 3980.2078409466435, 3980.2078409466435, 3980.2078409466435, 3980.2078409466435, 3980.2078409466435, 3980.2078409466435, 3980.2078409466435, 3980.2078409466435, 3980.2078409466435, 3980.2078409466435, 3980.2078409466435, 3980.2078409466435, 3980.2078409466435, 3980.2078409466435, 3980.2078409466435, 3980.2078409466435, 3980.2078409466435, 3980.2078409466435, 3980.2078409466435, 3980.2078409466435, 3980.2078409466435, 3980.2078409466435, 3980.2078409466435, 3980.2078409466435, 3980.2078409466435, 3980.2078409466435, 3980.2078409466435, 3980.2078409466435, 3980.2078409466435, 3980.2078409466435, 3980.2078409466435, 3980.2078409466435, 3980.2078409466435) 

8 : 

x <- c(4101.580785341214, 4101.580785341214, 4101.580785341214, 4101.580785341214, 4101.580785341214, 4101.580785341214, 4101.580785341214, 4101.580785341214, 4101.580785341214, 4101.580785341214, 4101.580785341214, 4101.580785341214, 4101.580785341214, 4101.580785341214, 4101.580785341214, 4101.580785341214, 4101.580785341214, 4101.580785341214, 4101.580785341214, 4101.580785341214, 4101.580785341214, 4101.580785341214, 4101.580785341214, 4101.580785341214, 4101.580785341214, 4101.580785341214, 4101.580785341214, 4101.580785341214, 4101.580785341214, 4101.580785341214, 4101.580785341214, 4101.580785341214, 4101.580785341214, 4101.580785341214, 4101.580785341214, 4101.580785341214, 4101.580785341214, 4101.580785341214, 4101.580785341214, 4101.580785341214, 4101.580785341214, 4101.580785341214, 4101.580785341214, 4101.580785341214, 4101.580785341214, 4101.580785341214, 4101.580785341214, 4101.580785341214, 4101.580785341214, 4101.580785341214, 4101.580785341214, 4101.580785341214, 4101.580785341214, 4101.580785341214, 4101.580785341214, 4101.580785341214, 4101.580785341214, 4101.580785341214, 4101.580785341214, 4101.580785341214, 4101.580785341214, 4101.580785341214, 4101.580785341214, 4101.580785341214, 4101.580785341214, 4101.580785341214, 4101.580785341214, 4101.580785341214, 4101.580785341214, 4101.580785341214, 4101.580785341214, 4101.580785341214, 4101.580785341214, 4101.580785341214, 4101.580785341214, 4101.580785341214, 4101.580785341214, 4101.580785341214, 4101.580785341214, 4101.580785341214, 4101.580785341214, 4101.580785341214, 4101.580785341214, 4101.580785341214, 4101.580785341214, 4101.580785341214, 4101.580785341214, 4101.580785341214, 4101.580785341214, 4101.580785341214, 4101.580785341214, 4101.580785341214, 4101.580785341214, 4101.580785341214, 4101.580785341214, 4101.580785341214, 4101.580785341214, 4101.580785341214, 4101.580785341214, 4101.580785341214) 

9 : 

x <- c(4122.387019315876, 4122.387019315876, 4122.387019315876, 4122.387019315876, 4122.387019315876, 4122.387019315876, 4122.387019315876, 4122.387019315876, 4122.387019315876, 4122.387019315876, 4122.387019315876, 4122.387019315876, 4122.387019315876, 4122.387019315876, 4122.387019315876, 4122.387019315876, 4122.387019315876, 4122.387019315876, 4122.387019315876, 4122.387019315876, 4122.387019315876, 4122.387019315876, 4122.387019315876, 4122.387019315876, 4122.387019315876, 4122.387019315876, 4122.387019315876, 4122.387019315876, 4122.387019315876, 4122.387019315876, 4122.387019315876, 4122.387019315876, 4122.387019315876, 4122.387019315876, 4122.387019315876, 4122.387019315876, 4122.387019315876, 4122.387019315876, 4122.387019315876, 4122.387019315876, 4122.387019315876, 4122.387019315876, 4122.387019315876, 4122.387019315876, 4122.387019315876, 4122.387019315876, 4122.387019315876, 4122.387019315876, 4122.387019315876, 4122.387019315876, 4122.387019315876, 4122.387019315876, 4122.387019315876, 4122.387019315876, 4122.387019315876, 4122.387019315876, 4122.387019315876, 4122.387019315876, 4122.387019315876, 4122.387019315876, 4122.387019315876, 4122.387019315876, 4122.387019315876, 4122.387019315876, 4122.387019315876, 4122.387019315876, 4122.387019315876, 4122.387019315876, 4122.387019315876, 4122.387019315876, 4122.387019315876, 4122.387019315876, 4122.387019315876, 4122.387019315876, 4122.387019315876, 4122.387019315876, 4122.387019315876, 4122.387019315876, 4122.387019315876, 4122.387019315876, 4122.387019315876, 4122.387019315876, 4122.387019315876, 4122.387019315876, 4122.387019315876, 4122.387019315876, 4122.387019315876, 4122.387019315876, 4122.387019315876, 4122.387019315876, 4122.387019315876, 4122.387019315876, 4122.387019315876, 4122.387019315876, 4122.387019315876, 4122.387019315876, 4122.387019315876, 4122.387019315876, 4122.387019315876, 4122.387019315876) 

10 : 

x <- c(4181.774037646651, 4181.774037646651, 4181.774037646651, 4181.774037646651, 4181.774037646651, 4181.774037646651, 4181.774037646651, 4181.774037646651, 4181.774037646651, 4181.774037646651, 4181.774037646651, 4181.774037646651, 4181.774037646651, 4181.774037646651, 4181.774037646651, 4181.774037646651, 4181.774037646651, 4181.774037646651, 4181.774037646651, 4181.774037646651, 4181.774037646651, 4181.774037646651, 4181.774037646651, 4181.774037646651, 4181.774037646651, 4181.774037646651, 4181.774037646651, 4181.774037646651, 4181.774037646651, 4181.774037646651, 4181.774037646651, 4181.774037646651, 4181.774037646651, 4181.774037646651, 4181.774037646651, 4181.774037646651, 4181.774037646651, 4181.774037646651, 4181.774037646651, 4181.774037646651, 4181.774037646651, 4181.774037646651, 4181.774037646651, 4181.774037646651, 4181.774037646651, 4181.774037646651, 4181.774037646651, 4181.774037646651, 4181.774037646651, 4181.774037646651, 4181.774037646651, 4181.774037646651, 4181.774037646651, 4181.774037646651, 4181.774037646651, 4181.774037646651, 4181.774037646651, 4181.774037646651, 4181.774037646651, 4181.774037646651, 4181.774037646651, 4181.774037646651, 4181.774037646651, 4181.774037646651, 4181.774037646651, 4181.774037646651, 4181.774037646651, 4181.774037646651, 4181.774037646651, 4181.774037646651, 4181.774037646651, 4181.774037646651, 4181.774037646651, 4181.774037646651, 4181.774037646651, 4181.774037646651, 4181.774037646651, 4181.774037646651, 4181.774037646651, 4181.774037646651, 4181.774037646651, 4181.774037646651, 4181.774037646651, 4181.774037646651, 4181.774037646651, 4181.774037646651, 4181.774037646651, 4181.774037646651, 4181.774037646651, 4181.774037646651, 4181.774037646651, 4181.774037646651, 4181.774037646651, 4181.774037646651, 4181.774037646651, 4181.774037646651, 4181.774037646651, 4181.774037646651, 4181.774037646651, 4181.774037646651) 

11 : 

x <- c(4267.255803846392, 4267.255803846392, 4267.255803846392, 4267.255803846392, 4267.255803846392, 4267.255803846392, 4267.255803846392, 4267.255803846392, 4267.255803846392, 4267.255803846392, 4267.255803846392, 4267.255803846392, 4267.255803846392, 4267.255803846392, 4267.255803846392, 4267.255803846392, 4267.255803846392, 4267.255803846392, 4267.255803846392, 4267.255803846392, 4267.255803846392, 4267.255803846392, 4267.255803846392, 4267.255803846392, 4267.255803846392, 4267.255803846392, 4267.255803846392, 4267.255803846392, 4267.255803846392, 4267.255803846392, 4267.255803846392, 4267.255803846392, 4267.255803846392, 4267.255803846392, 4267.255803846392, 4267.255803846392, 4267.255803846392, 4267.255803846392, 4267.255803846392, 4267.255803846392, 4267.255803846392, 4267.255803846392, 4267.255803846392, 4267.255803846392, 4267.255803846392, 4267.255803846392, 4267.255803846392, 4267.255803846392, 4267.255803846392, 4267.255803846392, 4267.255803846392, 4267.255803846392, 4267.255803846392, 4267.255803846392, 4267.255803846392, 4267.255803846392, 4267.255803846392, 4267.255803846392, 4267.255803846392, 4267.255803846392, 4267.255803846392, 4267.255803846392, 4267.255803846392, 4267.255803846392, 4267.255803846392, 4267.255803846392, 4267.255803846392, 4267.255803846392, 4267.255803846392, 4267.255803846392, 4267.255803846392, 4267.255803846392, 4267.255803846392, 4267.255803846392, 4267.255803846392, 4267.255803846392, 4267.255803846392, 4267.255803846392, 4267.255803846392, 4267.255803846392, 4267.255803846392, 4267.255803846392, 4267.255803846392, 4267.255803846392, 4267.255803846392, 4267.255803846392, 4267.255803846392, 4267.255803846392, 4267.255803846392, 4267.255803846392, 4267.255803846392, 4267.255803846392, 4267.255803846392, 4267.255803846392, 4267.255803846392, 4267.255803846392, 4267.255803846392, 4267.255803846392, 4267.255803846392, 4267.255803846392) 

12 : 

x <- c(4348.4773109862435, 4348.4773109862435, 4348.4773109862435, 4348.4773109862435, 4348.4773109862435, 4348.4773109862435, 4348.4773109862435, 4348.4773109862435, 4348.4773109862435, 4348.4773109862435, 4348.4773109862435, 4348.4773109862435, 4348.4773109862435, 4348.4773109862435, 4348.4773109862435, 4348.4773109862435, 4348.4773109862435, 4348.4773109862435, 4348.4773109862435, 4348.4773109862435, 4348.4773109862435, 4348.4773109862435, 4348.4773109862435, 4348.4773109862435, 4348.4773109862435, 4348.4773109862435, 4348.4773109862435, 4348.4773109862435, 4348.4773109862435, 4348.4773109862435, 4348.4773109862435, 4348.4773109862435, 4348.4773109862435, 4348.4773109862435, 4348.4773109862435, 4348.4773109862435, 4348.4773109862435, 4348.4773109862435, 4348.4773109862435, 4348.4773109862435, 4348.4773109862435, 4348.4773109862435, 4348.4773109862435, 4348.4773109862435, 4348.4773109862435, 4348.4773109862435, 4348.4773109862435, 4348.4773109862435, 4348.4773109862435, 4348.4773109862435, 4348.4773109862435, 4348.4773109862435, 4348.4773109862435, 4348.4773109862435, 4348.4773109862435, 4348.4773109862435, 4348.4773109862435, 4348.4773109862435, 4348.4773109862435, 4348.4773109862435, 4348.4773109862435, 4348.4773109862435, 4348.4773109862435, 4348.4773109862435, 4348.4773109862435, 4348.4773109862435, 4348.4773109862435, 4348.4773109862435, 4348.4773109862435, 4348.4773109862435, 4348.4773109862435, 4348.4773109862435, 4348.4773109862435, 4348.4773109862435, 4348.4773109862435, 4348.4773109862435, 4348.4773109862435, 4348.4773109862435, 4348.4773109862435, 4348.4773109862435, 4348.4773109862435, 4348.4773109862435, 4348.4773109862435, 4348.4773109862435, 4348.4773109862435, 4348.4773109862435, 4348.4773109862435, 4348.4773109862435, 4348.4773109862435, 4348.4773109862435, 4348.4773109862435, 4348.4773109862435, 4348.4773109862435, 4348.4773109862435, 4348.4773109862435, 4348.4773109862435, 4348.4773109862435, 4348.4773109862435, 4348.4773109862435, 4348.4773109862435) 

13 : 

x <- c(3957.5839369675846, 3957.5839369675846, 3957.5839369675846, 3957.5839369675846, 3957.5839369675846, 3957.5839369675846, 3957.5839369675846, 3957.5839369675846, 3957.5839369675846, 3957.5839369675846, 3957.5839369675846, 3957.5839369675846, 3957.5839369675846, 3957.5839369675846, 3957.5839369675846, 3957.5839369675846, 3957.5839369675846, 3957.5839369675846, 3957.5839369675846, 3957.5839369675846, 3957.5839369675846, 3957.5839369675846, 3957.5839369675846, 3957.5839369675846, 3957.5839369675846, 3957.5839369675846, 3957.5839369675846, 3957.5839369675846, 3957.5839369675846, 3957.5839369675846, 3957.5839369675846, 3957.5839369675846, 3957.5839369675846, 3957.5839369675846, 3957.5839369675846, 3957.5839369675846, 3957.5839369675846, 3957.5839369675846, 3957.5839369675846, 3957.5839369675846, 3957.5839369675846, 3957.5839369675846, 3957.5839369675846, 3957.5839369675846, 3957.5839369675846, 3957.5839369675846, 3957.5839369675846, 3957.5839369675846, 3957.5839369675846, 3957.5839369675846, 3957.5839369675846, 3957.5839369675846, 3957.5839369675846, 3957.5839369675846, 3957.5839369675846, 3957.5839369675846, 3957.5839369675846, 3957.5839369675846, 3957.5839369675846, 3957.5839369675846, 3957.5839369675846, 3957.5839369675846, 3957.5839369675846, 3957.5839369675846, 3957.5839369675846, 3957.5839369675846, 3957.5839369675846, 3957.5839369675846, 3957.5839369675846, 3957.5839369675846, 3957.5839369675846, 3957.5839369675846, 3957.5839369675846, 3957.5839369675846, 3957.5839369675846, 3957.5839369675846, 3957.5839369675846, 3957.5839369675846, 3957.5839369675846, 3957.5839369675846, 3957.5839369675846, 3957.5839369675846, 3957.5839369675846, 3957.5839369675846, 3957.5839369675846, 3957.5839369675846, 3957.5839369675846, 3957.5839369675846, 3957.5839369675846, 3957.5839369675846, 3957.5839369675846, 3957.5839369675846, 3957.5839369675846, 3957.5839369675846, 3957.5839369675846, 3957.5839369675846, 3957.5839369675846, 3957.5839369675846, 3957.5839369675846, 3957.5839369675846) 

14 : 

x <- c(3976.1429784649886, 3976.1429784649886, 3976.1429784649886, 3976.1429784649886, 3976.1429784649886, 3976.1429784649886, 3976.1429784649886, 3976.1429784649886, 3976.1429784649886, 3976.1429784649886, 3976.1429784649886, 3976.1429784649886, 3976.1429784649886, 3976.1429784649886, 3976.1429784649886, 3976.1429784649886, 3976.1429784649886, 3976.1429784649886, 3976.1429784649886, 3976.1429784649886, 3976.1429784649886, 3976.1429784649886, 3976.1429784649886, 3976.1429784649886, 3976.1429784649886, 3976.1429784649886, 3976.1429784649886, 3976.1429784649886, 3976.1429784649886, 3976.1429784649886, 3976.1429784649886, 3976.1429784649886, 3976.1429784649886, 3976.1429784649886, 3976.1429784649886, 3976.1429784649886, 3976.1429784649886, 3976.1429784649886, 3976.1429784649886, 3976.1429784649886, 3976.1429784649886, 3976.1429784649886, 3976.1429784649886, 3976.1429784649886, 3976.1429784649886, 3976.1429784649886, 3976.1429784649886, 3976.1429784649886, 3976.1429784649886, 3976.1429784649886, 3976.1429784649886, 3976.1429784649886, 3976.1429784649886, 3976.1429784649886, 3976.1429784649886, 3976.1429784649886, 3976.1429784649886, 3976.1429784649886, 3976.1429784649886, 3976.1429784649886, 3976.1429784649886, 3976.1429784649886, 3976.1429784649886, 3976.1429784649886, 3976.1429784649886, 3976.1429784649886, 3976.1429784649886, 3976.1429784649886, 3976.1429784649886, 3976.1429784649886, 3976.1429784649886, 3976.1429784649886, 3976.1429784649886, 3976.1429784649886, 3976.1429784649886, 3976.1429784649886, 3976.1429784649886, 3976.1429784649886, 3976.1429784649886, 3976.1429784649886, 3976.1429784649886, 3976.1429784649886, 3976.1429784649886, 3976.1429784649886, 3976.1429784649886, 3976.1429784649886, 3976.1429784649886, 3976.1429784649886, 3976.1429784649886, 3976.1429784649886, 3976.1429784649886, 3976.1429784649886, 3976.1429784649886, 3976.1429784649886, 3976.1429784649886, 3976.1429784649886, 3976.1429784649886, 3976.1429784649886, 3976.1429784649886, 3976.1429784649886) 

15 : 

x <- c(4120.663987240975, 4120.663987240975, 4120.663987240975, 4120.663987240975, 4120.663987240975, 4120.663987240975, 4120.663987240975, 4120.663987240975, 4120.663987240975, 4120.663987240975, 4120.663987240975, 4120.663987240975, 4120.663987240975, 4120.663987240975, 4120.663987240975, 4120.663987240975, 4120.663987240975, 4120.663987240975, 4120.663987240975, 4120.663987240975, 4120.663987240975, 4120.663987240975, 4120.663987240975, 4120.663987240975, 4120.663987240975, 4120.663987240975, 4120.663987240975, 4120.663987240975, 4120.663987240975, 4120.663987240975, 4120.663987240975, 4120.663987240975, 4120.663987240975, 4120.663987240975, 4120.663987240975, 4120.663987240975, 4120.663987240975, 4120.663987240975, 4120.663987240975, 4120.663987240975, 4120.663987240975, 4120.663987240975, 4120.663987240975, 4120.663987240975, 4120.663987240975, 4120.663987240975, 4120.663987240975, 4120.663987240975, 4120.663987240975, 4120.663987240975, 4120.663987240975, 4120.663987240975, 4120.663987240975, 4120.663987240975, 4120.663987240975, 4120.663987240975, 4120.663987240975, 4120.663987240975, 4120.663987240975, 4120.663987240975, 4120.663987240975, 4120.663987240975, 4120.663987240975, 4120.663987240975, 4120.663987240975, 4120.663987240975, 4120.663987240975, 4120.663987240975, 4120.663987240975, 4120.663987240975, 4120.663987240975, 4120.663987240975, 4120.663987240975, 4120.663987240975, 4120.663987240975, 4120.663987240975, 4120.663987240975, 4120.663987240975, 4120.663987240975, 4120.663987240975, 4120.663987240975, 4120.663987240975, 4120.663987240975, 4120.663987240975, 4120.663987240975, 4120.663987240975, 4120.663987240975, 4120.663987240975, 4120.663987240975, 4120.663987240975, 4120.663987240975, 4120.663987240975, 4120.663987240975, 4120.663987240975, 4120.663987240975, 4120.663987240975, 4120.663987240975, 4120.663987240975, 4120.663987240975, 4120.663987240975) 

16 : 

x <- c(3929.6165149803637, 3929.6165149803637, 3929.6165149803637, 3929.6165149803637, 3929.6165149803637, 3929.6165149803637, 3929.6165149803637, 3929.6165149803637, 3929.6165149803637, 3929.6165149803637, 3929.6165149803637, 3929.6165149803637, 3929.6165149803637, 3929.6165149803637, 3929.6165149803637, 3929.6165149803637, 3929.6165149803637, 3929.6165149803637, 3929.6165149803637, 3929.6165149803637, 3929.6165149803637, 3929.6165149803637, 3929.6165149803637, 3929.6165149803637, 3929.6165149803637, 3929.6165149803637, 3929.6165149803637, 3929.6165149803637, 3929.6165149803637, 3929.6165149803637, 3929.6165149803637, 3929.6165149803637, 3929.6165149803637, 3929.6165149803637, 3929.6165149803637, 3929.6165149803637, 3929.6165149803637, 3929.6165149803637, 3929.6165149803637, 3929.6165149803637, 3929.6165149803637, 3929.6165149803637, 3929.6165149803637, 3929.6165149803637, 3929.6165149803637, 3929.6165149803637, 3929.6165149803637, 3929.6165149803637, 3929.6165149803637, 3929.6165149803637, 3929.6165149803637, 3929.6165149803637, 3929.6165149803637, 3929.6165149803637, 3929.6165149803637, 3929.6165149803637, 3929.6165149803637, 3929.6165149803637, 3929.6165149803637, 3929.6165149803637, 3929.6165149803637, 3929.6165149803637, 3929.6165149803637, 3929.6165149803637, 3929.6165149803637, 3929.6165149803637, 3929.6165149803637, 3929.6165149803637, 3929.6165149803637, 3929.6165149803637, 3929.6165149803637, 3929.6165149803637, 3929.6165149803637, 3929.6165149803637, 3929.6165149803637, 3929.6165149803637, 3929.6165149803637, 3929.6165149803637, 3929.6165149803637, 3929.6165149803637, 3929.6165149803637, 3929.6165149803637, 3929.6165149803637, 3929.6165149803637, 3929.6165149803637, 3929.6165149803637, 3929.6165149803637, 3929.6165149803637, 3929.6165149803637, 3929.6165149803637, 3929.6165149803637, 3929.6165149803637, 3929.6165149803637, 3929.6165149803637, 3929.6165149803637, 3929.6165149803637, 3929.6165149803637, 3929.6165149803637, 3929.6165149803637, 3929.6165149803637) 

17 : 

x <- c(4095.0163182654046, 4095.0163182654046, 4095.0163182654046, 4095.0163182654046, 4095.0163182654046, 4095.0163182654046, 4095.0163182654046, 4095.0163182654046, 4095.0163182654046, 4095.0163182654046, 4095.0163182654046, 4095.0163182654046, 4095.0163182654046, 4095.0163182654046, 4095.0163182654046, 4095.0163182654046, 4095.0163182654046, 4095.0163182654046, 4095.0163182654046, 4095.0163182654046, 4095.0163182654046, 4095.0163182654046, 4095.0163182654046, 4095.0163182654046, 4095.0163182654046, 4095.0163182654046, 4095.0163182654046, 4095.0163182654046, 4095.0163182654046, 4095.0163182654046, 4095.0163182654046, 4095.0163182654046, 4095.0163182654046, 4095.0163182654046, 4095.0163182654046, 4095.0163182654046, 4095.0163182654046, 4095.0163182654046, 4095.0163182654046, 4095.0163182654046, 4095.0163182654046, 4095.0163182654046, 4095.0163182654046, 4095.0163182654046, 4095.0163182654046, 4095.0163182654046, 4095.0163182654046, 4095.0163182654046, 4095.0163182654046, 4095.0163182654046, 4095.0163182654046, 4095.0163182654046, 4095.0163182654046, 4095.0163182654046, 4095.0163182654046, 4095.0163182654046, 4095.0163182654046, 4095.0163182654046, 4095.0163182654046, 4095.0163182654046, 4095.0163182654046, 4095.0163182654046, 4095.0163182654046, 4095.0163182654046, 4095.0163182654046, 4095.0163182654046, 4095.0163182654046, 4095.0163182654046, 4095.0163182654046, 4095.0163182654046, 4095.0163182654046, 4095.0163182654046, 4095.0163182654046, 4095.0163182654046, 4095.0163182654046, 4095.0163182654046, 4095.0163182654046, 4095.0163182654046, 4095.0163182654046, 4095.0163182654046, 4095.0163182654046, 4095.0163182654046, 4095.0163182654046, 4095.0163182654046, 4095.0163182654046, 4095.0163182654046, 4095.0163182654046, 4095.0163182654046, 4095.0163182654046, 4095.0163182654046, 4095.0163182654046, 4095.0163182654046, 4095.0163182654046, 4095.0163182654046, 4095.0163182654046, 4095.0163182654046, 4095.0163182654046, 4095.0163182654046, 4095.0163182654046, 4095.0163182654046) 

18 : 

x <- c(4450.056436893558, 4450.056436893558, 4450.056436893558, 4450.056436893558, 4450.056436893558, 4450.056436893558, 4450.056436893558, 4450.056436893558, 4450.056436893558, 4450.056436893558, 4450.056436893558, 4450.056436893558, 4450.056436893558, 4450.056436893558, 4450.056436893558, 4450.056436893558, 4450.056436893558, 4450.056436893558, 4450.056436893558, 4450.056436893558, 4450.056436893558, 4450.056436893558, 4450.056436893558, 4450.056436893558, 4450.056436893558, 4450.056436893558, 4450.056436893558, 4450.056436893558, 4450.056436893558, 4450.056436893558, 4450.056436893558, 4450.056436893558, 4450.056436893558, 4450.056436893558, 4450.056436893558, 4450.056436893558, 4450.056436893558, 4450.056436893558, 4450.056436893558, 4450.056436893558, 4450.056436893558, 4450.056436893558, 4450.056436893558, 4450.056436893558, 4450.056436893558, 4450.056436893558, 4450.056436893558, 4450.056436893558, 4450.056436893558, 4450.056436893558, 4450.056436893558, 4450.056436893558, 4450.056436893558, 4450.056436893558, 4450.056436893558, 4450.056436893558, 4450.056436893558, 4450.056436893558, 4450.056436893558, 4450.056436893558, 4450.056436893558, 4450.056436893558, 4450.056436893558, 4450.056436893558, 4450.056436893558, 4450.056436893558, 4450.056436893558, 4450.056436893558, 4450.056436893558, 4450.056436893558, 4450.056436893558, 4450.056436893558, 4450.056436893558, 4450.056436893558, 4450.056436893558, 4450.056436893558, 4450.056436893558, 4450.056436893558, 4450.056436893558, 4450.056436893558, 4450.056436893558, 4450.056436893558, 4450.056436893558, 4450.056436893558, 4450.056436893558, 4450.056436893558, 4450.056436893558, 4450.056436893558, 4450.056436893558, 4450.056436893558, 4450.056436893558, 4450.056436893558, 4450.056436893558, 4450.056436893558, 4450.056436893558, 4450.056436893558, 4450.056436893558, 4450.056436893558, 4450.056436893558, 4450.056436893558) 

19 : 

x <- c(4046.6076213249667, 4046.6076213249667, 4046.6076213249667, 4046.6076213249667, 4046.6076213249667, 4046.6076213249667, 4046.6076213249667, 4046.6076213249667, 4046.6076213249667, 4046.6076213249667, 4046.6076213249667, 4046.6076213249667, 4046.6076213249667, 4046.6076213249667, 4046.6076213249667, 4046.6076213249667, 4046.6076213249667, 4046.6076213249667, 4046.6076213249667, 4046.6076213249667, 4046.6076213249667, 4046.6076213249667, 4046.6076213249667, 4046.6076213249667, 4046.6076213249667, 4046.6076213249667, 4046.6076213249667, 4046.6076213249667, 4046.6076213249667, 4046.6076213249667, 4046.6076213249667, 4046.6076213249667, 4046.6076213249667, 4046.6076213249667, 4046.6076213249667, 4046.6076213249667, 4046.6076213249667, 4046.6076213249667, 4046.6076213249667, 4046.6076213249667, 4046.6076213249667, 4046.6076213249667, 4046.6076213249667, 4046.6076213249667, 4046.6076213249667, 4046.6076213249667, 4046.6076213249667, 4046.6076213249667, 4046.6076213249667, 4046.6076213249667, 4046.6076213249667, 4046.6076213249667, 4046.6076213249667, 4046.6076213249667, 4046.6076213249667, 4046.6076213249667, 4046.6076213249667, 4046.6076213249667, 4046.6076213249667, 4046.6076213249667, 4046.6076213249667, 4046.6076213249667, 4046.6076213249667, 4046.6076213249667, 4046.6076213249667, 4046.6076213249667, 4046.6076213249667, 4046.6076213249667, 4046.6076213249667, 4046.6076213249667, 4046.6076213249667, 4046.6076213249667, 4046.6076213249667, 4046.6076213249667, 4046.6076213249667, 4046.6076213249667, 4046.6076213249667, 4046.6076213249667, 4046.6076213249667, 4046.6076213249667, 4046.6076213249667, 4046.6076213249667, 4046.6076213249667, 4046.6076213249667, 4046.6076213249667, 4046.6076213249667, 4046.6076213249667, 4046.6076213249667, 4046.6076213249667, 4046.6076213249667, 4046.6076213249667, 4046.6076213249667, 4046.6076213249667, 4046.6076213249667, 4046.6076213249667, 4046.6076213249667, 4046.6076213249667, 4046.6076213249667, 4046.6076213249667, 4046.6076213249667) 

20 : 

x <- c(3997.2500102402996, 3997.2500102402996, 3997.2500102402996, 3997.2500102402996, 3997.2500102402996, 3997.2500102402996, 3997.2500102402996, 3997.2500102402996, 3997.2500102402996, 3997.2500102402996, 3997.2500102402996, 3997.2500102402996, 3997.2500102402996, 3997.2500102402996, 3997.2500102402996, 3997.2500102402996, 3997.2500102402996, 3997.2500102402996, 3997.2500102402996, 3997.2500102402996, 3997.2500102402996, 3997.2500102402996, 3997.2500102402996, 3997.2500102402996, 3997.2500102402996, 3997.2500102402996, 3997.2500102402996, 3997.2500102402996, 3997.2500102402996, 3997.2500102402996, 3997.2500102402996, 3997.2500102402996, 3997.2500102402996, 3997.2500102402996, 3997.2500102402996, 3997.2500102402996, 3997.2500102402996, 3997.2500102402996, 3997.2500102402996, 3997.2500102402996, 3997.2500102402996, 3997.2500102402996, 3997.2500102402996, 3997.2500102402996, 3997.2500102402996, 3997.2500102402996, 3997.2500102402996, 3997.2500102402996, 3997.2500102402996, 3997.2500102402996, 3997.2500102402996, 3997.2500102402996, 3997.2500102402996, 3997.2500102402996, 3997.2500102402996, 3997.2500102402996, 3997.2500102402996, 3997.2500102402996, 3997.2500102402996, 3997.2500102402996, 3997.2500102402996, 3997.2500102402996, 3997.2500102402996, 3997.2500102402996, 3997.2500102402996, 3997.2500102402996, 3997.2500102402996, 3997.2500102402996, 3997.2500102402996, 3997.2500102402996, 3997.2500102402996, 3997.2500102402996, 3997.2500102402996, 3997.2500102402996, 3997.2500102402996, 3997.2500102402996, 3997.2500102402996, 3997.2500102402996, 3997.2500102402996, 3997.2500102402996, 3997.2500102402996, 3997.2500102402996, 3997.2500102402996, 3997.2500102402996, 3997.2500102402996, 3997.2500102402996, 3997.2500102402996, 3997.2500102402996, 3997.2500102402996, 3997.2500102402996, 3997.2500102402996, 3997.2500102402996, 3997.2500102402996, 3997.2500102402996, 3997.2500102402996, 3997.2500102402996, 3997.2500102402996, 3997.2500102402996, 3997.2500102402996, 3997.2500102402996) 

21 : 

x <- c(4278.441206737347, 4278.441206737347, 4278.441206737347, 4278.441206737347, 4278.441206737347, 4278.441206737347, 4278.441206737347, 4278.441206737347, 4278.441206737347, 4278.441206737347, 4278.441206737347, 4278.441206737347, 4278.441206737347, 4278.441206737347, 4278.441206737347, 4278.441206737347, 4278.441206737347, 4278.441206737347, 4278.441206737347, 4278.441206737347, 4278.441206737347, 4278.441206737347, 4278.441206737347, 4278.441206737347, 4278.441206737347, 4278.441206737347, 4278.441206737347, 4278.441206737347, 4278.441206737347, 4278.441206737347, 4278.441206737347, 4278.441206737347, 4278.441206737347, 4278.441206737347, 4278.441206737347, 4278.441206737347, 4278.441206737347, 4278.441206737347, 4278.441206737347, 4278.441206737347, 4278.441206737347, 4278.441206737347, 4278.441206737347, 4278.441206737347, 4278.441206737347, 4278.441206737347, 4278.441206737347, 4278.441206737347, 4278.441206737347, 4278.441206737347, 4278.441206737347, 4278.441206737347, 4278.441206737347, 4278.441206737347, 4278.441206737347, 4278.441206737347, 4278.441206737347, 4278.441206737347, 4278.441206737347, 4278.441206737347, 4278.441206737347, 4278.441206737347, 4278.441206737347, 4278.441206737347, 4278.441206737347, 4278.441206737347, 4278.441206737347, 4278.441206737347, 4278.441206737347, 4278.441206737347, 4278.441206737347, 4278.441206737347, 4278.441206737347, 4278.441206737347, 4278.441206737347, 4278.441206737347, 4278.441206737347, 4278.441206737347, 4278.441206737347, 4278.441206737347, 4278.441206737347, 4278.441206737347, 4278.441206737347, 4278.441206737347, 4278.441206737347, 4278.441206737347, 4278.441206737347, 4278.441206737347, 4278.441206737347, 4278.441206737347, 4278.441206737347, 4278.441206737347, 4278.441206737347, 4278.441206737347, 4278.441206737347, 4278.441206737347, 4278.441206737347, 4278.441206737347, 4278.441206737347, 4278.441206737347) 

22 : 

x <- c(4040.353815899157, 4040.353815899157, 4040.353815899157, 4040.353815899157, 4040.353815899157, 4040.353815899157, 4040.353815899157, 4040.353815899157, 4040.353815899157, 4040.353815899157, 4040.353815899157, 4040.353815899157, 4040.353815899157, 4040.353815899157, 4040.353815899157, 4040.353815899157, 4040.353815899157, 4040.353815899157, 4040.353815899157, 4040.353815899157, 4040.353815899157, 4040.353815899157, 4040.353815899157, 4040.353815899157, 4040.353815899157, 4040.353815899157, 4040.353815899157, 4040.353815899157, 4040.353815899157, 4040.353815899157, 4040.353815899157, 4040.353815899157, 4040.353815899157, 4040.353815899157, 4040.353815899157, 4040.353815899157, 4040.353815899157, 4040.353815899157, 4040.353815899157, 4040.353815899157, 4040.353815899157, 4040.353815899157, 4040.353815899157, 4040.353815899157, 4040.353815899157, 4040.353815899157, 4040.353815899157, 4040.353815899157, 4040.353815899157, 4040.353815899157, 4040.353815899157, 4040.353815899157, 4040.353815899157, 4040.353815899157, 4040.353815899157, 4040.353815899157, 4040.353815899157, 4040.353815899157, 4040.353815899157, 4040.353815899157, 4040.353815899157, 4040.353815899157, 4040.353815899157, 4040.353815899157, 4040.353815899157, 4040.353815899157, 4040.353815899157, 4040.353815899157, 4040.353815899157, 4040.353815899157, 4040.353815899157, 4040.353815899157, 4040.353815899157, 4040.353815899157, 4040.353815899157, 4040.353815899157, 4040.353815899157, 4040.353815899157, 4040.353815899157, 4040.353815899157, 4040.353815899157, 4040.353815899157, 4040.353815899157, 4040.353815899157, 4040.353815899157, 4040.353815899157, 4040.353815899157, 4040.353815899157, 4040.353815899157, 4040.353815899157, 4040.353815899157, 4040.353815899157, 4040.353815899157, 4040.353815899157, 4040.353815899157, 4040.353815899157, 4040.353815899157, 4040.353815899157, 4040.353815899157, 4040.353815899157) 

23 : 

x <- c(3997.4218118274143, 3997.4218118274143, 3997.4218118274143, 3997.4218118274143, 3997.4218118274143, 3997.4218118274143, 3997.4218118274143, 3997.4218118274143, 3997.4218118274143, 3997.4218118274143, 3997.4218118274143, 3997.4218118274143, 3997.4218118274143, 3997.4218118274143, 3997.4218118274143, 3997.4218118274143, 3997.4218118274143, 3997.4218118274143, 3997.4218118274143, 3997.4218118274143, 3997.4218118274143, 3997.4218118274143, 3997.4218118274143, 3997.4218118274143, 3997.4218118274143, 3997.4218118274143, 3997.4218118274143, 3997.4218118274143, 3997.4218118274143, 3997.4218118274143, 3997.4218118274143, 3997.4218118274143, 3997.4218118274143, 3997.4218118274143, 3997.4218118274143, 3997.4218118274143, 3997.4218118274143, 3997.4218118274143, 3997.4218118274143, 3997.4218118274143, 3997.4218118274143, 3997.4218118274143, 3997.4218118274143, 3997.4218118274143, 3997.4218118274143, 3997.4218118274143, 3997.4218118274143, 3997.4218118274143, 3997.4218118274143, 3997.4218118274143, 3997.4218118274143, 3997.4218118274143, 3997.4218118274143, 3997.4218118274143, 3997.4218118274143, 3997.4218118274143, 3997.4218118274143, 3997.4218118274143, 3997.4218118274143, 3997.4218118274143, 3997.4218118274143, 3997.4218118274143, 3997.4218118274143, 3997.4218118274143, 3997.4218118274143, 3997.4218118274143, 3997.4218118274143, 3997.4218118274143, 3997.4218118274143, 3997.4218118274143, 3997.4218118274143, 3997.4218118274143, 3997.4218118274143, 3997.4218118274143, 3997.4218118274143, 3997.4218118274143, 3997.4218118274143, 3997.4218118274143, 3997.4218118274143, 3997.4218118274143, 3997.4218118274143, 3997.4218118274143, 3997.4218118274143, 3997.4218118274143, 3997.4218118274143, 3997.4218118274143, 3997.4218118274143, 3997.4218118274143, 3997.4218118274143, 3997.4218118274143, 3997.4218118274143, 3997.4218118274143, 3997.4218118274143, 3997.4218118274143, 3997.4218118274143, 3997.4218118274143, 3997.4218118274143, 3997.4218118274143, 3997.4218118274143, 3997.4218118274143) 

24 : 

x <- c(3949.0442827283255, 3949.0442827283255, 3949.0442827283255, 3949.0442827283255, 3949.0442827283255, 3949.0442827283255, 3949.0442827283255, 3949.0442827283255, 3949.0442827283255, 3949.0442827283255, 3949.0442827283255, 3949.0442827283255, 3949.0442827283255, 3949.0442827283255, 3949.0442827283255, 3949.0442827283255, 3949.0442827283255, 3949.0442827283255, 3949.0442827283255, 3949.0442827283255, 3949.0442827283255, 3949.0442827283255, 3949.0442827283255, 3949.0442827283255, 3949.0442827283255, 3949.0442827283255, 3949.0442827283255, 3949.0442827283255, 3949.0442827283255, 3949.0442827283255, 3949.0442827283255, 3949.0442827283255, 3949.0442827283255, 3949.0442827283255, 3949.0442827283255, 3949.0442827283255, 3949.0442827283255, 3949.0442827283255, 3949.0442827283255, 3949.0442827283255, 3949.0442827283255, 3949.0442827283255, 3949.0442827283255, 3949.0442827283255, 3949.0442827283255, 3949.0442827283255, 3949.0442827283255, 3949.0442827283255, 3949.0442827283255, 3949.0442827283255, 3949.0442827283255, 3949.0442827283255, 3949.0442827283255, 3949.0442827283255, 3949.0442827283255, 3949.0442827283255, 3949.0442827283255, 3949.0442827283255, 3949.0442827283255, 3949.0442827283255, 3949.0442827283255, 3949.0442827283255, 3949.0442827283255, 3949.0442827283255, 3949.0442827283255, 3949.0442827283255, 3949.0442827283255, 3949.0442827283255, 3949.0442827283255, 3949.0442827283255, 3949.0442827283255, 3949.0442827283255, 3949.0442827283255, 3949.0442827283255, 3949.0442827283255, 3949.0442827283255, 3949.0442827283255, 3949.0442827283255, 3949.0442827283255, 3949.0442827283255, 3949.0442827283255, 3949.0442827283255, 3949.0442827283255, 3949.0442827283255, 3949.0442827283255, 3949.0442827283255, 3949.0442827283255, 3949.0442827283255, 3949.0442827283255, 3949.0442827283255, 3949.0442827283255, 3949.0442827283255, 3949.0442827283255, 3949.0442827283255, 3949.0442827283255, 3949.0442827283255, 3949.0442827283255, 3949.0442827283255, 3949.0442827283255, 3949.0442827283255) 

25 : 

x <- c(3888.5366440164876, 3888.5366440164876, 3888.5366440164876, 3888.5366440164876, 3888.5366440164876, 3888.5366440164876, 3888.5366440164876, 3888.5366440164876, 3888.5366440164876, 3888.5366440164876, 3888.5366440164876, 3888.5366440164876, 3888.5366440164876, 3888.5366440164876, 3888.5366440164876, 3888.5366440164876, 3888.5366440164876, 3888.5366440164876, 3888.5366440164876, 3888.5366440164876, 3888.5366440164876, 3888.5366440164876, 3888.5366440164876, 3888.5366440164876, 3888.5366440164876, 3888.5366440164876, 3888.5366440164876, 3888.5366440164876, 3888.5366440164876, 3888.5366440164876, 3888.5366440164876, 3888.5366440164876, 3888.5366440164876, 3888.5366440164876, 3888.5366440164876, 3888.5366440164876, 3888.5366440164876, 3888.5366440164876, 3888.5366440164876, 3888.5366440164876, 3888.5366440164876, 3888.5366440164876, 3888.5366440164876, 3888.5366440164876, 3888.5366440164876, 3888.5366440164876, 3888.5366440164876, 3888.5366440164876, 3888.5366440164876, 3888.5366440164876, 3888.5366440164876, 3888.5366440164876, 3888.5366440164876, 3888.5366440164876, 3888.5366440164876, 3888.5366440164876, 3888.5366440164876, 3888.5366440164876, 3888.5366440164876, 3888.5366440164876, 3888.5366440164876, 3888.5366440164876, 3888.5366440164876, 3888.5366440164876, 3888.5366440164876, 3888.5366440164876, 3888.5366440164876, 3888.5366440164876, 3888.5366440164876, 3888.5366440164876, 3888.5366440164876, 3888.5366440164876, 3888.5366440164876, 3888.5366440164876, 3888.5366440164876, 3888.5366440164876, 3888.5366440164876, 3888.5366440164876, 3888.5366440164876, 3888.5366440164876, 3888.5366440164876, 3888.5366440164876, 3888.5366440164876, 3888.5366440164876, 3888.5366440164876, 3888.5366440164876, 3888.5366440164876, 3888.5366440164876, 3888.5366440164876, 3888.5366440164876, 3888.5366440164876, 3888.5366440164876, 3888.5366440164876, 3888.5366440164876, 3888.5366440164876, 3888.5366440164876, 3888.5366440164876, 3888.5366440164876, 3888.5366440164876, 3888.5366440164876) 

26 : 

x <- c(4103.7180481209625, 4103.7180481209625, 4103.7180481209625, 4103.7180481209625, 4103.7180481209625, 4103.7180481209625, 4103.7180481209625, 4103.7180481209625, 4103.7180481209625, 4103.7180481209625, 4103.7180481209625, 4103.7180481209625, 4103.7180481209625, 4103.7180481209625, 4103.7180481209625, 4103.7180481209625, 4103.7180481209625, 4103.7180481209625, 4103.7180481209625, 4103.7180481209625, 4103.7180481209625, 4103.7180481209625, 4103.7180481209625, 4103.7180481209625, 4103.7180481209625, 4103.7180481209625, 4103.7180481209625, 4103.7180481209625, 4103.7180481209625, 4103.7180481209625, 4103.7180481209625, 4103.7180481209625, 4103.7180481209625, 4103.7180481209625, 4103.7180481209625, 4103.7180481209625, 4103.7180481209625, 4103.7180481209625, 4103.7180481209625, 4103.7180481209625, 4103.7180481209625, 4103.7180481209625, 4103.7180481209625, 4103.7180481209625, 4103.7180481209625, 4103.7180481209625, 4103.7180481209625, 4103.7180481209625, 4103.7180481209625, 4103.7180481209625, 4103.7180481209625, 4103.7180481209625, 4103.7180481209625, 4103.7180481209625, 4103.7180481209625, 4103.7180481209625, 4103.7180481209625, 4103.7180481209625, 4103.7180481209625, 4103.7180481209625, 4103.7180481209625, 4103.7180481209625, 4103.7180481209625, 4103.7180481209625, 4103.7180481209625, 4103.7180481209625, 4103.7180481209625, 4103.7180481209625, 4103.7180481209625, 4103.7180481209625, 4103.7180481209625, 4103.7180481209625, 4103.7180481209625, 4103.7180481209625, 4103.7180481209625, 4103.7180481209625, 4103.7180481209625, 4103.7180481209625, 4103.7180481209625, 4103.7180481209625, 4103.7180481209625, 4103.7180481209625, 4103.7180481209625, 4103.7180481209625, 4103.7180481209625, 4103.7180481209625, 4103.7180481209625, 4103.7180481209625, 4103.7180481209625, 4103.7180481209625, 4103.7180481209625, 4103.7180481209625, 4103.7180481209625, 4103.7180481209625, 4103.7180481209625, 4103.7180481209625, 4103.7180481209625, 4103.7180481209625, 4103.7180481209625, 4103.7180481209625) 

27 : 

x <- c(4215.095454338485, 4215.095454338485, 4215.095454338485, 4215.095454338485, 4215.095454338485, 4215.095454338485, 4215.095454338485, 4215.095454338485, 4215.095454338485, 4215.095454338485, 4215.095454338485, 4215.095454338485, 4215.095454338485, 4215.095454338485, 4215.095454338485, 4215.095454338485, 4215.095454338485, 4215.095454338485, 4215.095454338485, 4215.095454338485, 4215.095454338485, 4215.095454338485, 4215.095454338485, 4215.095454338485, 4215.095454338485, 4215.095454338485, 4215.095454338485, 4215.095454338485, 4215.095454338485, 4215.095454338485, 4215.095454338485, 4215.095454338485, 4215.095454338485, 4215.095454338485, 4215.095454338485, 4215.095454338485, 4215.095454338485, 4215.095454338485, 4215.095454338485, 4215.095454338485, 4215.095454338485, 4215.095454338485, 4215.095454338485, 4215.095454338485, 4215.095454338485, 4215.095454338485, 4215.095454338485, 4215.095454338485, 4215.095454338485, 4215.095454338485, 4215.095454338485, 4215.095454338485, 4215.095454338485, 4215.095454338485, 4215.095454338485, 4215.095454338485, 4215.095454338485, 4215.095454338485, 4215.095454338485, 4215.095454338485, 4215.095454338485, 4215.095454338485, 4215.095454338485, 4215.095454338485, 4215.095454338485, 4215.095454338485, 4215.095454338485, 4215.095454338485, 4215.095454338485, 4215.095454338485, 4215.095454338485, 4215.095454338485, 4215.095454338485, 4215.095454338485, 4215.095454338485, 4215.095454338485, 4215.095454338485, 4215.095454338485, 4215.095454338485, 4215.095454338485, 4215.095454338485, 4215.095454338485, 4215.095454338485, 4215.095454338485, 4215.095454338485, 4215.095454338485, 4215.095454338485, 4215.095454338485, 4215.095454338485, 4215.095454338485, 4215.095454338485, 4215.095454338485, 4215.095454338485, 4215.095454338485, 4215.095454338485, 4215.095454338485, 4215.095454338485, 4215.095454338485, 4215.095454338485, 4215.095454338485) 

28 : 

x <- c(4033.3499548650366, 4033.3499548650366, 4033.3499548650366, 4033.3499548650366, 4033.3499548650366, 4033.3499548650366, 4033.3499548650366, 4033.3499548650366, 4033.3499548650366, 4033.3499548650366, 4033.3499548650366, 4033.3499548650366, 4033.3499548650366, 4033.3499548650366, 4033.3499548650366, 4033.3499548650366, 4033.3499548650366, 4033.3499548650366, 4033.3499548650366, 4033.3499548650366, 4033.3499548650366, 4033.3499548650366, 4033.3499548650366, 4033.3499548650366, 4033.3499548650366, 4033.3499548650366, 4033.3499548650366, 4033.3499548650366, 4033.3499548650366, 4033.3499548650366, 4033.3499548650366, 4033.3499548650366, 4033.3499548650366, 4033.3499548650366, 4033.3499548650366, 4033.3499548650366, 4033.3499548650366, 4033.3499548650366, 4033.3499548650366, 4033.3499548650366, 4033.3499548650366, 4033.3499548650366, 4033.3499548650366, 4033.3499548650366, 4033.3499548650366, 4033.3499548650366, 4033.3499548650366, 4033.3499548650366, 4033.3499548650366, 4033.3499548650366, 4033.3499548650366, 4033.3499548650366, 4033.3499548650366, 4033.3499548650366, 4033.3499548650366, 4033.3499548650366, 4033.3499548650366, 4033.3499548650366, 4033.3499548650366, 4033.3499548650366, 4033.3499548650366, 4033.3499548650366, 4033.3499548650366, 4033.3499548650366, 4033.3499548650366, 4033.3499548650366, 4033.3499548650366, 4033.3499548650366, 4033.3499548650366, 4033.3499548650366, 4033.3499548650366, 4033.3499548650366, 4033.3499548650366, 4033.3499548650366, 4033.3499548650366, 4033.3499548650366, 4033.3499548650366, 4033.3499548650366, 4033.3499548650366, 4033.3499548650366, 4033.3499548650366, 4033.3499548650366, 4033.3499548650366, 4033.3499548650366, 4033.3499548650366, 4033.3499548650366, 4033.3499548650366, 4033.3499548650366, 4033.3499548650366, 4033.3499548650366, 4033.3499548650366, 4033.3499548650366, 4033.3499548650366, 4033.3499548650366, 4033.3499548650366, 4033.3499548650366, 4033.3499548650366, 4033.3499548650366, 4033.3499548650366, 4033.3499548650366) 

29 : 

x <- c(4175.438118069464, 4175.438118069464, 4175.438118069464, 4175.438118069464, 4175.438118069464, 4175.438118069464, 4175.438118069464, 4175.438118069464, 4175.438118069464, 4175.438118069464, 4175.438118069464, 4175.438118069464, 4175.438118069464, 4175.438118069464, 4175.438118069464, 4175.438118069464, 4175.438118069464, 4175.438118069464, 4175.438118069464, 4175.438118069464, 4175.438118069464, 4175.438118069464, 4175.438118069464, 4175.438118069464, 4175.438118069464, 4175.438118069464, 4175.438118069464, 4175.438118069464, 4175.438118069464, 4175.438118069464, 4175.438118069464, 4175.438118069464, 4175.438118069464, 4175.438118069464, 4175.438118069464, 4175.438118069464, 4175.438118069464, 4175.438118069464, 4175.438118069464, 4175.438118069464, 4175.438118069464, 4175.438118069464, 4175.438118069464, 4175.438118069464, 4175.438118069464, 4175.438118069464, 4175.438118069464, 4175.438118069464, 4175.438118069464, 4175.438118069464, 4175.438118069464, 4175.438118069464, 4175.438118069464, 4175.438118069464, 4175.438118069464, 4175.438118069464, 4175.438118069464, 4175.438118069464, 4175.438118069464, 4175.438118069464, 4175.438118069464, 4175.438118069464, 4175.438118069464, 4175.438118069464, 4175.438118069464, 4175.438118069464, 4175.438118069464, 4175.438118069464, 4175.438118069464, 4175.438118069464, 4175.438118069464, 4175.438118069464, 4175.438118069464, 4175.438118069464, 4175.438118069464, 4175.438118069464, 4175.438118069464, 4175.438118069464, 4175.438118069464, 4175.438118069464, 4175.438118069464, 4175.438118069464, 4175.438118069464, 4175.438118069464, 4175.438118069464, 4175.438118069464, 4175.438118069464, 4175.438118069464, 4175.438118069464, 4175.438118069464, 4175.438118069464, 4175.438118069464, 4175.438118069464, 4175.438118069464, 4175.438118069464, 4175.438118069464, 4175.438118069464, 4175.438118069464, 4175.438118069464, 4175.438118069464) 

30 : 

x <- c(4401.748032722062, 4401.748032722062, 4401.748032722062, 4401.748032722062, 4401.748032722062, 4401.748032722062, 4401.748032722062, 4401.748032722062, 4401.748032722062, 4401.748032722062, 4401.748032722062, 4401.748032722062, 4401.748032722062, 4401.748032722062, 4401.748032722062, 4401.748032722062, 4401.748032722062, 4401.748032722062, 4401.748032722062, 4401.748032722062, 4401.748032722062, 4401.748032722062, 4401.748032722062, 4401.748032722062, 4401.748032722062, 4401.748032722062, 4401.748032722062, 4401.748032722062, 4401.748032722062, 4401.748032722062, 4401.748032722062, 4401.748032722062, 4401.748032722062, 4401.748032722062, 4401.748032722062, 4401.748032722062, 4401.748032722062, 4401.748032722062, 4401.748032722062, 4401.748032722062, 4401.748032722062, 4401.748032722062, 4401.748032722062, 4401.748032722062, 4401.748032722062, 4401.748032722062, 4401.748032722062, 4401.748032722062, 4401.748032722062, 4401.748032722062, 4401.748032722062, 4401.748032722062, 4401.748032722062, 4401.748032722062, 4401.748032722062, 4401.748032722062, 4401.748032722062, 4401.748032722062, 4401.748032722062, 4401.748032722062, 4401.748032722062, 4401.748032722062, 4401.748032722062, 4401.748032722062, 4401.748032722062, 4401.748032722062, 4401.748032722062, 4401.748032722062, 4401.748032722062, 4401.748032722062, 4401.748032722062, 4401.748032722062, 4401.748032722062, 4401.748032722062, 4401.748032722062, 4401.748032722062, 4401.748032722062, 4401.748032722062, 4401.748032722062, 4401.748032722062, 4401.748032722062, 4401.748032722062, 4401.748032722062, 4401.748032722062, 4401.748032722062, 4401.748032722062, 4401.748032722062, 4401.748032722062, 4401.748032722062, 4401.748032722062, 4401.748032722062, 4401.748032722062, 4401.748032722062, 4401.748032722062, 4401.748032722062, 4401.748032722062, 4401.748032722062, 4401.748032722062, 4401.748032722062, 4401.748032722062) 



