med: 669.3031340789119/desvio: 11.968723503888334


Funcoes: 

Erros: 

1 : 

x <- c(654.2568456847166, 654.2568456847166, 654.2568456847166, 654.2568456847166, 654.2568456847166, 654.2568456847166, 654.2568456847166, 654.2568456847166, 654.2568456847166, 654.2568456847166, 654.2568456847166, 654.2568456847166, 654.2568456847166, 654.2568456847166, 654.2568456847166, 654.2568456847166, 654.2568456847166, 654.2568456847166, 654.2568456847166, 654.2568456847166, 654.2568456847166, 654.2568456847166, 654.2568456847166, 654.2568456847166, 654.2568456847166, 654.2568456847166, 654.2568456847166, 654.2568456847166, 654.2568456847166, 654.2568456847166, 654.2568456847166, 654.2568456847166, 654.2568456847166, 654.2568456847166, 654.2568456847166, 654.2568456847166, 654.2568456847166, 654.2568456847166, 654.2568456847166, 654.2568456847166, 654.2568456847166, 654.2568456847166, 654.2568456847166, 654.2568456847166, 654.2568456847166, 654.2568456847166, 654.2568456847166, 654.2568456847166, 654.2568456847166, 654.2568456847166, 654.2568456847166, 654.2568456847166, 654.2568456847166, 654.2568456847166, 654.2568456847166, 654.2568456847166, 654.2568456847166, 654.2568456847166, 654.2568456847166, 654.2568456847166, 654.2568456847166, 654.2568456847166, 654.2568456847166, 654.2568456847166, 654.2568456847166, 654.2568456847166, 654.2568456847166, 654.2568456847166, 654.2568456847166, 654.2568456847166, 654.2568456847166, 654.2568456847166, 654.2568456847166, 654.2568456847166, 654.2568456847166, 654.2568456847166, 654.2568456847166, 654.2568456847166, 654.2568456847166, 654.2568456847166, 654.2568456847166, 654.2568456847166, 654.2568456847166, 654.2568456847166, 654.2568456847166, 654.2568456847166, 654.2568456847166, 654.2568456847166, 654.2568456847166, 654.2568456847166, 654.2568456847166, 654.2568456847166, 654.2568456847166, 654.2568456847166, 654.2568456847166, 654.2568456847166, 654.2568456847166, 654.2568456847166, 654.2568456847166, 654.2568456847166) 

2 : 

x <- c(665.8386880080178, 665.8386880080178, 665.8386880080178, 665.8386880080178, 665.8386880080178, 665.8386880080178, 665.8386880080178, 665.8386880080178, 665.8386880080178, 665.8386880080178, 665.8386880080178, 665.8386880080178, 665.8386880080178, 665.8386880080178, 665.8386880080178, 665.8386880080178, 665.8386880080178, 665.8386880080178, 665.8386880080178, 665.8386880080178, 665.8386880080178, 665.8386880080178, 665.8386880080178, 665.8386880080178, 665.8386880080178, 665.8386880080178, 665.8386880080178, 665.8386880080178, 665.8386880080178, 665.8386880080178, 665.8386880080178, 665.8386880080178, 665.8386880080178, 665.8386880080178, 665.8386880080178, 665.8386880080178, 665.8386880080178, 665.8386880080178, 665.8386880080178, 665.8386880080178, 665.8386880080178, 665.8386880080178, 665.8386880080178, 665.8386880080178, 665.8386880080178, 665.8386880080178, 665.8386880080178, 665.8386880080178, 665.8386880080178, 665.8386880080178, 665.8386880080178, 665.8386880080178, 665.8386880080178, 665.8386880080178, 665.8386880080178, 665.8386880080178, 665.8386880080178, 665.8386880080178, 665.8386880080178, 665.8386880080178, 665.8386880080178, 665.8386880080178, 665.8386880080178, 665.8386880080178, 665.8386880080178, 665.8386880080178, 665.8386880080178, 665.8386880080178, 665.8386880080178, 665.8386880080178, 665.8386880080178, 665.8386880080178, 665.8386880080178, 665.8386880080178, 665.8386880080178, 665.8386880080178, 665.8386880080178, 665.8386880080178, 665.8386880080178, 665.8386880080178, 665.8386880080178, 665.8386880080178, 665.8386880080178, 665.8386880080178, 665.8386880080178, 665.8386880080178, 665.8386880080178, 665.8386880080178, 665.8386880080178, 665.8386880080178, 665.8386880080178, 665.8386880080178, 665.8386880080178, 665.8386880080178, 665.8386880080178, 665.8386880080178, 665.8386880080178, 665.8386880080178, 665.8386880080178, 665.8386880080178) 

3 : 

x <- c(668.6873111634402, 668.6873111634402, 668.6873111634402, 668.6873111634402, 668.6873111634402, 668.6873111634402, 668.6873111634402, 668.6873111634402, 668.6873111634402, 668.6873111634402, 668.6873111634402, 668.6873111634402, 668.6873111634402, 668.6873111634402, 668.6873111634402, 668.6873111634402, 668.6873111634402, 668.6873111634402, 668.6873111634402, 668.6873111634402, 668.6873111634402, 668.6873111634402, 668.6873111634402, 668.6873111634402, 668.6873111634402, 668.6873111634402, 668.6873111634402, 668.6873111634402, 668.6873111634402, 668.6873111634402, 668.6873111634402, 668.6873111634402, 668.6873111634402, 668.6873111634402, 668.6873111634402, 668.6873111634402, 668.6873111634402, 668.6873111634402, 668.6873111634402, 668.6873111634402, 668.6873111634402, 668.6873111634402, 668.6873111634402, 668.6873111634402, 668.6873111634402, 668.6873111634402, 668.6873111634402, 668.6873111634402, 668.6873111634402, 668.6873111634402, 668.6873111634402, 668.6873111634402, 668.6873111634402, 668.6873111634402, 668.6873111634402, 668.6873111634402, 668.6873111634402, 668.6873111634402, 668.6873111634402, 668.6873111634402, 668.6873111634402, 668.6873111634402, 668.6873111634402, 668.6873111634402, 668.6873111634402, 668.6873111634402, 668.6873111634402, 668.6873111634402, 668.6873111634402, 668.6873111634402, 668.6873111634402, 668.6873111634402, 668.6873111634402, 668.6873111634402, 668.6873111634402, 668.6873111634402, 668.6873111634402, 668.6873111634402, 668.6873111634402, 668.6873111634402, 668.6873111634402, 668.6873111634402, 668.6873111634402, 668.6873111634402, 668.6873111634402, 668.6873111634402, 668.6873111634402, 668.6873111634402, 668.6873111634402, 668.6873111634402, 668.6873111634402, 668.6873111634402, 668.6873111634402, 668.6873111634402, 668.6873111634402, 668.6873111634402, 668.6873111634402, 668.6873111634402, 668.6873111634402, 668.6873111634402) 

4 : 

x <- c(670.4121029269149, 670.4121029269149, 670.4121029269149, 670.4121029269149, 670.4121029269149, 670.4121029269149, 670.4121029269149, 670.4121029269149, 670.4121029269149, 670.4121029269149, 670.4121029269149, 670.4121029269149, 670.4121029269149, 670.4121029269149, 670.4121029269149, 670.4121029269149, 670.4121029269149, 670.4121029269149, 670.4121029269149, 670.4121029269149, 670.4121029269149, 670.4121029269149, 670.4121029269149, 670.4121029269149, 670.4121029269149, 670.4121029269149, 670.4121029269149, 670.4121029269149, 670.4121029269149, 670.4121029269149, 670.4121029269149, 670.4121029269149, 670.4121029269149, 670.4121029269149, 670.4121029269149, 670.4121029269149, 670.4121029269149, 670.4121029269149, 670.4121029269149, 670.4121029269149, 670.4121029269149, 670.4121029269149, 670.4121029269149, 670.4121029269149, 670.4121029269149, 670.4121029269149, 670.4121029269149, 670.4121029269149, 670.4121029269149, 670.4121029269149, 670.4121029269149, 670.4121029269149, 670.4121029269149, 670.4121029269149, 670.4121029269149, 670.4121029269149, 670.4121029269149, 670.4121029269149, 670.4121029269149, 670.4121029269149, 670.4121029269149, 670.4121029269149, 670.4121029269149, 670.4121029269149, 670.4121029269149, 670.4121029269149, 670.4121029269149, 670.4121029269149, 670.4121029269149, 670.4121029269149, 670.4121029269149, 670.4121029269149, 670.4121029269149, 670.4121029269149, 670.4121029269149, 670.4121029269149, 670.4121029269149, 670.4121029269149, 670.4121029269149, 670.4121029269149, 670.4121029269149, 670.4121029269149, 670.4121029269149, 670.4121029269149, 670.4121029269149, 670.4121029269149, 670.4121029269149, 670.4121029269149, 670.4121029269149, 670.4121029269149, 670.4121029269149, 670.4121029269149, 670.4121029269149, 670.4121029269149, 670.4121029269149, 670.4121029269149, 670.4121029269149, 670.4121029269149, 670.4121029269149, 670.4121029269149) 

5 : 

x <- c(667.5205651741203, 667.5205651741203, 667.5205651741203, 667.5205651741203, 667.5205651741203, 667.5205651741203, 667.5205651741203, 667.5205651741203, 667.5205651741203, 667.5205651741203, 667.5205651741203, 667.5205651741203, 667.5205651741203, 667.5205651741203, 667.5205651741203, 667.5205651741203, 667.5205651741203, 667.5205651741203, 667.5205651741203, 667.5205651741203, 667.5205651741203, 667.5205651741203, 667.5205651741203, 667.5205651741203, 667.5205651741203, 667.5205651741203, 667.5205651741203, 667.5205651741203, 667.5205651741203, 667.5205651741203, 667.5205651741203, 667.5205651741203, 667.5205651741203, 667.5205651741203, 667.5205651741203, 667.5205651741203, 667.5205651741203, 667.5205651741203, 667.5205651741203, 667.5205651741203, 667.5205651741203, 667.5205651741203, 667.5205651741203, 667.5205651741203, 667.5205651741203, 667.5205651741203, 667.5205651741203, 667.5205651741203, 667.5205651741203, 667.5205651741203, 667.5205651741203, 667.5205651741203, 667.5205651741203, 667.5205651741203, 667.5205651741203, 667.5205651741203, 667.5205651741203, 667.5205651741203, 667.5205651741203, 667.5205651741203, 667.5205651741203, 667.5205651741203, 667.5205651741203, 667.5205651741203, 667.5205651741203, 667.5205651741203, 667.5205651741203, 667.5205651741203, 667.5205651741203, 667.5205651741203, 667.5205651741203, 667.5205651741203, 667.5205651741203, 667.5205651741203, 667.5205651741203, 667.5205651741203, 667.5205651741203, 667.5205651741203, 667.5205651741203, 667.5205651741203, 667.5205651741203, 667.5205651741203, 667.5205651741203, 667.5205651741203, 667.5205651741203, 667.5205651741203, 667.5205651741203, 667.5205651741203, 667.5205651741203, 667.5205651741203, 667.5205651741203, 667.5205651741203, 667.5205651741203, 667.5205651741203, 667.5205651741203, 667.5205651741203, 667.5205651741203, 667.5205651741203, 667.5205651741203, 667.5205651741203) 

6 : 

x <- c(669.9639955209792, 669.9639955209792, 669.9639955209792, 669.9639955209792, 669.9639955209792, 669.9639955209792, 669.9639955209792, 669.9639955209792, 669.9639955209792, 669.9639955209792, 669.9639955209792, 669.9639955209792, 669.9639955209792, 669.9639955209792, 669.9639955209792, 669.9639955209792, 669.9639955209792, 669.9639955209792, 669.9639955209792, 669.9639955209792, 669.9639955209792, 669.9639955209792, 669.9639955209792, 669.9639955209792, 669.9639955209792, 669.9639955209792, 669.9639955209792, 669.9639955209792, 669.9639955209792, 669.9639955209792, 669.9639955209792, 669.9639955209792, 669.9639955209792, 669.9639955209792, 669.9639955209792, 669.9639955209792, 669.9639955209792, 669.9639955209792, 669.9639955209792, 669.9639955209792, 669.9639955209792, 669.9639955209792, 669.9639955209792, 669.9639955209792, 669.9639955209792, 669.9639955209792, 669.9639955209792, 669.9639955209792, 669.9639955209792, 669.9639955209792, 669.9639955209792, 669.9639955209792, 669.9639955209792, 669.9639955209792, 669.9639955209792, 669.9639955209792, 669.9639955209792, 669.9639955209792, 669.9639955209792, 669.9639955209792, 669.9639955209792, 669.9639955209792, 669.9639955209792, 669.9639955209792, 669.9639955209792, 669.9639955209792, 669.9639955209792, 669.9639955209792, 669.9639955209792, 669.9639955209792, 669.9639955209792, 669.9639955209792, 669.9639955209792, 669.9639955209792, 669.9639955209792, 669.9639955209792, 669.9639955209792, 669.9639955209792, 669.9639955209792, 669.9639955209792, 669.9639955209792, 669.9639955209792, 669.9639955209792, 669.9639955209792, 669.9639955209792, 669.9639955209792, 669.9639955209792, 669.9639955209792, 669.9639955209792, 669.9639955209792, 669.9639955209792, 669.9639955209792, 669.9639955209792, 669.9639955209792, 669.9639955209792, 669.9639955209792, 669.9639955209792, 669.9639955209792, 669.9639955209792, 669.9639955209792) 

7 : 

x <- c(656.936845424943, 656.936845424943, 656.936845424943, 656.936845424943, 656.936845424943, 656.936845424943, 656.936845424943, 656.936845424943, 656.936845424943, 656.936845424943, 656.936845424943, 656.936845424943, 656.936845424943, 656.936845424943, 656.936845424943, 656.936845424943, 656.936845424943, 656.936845424943, 656.936845424943, 656.936845424943, 656.936845424943, 656.936845424943, 656.936845424943, 656.936845424943, 656.936845424943, 656.936845424943, 656.936845424943, 656.936845424943, 656.936845424943, 656.936845424943, 656.936845424943, 656.936845424943, 656.936845424943, 656.936845424943, 656.936845424943, 656.936845424943, 656.936845424943, 656.936845424943, 656.936845424943, 656.936845424943, 656.936845424943, 656.936845424943, 656.936845424943, 656.936845424943, 656.936845424943, 656.936845424943, 656.936845424943, 656.936845424943, 656.936845424943, 656.936845424943, 656.936845424943, 656.936845424943, 656.936845424943, 656.936845424943, 656.936845424943, 656.936845424943, 656.936845424943, 656.936845424943, 656.936845424943, 656.936845424943, 656.936845424943, 656.936845424943, 656.936845424943, 656.936845424943, 656.936845424943, 656.936845424943, 656.936845424943, 656.936845424943, 656.936845424943, 656.936845424943, 656.936845424943, 656.936845424943, 656.936845424943, 656.936845424943, 656.936845424943, 656.936845424943, 656.936845424943, 656.936845424943, 656.936845424943, 656.936845424943, 656.936845424943, 656.936845424943, 656.936845424943, 656.936845424943, 656.936845424943, 656.936845424943, 656.936845424943, 656.936845424943, 656.936845424943, 656.936845424943, 656.936845424943, 656.936845424943, 656.936845424943, 656.936845424943, 656.936845424943, 656.936845424943, 656.936845424943, 656.936845424943, 656.936845424943, 656.936845424943) 

8 : 

x <- c(641.8082358418449, 641.8082358418449, 641.8082358418449, 641.8082358418449, 641.8082358418449, 641.8082358418449, 641.8082358418449, 641.8082358418449, 641.8082358418449, 641.8082358418449, 641.8082358418449, 641.8082358418449, 641.8082358418449, 641.8082358418449, 641.8082358418449, 641.8082358418449, 641.8082358418449, 641.8082358418449, 641.8082358418449, 641.8082358418449, 641.8082358418449, 641.8082358418449, 641.8082358418449, 641.8082358418449, 641.8082358418449, 641.8082358418449, 641.8082358418449, 641.8082358418449, 641.8082358418449, 641.8082358418449, 641.8082358418449, 641.8082358418449, 641.8082358418449, 641.8082358418449, 641.8082358418449, 641.8082358418449, 641.8082358418449, 641.8082358418449, 641.8082358418449, 641.8082358418449, 641.8082358418449, 641.8082358418449, 641.8082358418449, 641.8082358418449, 641.8082358418449, 641.8082358418449, 641.8082358418449, 641.8082358418449, 641.8082358418449, 641.8082358418449, 641.8082358418449, 641.8082358418449, 641.8082358418449, 641.8082358418449, 641.8082358418449, 641.8082358418449, 641.8082358418449, 641.8082358418449, 641.8082358418449, 641.8082358418449, 641.8082358418449, 641.8082358418449, 641.8082358418449, 641.8082358418449, 641.8082358418449, 641.8082358418449, 641.8082358418449, 641.8082358418449, 641.8082358418449, 641.8082358418449, 641.8082358418449, 641.8082358418449, 641.8082358418449, 641.8082358418449, 641.8082358418449, 641.8082358418449, 641.8082358418449, 641.8082358418449, 641.8082358418449, 641.8082358418449, 641.8082358418449, 641.8082358418449, 641.8082358418449, 641.8082358418449, 641.8082358418449, 641.8082358418449, 641.8082358418449, 641.8082358418449, 641.8082358418449, 641.8082358418449, 641.8082358418449, 641.8082358418449, 641.8082358418449, 641.8082358418449, 641.8082358418449, 641.8082358418449, 641.8082358418449, 641.8082358418449, 641.8082358418449, 641.8082358418449) 

9 : 

x <- c(670.3336564187704, 670.3336564187704, 670.3336564187704, 670.3336564187704, 670.3336564187704, 670.3336564187704, 670.3336564187704, 670.3336564187704, 670.3336564187704, 670.3336564187704, 670.3336564187704, 670.3336564187704, 670.3336564187704, 670.3336564187704, 670.3336564187704, 670.3336564187704, 670.3336564187704, 670.3336564187704, 670.3336564187704, 670.3336564187704, 670.3336564187704, 670.3336564187704, 670.3336564187704, 670.3336564187704, 670.3336564187704, 670.3336564187704, 670.3336564187704, 670.3336564187704, 670.3336564187704, 670.3336564187704, 670.3336564187704, 670.3336564187704, 670.3336564187704, 670.3336564187704, 670.3336564187704, 670.3336564187704, 670.3336564187704, 670.3336564187704, 670.3336564187704, 670.3336564187704, 670.3336564187704, 670.3336564187704, 670.3336564187704, 670.3336564187704, 670.3336564187704, 670.3336564187704, 670.3336564187704, 670.3336564187704, 670.3336564187704, 670.3336564187704, 670.3336564187704, 670.3336564187704, 670.3336564187704, 670.3336564187704, 670.3336564187704, 670.3336564187704, 670.3336564187704, 670.3336564187704, 670.3336564187704, 670.3336564187704, 670.3336564187704, 670.3336564187704, 670.3336564187704, 670.3336564187704, 670.3336564187704, 670.3336564187704, 670.3336564187704, 670.3336564187704, 670.3336564187704, 670.3336564187704, 670.3336564187704, 670.3336564187704, 670.3336564187704, 670.3336564187704, 670.3336564187704, 670.3336564187704, 670.3336564187704, 670.3336564187704, 670.3336564187704, 670.3336564187704, 670.3336564187704, 670.3336564187704, 670.3336564187704, 670.3336564187704, 670.3336564187704, 670.3336564187704, 670.3336564187704, 670.3336564187704, 670.3336564187704, 670.3336564187704, 670.3336564187704, 670.3336564187704, 670.3336564187704, 670.3336564187704, 670.3336564187704, 670.3336564187704, 670.3336564187704, 670.3336564187704, 670.3336564187704, 670.3336564187704) 

10 : 

x <- c(685.8980346747195, 685.8980346747195, 685.8980346747195, 685.8980346747195, 685.8980346747195, 685.8980346747195, 685.8980346747195, 685.8980346747195, 685.8980346747195, 685.8980346747195, 685.8980346747195, 685.8980346747195, 685.8980346747195, 685.8980346747195, 685.8980346747195, 685.8980346747195, 685.8980346747195, 685.8980346747195, 685.8980346747195, 685.8980346747195, 685.8980346747195, 685.8980346747195, 685.8980346747195, 685.8980346747195, 685.8980346747195, 685.8980346747195, 685.8980346747195, 685.8980346747195, 685.8980346747195, 685.8980346747195, 685.8980346747195, 685.8980346747195, 685.8980346747195, 685.8980346747195, 685.8980346747195, 685.8980346747195, 685.8980346747195, 685.8980346747195, 685.8980346747195, 685.8980346747195, 685.8980346747195, 685.8980346747195, 685.8980346747195, 685.8980346747195, 685.8980346747195, 685.8980346747195, 685.8980346747195, 685.8980346747195, 685.8980346747195, 685.8980346747195, 685.8980346747195, 685.8980346747195, 685.8980346747195, 685.8980346747195, 685.8980346747195, 685.8980346747195, 685.8980346747195, 685.8980346747195, 685.8980346747195, 685.8980346747195, 685.8980346747195, 685.8980346747195, 685.8980346747195, 685.8980346747195, 685.8980346747195, 685.8980346747195, 685.8980346747195, 685.8980346747195, 685.8980346747195, 685.8980346747195, 685.8980346747195, 685.8980346747195, 685.8980346747195, 685.8980346747195, 685.8980346747195, 685.8980346747195, 685.8980346747195, 685.8980346747195, 685.8980346747195, 685.8980346747195, 685.8980346747195, 685.8980346747195, 685.8980346747195, 685.8980346747195, 685.8980346747195, 685.8980346747195, 685.8980346747195, 685.8980346747195, 685.8980346747195, 685.8980346747195, 685.8980346747195, 685.8980346747195, 685.8980346747195, 685.8980346747195, 685.8980346747195, 685.8980346747195, 685.8980346747195, 685.8980346747195, 685.8980346747195, 685.8980346747195) 

11 : 

x <- c(663.4949746788922, 663.4949746788922, 663.4949746788922, 663.4949746788922, 663.4949746788922, 663.4949746788922, 663.4949746788922, 663.4949746788922, 663.4949746788922, 663.4949746788922, 663.4949746788922, 663.4949746788922, 663.4949746788922, 663.4949746788922, 663.4949746788922, 663.4949746788922, 663.4949746788922, 663.4949746788922, 663.4949746788922, 663.4949746788922, 663.4949746788922, 663.4949746788922, 663.4949746788922, 663.4949746788922, 663.4949746788922, 663.4949746788922, 663.4949746788922, 663.4949746788922, 663.4949746788922, 663.4949746788922, 663.4949746788922, 663.4949746788922, 663.4949746788922, 663.4949746788922, 663.4949746788922, 663.4949746788922, 663.4949746788922, 663.4949746788922, 663.4949746788922, 663.4949746788922, 663.4949746788922, 663.4949746788922, 663.4949746788922, 663.4949746788922, 663.4949746788922, 663.4949746788922, 663.4949746788922, 663.4949746788922, 663.4949746788922, 663.4949746788922, 663.4949746788922, 663.4949746788922, 663.4949746788922, 663.4949746788922, 663.4949746788922, 663.4949746788922, 663.4949746788922, 663.4949746788922, 663.4949746788922, 663.4949746788922, 663.4949746788922, 663.4949746788922, 663.4949746788922, 663.4949746788922, 663.4949746788922, 663.4949746788922, 663.4949746788922, 663.4949746788922, 663.4949746788922, 663.4949746788922, 663.4949746788922, 663.4949746788922, 663.4949746788922, 663.4949746788922, 663.4949746788922, 663.4949746788922, 663.4949746788922, 663.4949746788922, 663.4949746788922, 663.4949746788922, 663.4949746788922, 663.4949746788922, 663.4949746788922, 663.4949746788922, 663.4949746788922, 663.4949746788922, 663.4949746788922, 663.4949746788922, 663.4949746788922, 663.4949746788922, 663.4949746788922, 663.4949746788922, 663.4949746788922, 663.4949746788922, 663.4949746788922, 663.4949746788922, 663.4949746788922, 663.4949746788922, 663.4949746788922, 663.4949746788922) 

12 : 

x <- c(677.8862883022557, 677.8862883022557, 677.8862883022557, 677.8862883022557, 677.8862883022557, 677.8862883022557, 677.8862883022557, 677.8862883022557, 677.8862883022557, 677.8862883022557, 677.8862883022557, 677.8862883022557, 677.8862883022557, 677.8862883022557, 677.8862883022557, 677.8862883022557, 677.8862883022557, 677.8862883022557, 677.8862883022557, 677.8862883022557, 677.8862883022557, 677.8862883022557, 677.8862883022557, 677.8862883022557, 677.8862883022557, 677.8862883022557, 677.8862883022557, 677.8862883022557, 677.8862883022557, 677.8862883022557, 677.8862883022557, 677.8862883022557, 677.8862883022557, 677.8862883022557, 677.8862883022557, 677.8862883022557, 677.8862883022557, 677.8862883022557, 677.8862883022557, 677.8862883022557, 677.8862883022557, 677.8862883022557, 677.8862883022557, 677.8862883022557, 677.8862883022557, 677.8862883022557, 677.8862883022557, 677.8862883022557, 677.8862883022557, 677.8862883022557, 677.8862883022557, 677.8862883022557, 677.8862883022557, 677.8862883022557, 677.8862883022557, 677.8862883022557, 677.8862883022557, 677.8862883022557, 677.8862883022557, 677.8862883022557, 677.8862883022557, 677.8862883022557, 677.8862883022557, 677.8862883022557, 677.8862883022557, 677.8862883022557, 677.8862883022557, 677.8862883022557, 677.8862883022557, 677.8862883022557, 677.8862883022557, 677.8862883022557, 677.8862883022557, 677.8862883022557, 677.8862883022557, 677.8862883022557, 677.8862883022557, 677.8862883022557, 677.8862883022557, 677.8862883022557, 677.8862883022557, 677.8862883022557, 677.8862883022557, 677.8862883022557, 677.8862883022557, 677.8862883022557, 677.8862883022557, 677.8862883022557, 677.8862883022557, 677.8862883022557, 677.8862883022557, 677.8862883022557, 677.8862883022557, 677.8862883022557, 677.8862883022557, 677.8862883022557, 677.8862883022557, 677.8862883022557, 677.8862883022557, 677.8862883022557) 

13 : 

x <- c(684.4400661717823, 684.4400661717823, 684.4400661717823, 684.4400661717823, 684.4400661717823, 684.4400661717823, 684.4400661717823, 684.4400661717823, 684.4400661717823, 684.4400661717823, 684.4400661717823, 684.4400661717823, 684.4400661717823, 684.4400661717823, 684.4400661717823, 684.4400661717823, 684.4400661717823, 684.4400661717823, 684.4400661717823, 684.4400661717823, 684.4400661717823, 684.4400661717823, 684.4400661717823, 684.4400661717823, 684.4400661717823, 684.4400661717823, 684.4400661717823, 684.4400661717823, 684.4400661717823, 684.4400661717823, 684.4400661717823, 684.4400661717823, 684.4400661717823, 684.4400661717823, 684.4400661717823, 684.4400661717823, 684.4400661717823, 684.4400661717823, 684.4400661717823, 684.4400661717823, 684.4400661717823, 684.4400661717823, 684.4400661717823, 684.4400661717823, 684.4400661717823, 684.4400661717823, 684.4400661717823, 684.4400661717823, 684.4400661717823, 684.4400661717823, 684.4400661717823, 684.4400661717823, 684.4400661717823, 684.4400661717823, 684.4400661717823, 684.4400661717823, 684.4400661717823, 684.4400661717823, 684.4400661717823, 684.4400661717823, 684.4400661717823, 684.4400661717823, 684.4400661717823, 684.4400661717823, 684.4400661717823, 684.4400661717823, 684.4400661717823, 684.4400661717823, 684.4400661717823, 684.4400661717823, 684.4400661717823, 684.4400661717823, 684.4400661717823, 684.4400661717823, 684.4400661717823, 684.4400661717823, 684.4400661717823, 684.4400661717823, 684.4400661717823, 684.4400661717823, 684.4400661717823, 684.4400661717823, 684.4400661717823, 684.4400661717823, 684.4400661717823, 684.4400661717823, 684.4400661717823, 684.4400661717823, 684.4400661717823, 684.4400661717823, 684.4400661717823, 684.4400661717823, 684.4400661717823, 684.4400661717823, 684.4400661717823, 684.4400661717823, 684.4400661717823, 684.4400661717823, 684.4400661717823, 684.4400661717823) 

14 : 

x <- c(652.9997069777368, 652.9997069777368, 652.9997069777368, 652.9997069777368, 652.9997069777368, 652.9997069777368, 652.9997069777368, 652.9997069777368, 652.9997069777368, 652.9997069777368, 652.9997069777368, 652.9997069777368, 652.9997069777368, 652.9997069777368, 652.9997069777368, 652.9997069777368, 652.9997069777368, 652.9997069777368, 652.9997069777368, 652.9997069777368, 652.9997069777368, 652.9997069777368, 652.9997069777368, 652.9997069777368, 652.9997069777368, 652.9997069777368, 652.9997069777368, 652.9997069777368, 652.9997069777368, 652.9997069777368, 652.9997069777368, 652.9997069777368, 652.9997069777368, 652.9997069777368, 652.9997069777368, 652.9997069777368, 652.9997069777368, 652.9997069777368, 652.9997069777368, 652.9997069777368, 652.9997069777368, 652.9997069777368, 652.9997069777368, 652.9997069777368, 652.9997069777368, 652.9997069777368, 652.9997069777368, 652.9997069777368, 652.9997069777368, 652.9997069777368, 652.9997069777368, 652.9997069777368, 652.9997069777368, 652.9997069777368, 652.9997069777368, 652.9997069777368, 652.9997069777368, 652.9997069777368, 652.9997069777368, 652.9997069777368, 652.9997069777368, 652.9997069777368, 652.9997069777368, 652.9997069777368, 652.9997069777368, 652.9997069777368, 652.9997069777368, 652.9997069777368, 652.9997069777368, 652.9997069777368, 652.9997069777368, 652.9997069777368, 652.9997069777368, 652.9997069777368, 652.9997069777368, 652.9997069777368, 652.9997069777368, 652.9997069777368, 652.9997069777368, 652.9997069777368, 652.9997069777368, 652.9997069777368, 652.9997069777368, 652.9997069777368, 652.9997069777368, 652.9997069777368, 652.9997069777368, 652.9997069777368, 652.9997069777368, 652.9997069777368, 652.9997069777368, 652.9997069777368, 652.9997069777368, 652.9997069777368, 652.9997069777368, 652.9997069777368, 652.9997069777368, 652.9997069777368, 652.9997069777368, 652.9997069777368) 

15 : 

x <- c(686.7764700573492, 686.7764700573492, 686.7764700573492, 686.7764700573492, 686.7764700573492, 686.7764700573492, 686.7764700573492, 686.7764700573492, 686.7764700573492, 686.7764700573492, 686.7764700573492, 686.7764700573492, 686.7764700573492, 686.7764700573492, 686.7764700573492, 686.7764700573492, 686.7764700573492, 686.7764700573492, 686.7764700573492, 686.7764700573492, 686.7764700573492, 686.7764700573492, 686.7764700573492, 686.7764700573492, 686.7764700573492, 686.7764700573492, 686.7764700573492, 686.7764700573492, 686.7764700573492, 686.7764700573492, 686.7764700573492, 686.7764700573492, 686.7764700573492, 686.7764700573492, 686.7764700573492, 686.7764700573492, 686.7764700573492, 686.7764700573492, 686.7764700573492, 686.7764700573492, 686.7764700573492, 686.7764700573492, 686.7764700573492, 686.7764700573492, 686.7764700573492, 686.7764700573492, 686.7764700573492, 686.7764700573492, 686.7764700573492, 686.7764700573492, 686.7764700573492, 686.7764700573492, 686.7764700573492, 686.7764700573492, 686.7764700573492, 686.7764700573492, 686.7764700573492, 686.7764700573492, 686.7764700573492, 686.7764700573492, 686.7764700573492, 686.7764700573492, 686.7764700573492, 686.7764700573492, 686.7764700573492, 686.7764700573492, 686.7764700573492, 686.7764700573492, 686.7764700573492, 686.7764700573492, 686.7764700573492, 686.7764700573492, 686.7764700573492, 686.7764700573492, 686.7764700573492, 686.7764700573492, 686.7764700573492, 686.7764700573492, 686.7764700573492, 686.7764700573492, 686.7764700573492, 686.7764700573492, 686.7764700573492, 686.7764700573492, 686.7764700573492, 686.7764700573492, 686.7764700573492, 686.7764700573492, 686.7764700573492, 686.7764700573492, 686.7764700573492, 686.7764700573492, 686.7764700573492, 686.7764700573492, 686.7764700573492, 686.7764700573492, 686.7764700573492, 686.7764700573492, 686.7764700573492, 686.7764700573492) 

16 : 

x <- c(653.3156796782323, 653.3156796782323, 653.3156796782323, 653.3156796782323, 653.3156796782323, 653.3156796782323, 653.3156796782323, 653.3156796782323, 653.3156796782323, 653.3156796782323, 653.3156796782323, 653.3156796782323, 653.3156796782323, 653.3156796782323, 653.3156796782323, 653.3156796782323, 653.3156796782323, 653.3156796782323, 653.3156796782323, 653.3156796782323, 653.3156796782323, 653.3156796782323, 653.3156796782323, 653.3156796782323, 653.3156796782323, 653.3156796782323, 653.3156796782323, 653.3156796782323, 653.3156796782323, 653.3156796782323, 653.3156796782323, 653.3156796782323, 653.3156796782323, 653.3156796782323, 653.3156796782323, 653.3156796782323, 653.3156796782323, 653.3156796782323, 653.3156796782323, 653.3156796782323, 653.3156796782323, 653.3156796782323, 653.3156796782323, 653.3156796782323, 653.3156796782323, 653.3156796782323, 653.3156796782323, 653.3156796782323, 653.3156796782323, 653.3156796782323, 653.3156796782323, 653.3156796782323, 653.3156796782323, 653.3156796782323, 653.3156796782323, 653.3156796782323, 653.3156796782323, 653.3156796782323, 653.3156796782323, 653.3156796782323, 653.3156796782323, 653.3156796782323, 653.3156796782323, 653.3156796782323, 653.3156796782323, 653.3156796782323, 653.3156796782323, 653.3156796782323, 653.3156796782323, 653.3156796782323, 653.3156796782323, 653.3156796782323, 653.3156796782323, 653.3156796782323, 653.3156796782323, 653.3156796782323, 653.3156796782323, 653.3156796782323, 653.3156796782323, 653.3156796782323, 653.3156796782323, 653.3156796782323, 653.3156796782323, 653.3156796782323, 653.3156796782323, 653.3156796782323, 653.3156796782323, 653.3156796782323, 653.3156796782323, 653.3156796782323, 653.3156796782323, 653.3156796782323, 653.3156796782323, 653.3156796782323, 653.3156796782323, 653.3156796782323, 653.3156796782323, 653.3156796782323, 653.3156796782323, 653.3156796782323) 

17 : 

x <- c(671.0936948140999, 671.0936948140999, 671.0936948140999, 671.0936948140999, 671.0936948140999, 671.0936948140999, 671.0936948140999, 671.0936948140999, 671.0936948140999, 671.0936948140999, 671.0936948140999, 671.0936948140999, 671.0936948140999, 671.0936948140999, 671.0936948140999, 671.0936948140999, 671.0936948140999, 671.0936948140999, 671.0936948140999, 671.0936948140999, 671.0936948140999, 671.0936948140999, 671.0936948140999, 671.0936948140999, 671.0936948140999, 671.0936948140999, 671.0936948140999, 671.0936948140999, 671.0936948140999, 671.0936948140999, 671.0936948140999, 671.0936948140999, 671.0936948140999, 671.0936948140999, 671.0936948140999, 671.0936948140999, 671.0936948140999, 671.0936948140999, 671.0936948140999, 671.0936948140999, 671.0936948140999, 671.0936948140999, 671.0936948140999, 671.0936948140999, 671.0936948140999, 671.0936948140999, 671.0936948140999, 671.0936948140999, 671.0936948140999, 671.0936948140999, 671.0936948140999, 671.0936948140999, 671.0936948140999, 671.0936948140999, 671.0936948140999, 671.0936948140999, 671.0936948140999, 671.0936948140999, 671.0936948140999, 671.0936948140999, 671.0936948140999, 671.0936948140999, 671.0936948140999, 671.0936948140999, 671.0936948140999, 671.0936948140999, 671.0936948140999, 671.0936948140999, 671.0936948140999, 671.0936948140999, 671.0936948140999, 671.0936948140999, 671.0936948140999, 671.0936948140999, 671.0936948140999, 671.0936948140999, 671.0936948140999, 671.0936948140999, 671.0936948140999, 671.0936948140999, 671.0936948140999, 671.0936948140999, 671.0936948140999, 671.0936948140999, 671.0936948140999, 671.0936948140999, 671.0936948140999, 671.0936948140999, 671.0936948140999, 671.0936948140999, 671.0936948140999, 671.0936948140999, 671.0936948140999, 671.0936948140999, 671.0936948140999, 671.0936948140999, 671.0936948140999, 671.0936948140999, 671.0936948140999, 671.0936948140999) 

18 : 

x <- c(675.4692855009769, 675.4692855009769, 675.4692855009769, 675.4692855009769, 675.4692855009769, 675.4692855009769, 675.4692855009769, 675.4692855009769, 675.4692855009769, 675.4692855009769, 675.4692855009769, 675.4692855009769, 675.4692855009769, 675.4692855009769, 675.4692855009769, 675.4692855009769, 675.4692855009769, 675.4692855009769, 675.4692855009769, 675.4692855009769, 675.4692855009769, 675.4692855009769, 675.4692855009769, 675.4692855009769, 675.4692855009769, 675.4692855009769, 675.4692855009769, 675.4692855009769, 675.4692855009769, 675.4692855009769, 675.4692855009769, 675.4692855009769, 675.4692855009769, 675.4692855009769, 675.4692855009769, 675.4692855009769, 675.4692855009769, 675.4692855009769, 675.4692855009769, 675.4692855009769, 675.4692855009769, 675.4692855009769, 675.4692855009769, 675.4692855009769, 675.4692855009769, 675.4692855009769, 675.4692855009769, 675.4692855009769, 675.4692855009769, 675.4692855009769, 675.4692855009769, 675.4692855009769, 675.4692855009769, 675.4692855009769, 675.4692855009769, 675.4692855009769, 675.4692855009769, 675.4692855009769, 675.4692855009769, 675.4692855009769, 675.4692855009769, 675.4692855009769, 675.4692855009769, 675.4692855009769, 675.4692855009769, 675.4692855009769, 675.4692855009769, 675.4692855009769, 675.4692855009769, 675.4692855009769, 675.4692855009769, 675.4692855009769, 675.4692855009769, 675.4692855009769, 675.4692855009769, 675.4692855009769, 675.4692855009769, 675.4692855009769, 675.4692855009769, 675.4692855009769, 675.4692855009769, 675.4692855009769, 675.4692855009769, 675.4692855009769, 675.4692855009769, 675.4692855009769, 675.4692855009769, 675.4692855009769, 675.4692855009769, 675.4692855009769, 675.4692855009769, 675.4692855009769, 675.4692855009769, 675.4692855009769, 675.4692855009769, 675.4692855009769, 675.4692855009769, 675.4692855009769, 675.4692855009769, 675.4692855009769) 

19 : 

x <- c(659.0452506925521, 659.0452506925521, 659.0452506925521, 659.0452506925521, 659.0452506925521, 659.0452506925521, 659.0452506925521, 659.0452506925521, 659.0452506925521, 659.0452506925521, 659.0452506925521, 659.0452506925521, 659.0452506925521, 659.0452506925521, 659.0452506925521, 659.0452506925521, 659.0452506925521, 659.0452506925521, 659.0452506925521, 659.0452506925521, 659.0452506925521, 659.0452506925521, 659.0452506925521, 659.0452506925521, 659.0452506925521, 659.0452506925521, 659.0452506925521, 659.0452506925521, 659.0452506925521, 659.0452506925521, 659.0452506925521, 659.0452506925521, 659.0452506925521, 659.0452506925521, 659.0452506925521, 659.0452506925521, 659.0452506925521, 659.0452506925521, 659.0452506925521, 659.0452506925521, 659.0452506925521, 659.0452506925521, 659.0452506925521, 659.0452506925521, 659.0452506925521, 659.0452506925521, 659.0452506925521, 659.0452506925521, 659.0452506925521, 659.0452506925521, 659.0452506925521, 659.0452506925521, 659.0452506925521, 659.0452506925521, 659.0452506925521, 659.0452506925521, 659.0452506925521, 659.0452506925521, 659.0452506925521, 659.0452506925521, 659.0452506925521, 659.0452506925521, 659.0452506925521, 659.0452506925521, 659.0452506925521, 659.0452506925521, 659.0452506925521, 659.0452506925521, 659.0452506925521, 659.0452506925521, 659.0452506925521, 659.0452506925521, 659.0452506925521, 659.0452506925521, 659.0452506925521, 659.0452506925521, 659.0452506925521, 659.0452506925521, 659.0452506925521, 659.0452506925521, 659.0452506925521, 659.0452506925521, 659.0452506925521, 659.0452506925521, 659.0452506925521, 659.0452506925521, 659.0452506925521, 659.0452506925521, 659.0452506925521, 659.0452506925521, 659.0452506925521, 659.0452506925521, 659.0452506925521, 659.0452506925521, 659.0452506925521, 659.0452506925521, 659.0452506925521, 659.0452506925521, 659.0452506925521, 659.0452506925521) 

20 : 

x <- c(658.9406598147868, 658.9406598147868, 658.9406598147868, 658.9406598147868, 658.9406598147868, 658.9406598147868, 658.9406598147868, 658.9406598147868, 658.9406598147868, 658.9406598147868, 658.9406598147868, 658.9406598147868, 658.9406598147868, 658.9406598147868, 658.9406598147868, 658.9406598147868, 658.9406598147868, 658.9406598147868, 658.9406598147868, 658.9406598147868, 658.9406598147868, 658.9406598147868, 658.9406598147868, 658.9406598147868, 658.9406598147868, 658.9406598147868, 658.9406598147868, 658.9406598147868, 658.9406598147868, 658.9406598147868, 658.9406598147868, 658.9406598147868, 658.9406598147868, 658.9406598147868, 658.9406598147868, 658.9406598147868, 658.9406598147868, 658.9406598147868, 658.9406598147868, 658.9406598147868, 658.9406598147868, 658.9406598147868, 658.9406598147868, 658.9406598147868, 658.9406598147868, 658.9406598147868, 658.9406598147868, 658.9406598147868, 658.9406598147868, 658.9406598147868, 658.9406598147868, 658.9406598147868, 658.9406598147868, 658.9406598147868, 658.9406598147868, 658.9406598147868, 658.9406598147868, 658.9406598147868, 658.9406598147868, 658.9406598147868, 658.9406598147868, 658.9406598147868, 658.9406598147868, 658.9406598147868, 658.9406598147868, 658.9406598147868, 658.9406598147868, 658.9406598147868, 658.9406598147868, 658.9406598147868, 658.9406598147868, 658.9406598147868, 658.9406598147868, 658.9406598147868, 658.9406598147868, 658.9406598147868, 658.9406598147868, 658.9406598147868, 658.9406598147868, 658.9406598147868, 658.9406598147868, 658.9406598147868, 658.9406598147868, 658.9406598147868, 658.9406598147868, 658.9406598147868, 658.9406598147868, 658.9406598147868, 658.9406598147868, 658.9406598147868, 658.9406598147868, 658.9406598147868, 658.9406598147868, 658.9406598147868, 658.9406598147868, 658.9406598147868, 658.9406598147868, 658.9406598147868, 658.9406598147868, 658.9406598147868) 

21 : 

x <- c(680.1466207560375, 680.1466207560375, 680.1466207560375, 680.1466207560375, 680.1466207560375, 680.1466207560375, 680.1466207560375, 680.1466207560375, 680.1466207560375, 680.1466207560375, 680.1466207560375, 680.1466207560375, 680.1466207560375, 680.1466207560375, 680.1466207560375, 680.1466207560375, 680.1466207560375, 680.1466207560375, 680.1466207560375, 680.1466207560375, 680.1466207560375, 680.1466207560375, 680.1466207560375, 680.1466207560375, 680.1466207560375, 680.1466207560375, 680.1466207560375, 680.1466207560375, 680.1466207560375, 680.1466207560375, 680.1466207560375, 680.1466207560375, 680.1466207560375, 680.1466207560375, 680.1466207560375, 680.1466207560375, 680.1466207560375, 680.1466207560375, 680.1466207560375, 680.1466207560375, 680.1466207560375, 680.1466207560375, 680.1466207560375, 680.1466207560375, 680.1466207560375, 680.1466207560375, 680.1466207560375, 680.1466207560375, 680.1466207560375, 680.1466207560375, 680.1466207560375, 680.1466207560375, 680.1466207560375, 680.1466207560375, 680.1466207560375, 680.1466207560375, 680.1466207560375, 680.1466207560375, 680.1466207560375, 680.1466207560375, 680.1466207560375, 680.1466207560375, 680.1466207560375, 680.1466207560375, 680.1466207560375, 680.1466207560375, 680.1466207560375, 680.1466207560375, 680.1466207560375, 680.1466207560375, 680.1466207560375, 680.1466207560375, 680.1466207560375, 680.1466207560375, 680.1466207560375, 680.1466207560375, 680.1466207560375, 680.1466207560375, 680.1466207560375, 680.1466207560375, 680.1466207560375, 680.1466207560375, 680.1466207560375, 680.1466207560375, 680.1466207560375, 680.1466207560375, 680.1466207560375, 680.1466207560375, 680.1466207560375, 680.1466207560375, 680.1466207560375, 680.1466207560375, 680.1466207560375, 680.1466207560375, 680.1466207560375, 680.1466207560375, 680.1466207560375, 680.1466207560375, 680.1466207560375, 680.1466207560375) 

22 : 

x <- c(672.0697553572277, 672.0697553572277, 672.0697553572277, 672.0697553572277, 672.0697553572277, 672.0697553572277, 672.0697553572277, 672.0697553572277, 672.0697553572277, 672.0697553572277, 672.0697553572277, 672.0697553572277, 672.0697553572277, 672.0697553572277, 672.0697553572277, 672.0697553572277, 672.0697553572277, 672.0697553572277, 672.0697553572277, 672.0697553572277, 672.0697553572277, 672.0697553572277, 672.0697553572277, 672.0697553572277, 672.0697553572277, 672.0697553572277, 672.0697553572277, 672.0697553572277, 672.0697553572277, 672.0697553572277, 672.0697553572277, 672.0697553572277, 672.0697553572277, 672.0697553572277, 672.0697553572277, 672.0697553572277, 672.0697553572277, 672.0697553572277, 672.0697553572277, 672.0697553572277, 672.0697553572277, 672.0697553572277, 672.0697553572277, 672.0697553572277, 672.0697553572277, 672.0697553572277, 672.0697553572277, 672.0697553572277, 672.0697553572277, 672.0697553572277, 672.0697553572277, 672.0697553572277, 672.0697553572277, 672.0697553572277, 672.0697553572277, 672.0697553572277, 672.0697553572277, 672.0697553572277, 672.0697553572277, 672.0697553572277, 672.0697553572277, 672.0697553572277, 672.0697553572277, 672.0697553572277, 672.0697553572277, 672.0697553572277, 672.0697553572277, 672.0697553572277, 672.0697553572277, 672.0697553572277, 672.0697553572277, 672.0697553572277, 672.0697553572277, 672.0697553572277, 672.0697553572277, 672.0697553572277, 672.0697553572277, 672.0697553572277, 672.0697553572277, 672.0697553572277, 672.0697553572277, 672.0697553572277, 672.0697553572277, 672.0697553572277, 672.0697553572277, 672.0697553572277, 672.0697553572277, 672.0697553572277, 672.0697553572277, 672.0697553572277, 672.0697553572277, 672.0697553572277, 672.0697553572277, 672.0697553572277, 672.0697553572277, 672.0697553572277, 672.0697553572277, 672.0697553572277, 672.0697553572277, 672.0697553572277) 

23 : 

x <- c(679.9733936533675, 679.9733936533675, 679.9733936533675, 679.9733936533675, 679.9733936533675, 679.9733936533675, 679.9733936533675, 679.9733936533675, 679.9733936533675, 679.9733936533675, 679.9733936533675, 679.9733936533675, 679.9733936533675, 679.9733936533675, 679.9733936533675, 679.9733936533675, 679.9733936533675, 679.9733936533675, 679.9733936533675, 679.9733936533675, 679.9733936533675, 679.9733936533675, 679.9733936533675, 679.9733936533675, 679.9733936533675, 679.9733936533675, 679.9733936533675, 679.9733936533675, 679.9733936533675, 679.9733936533675, 679.9733936533675, 679.9733936533675, 679.9733936533675, 679.9733936533675, 679.9733936533675, 679.9733936533675, 679.9733936533675, 679.9733936533675, 679.9733936533675, 679.9733936533675, 679.9733936533675, 679.9733936533675, 679.9733936533675, 679.9733936533675, 679.9733936533675, 679.9733936533675, 679.9733936533675, 679.9733936533675, 679.9733936533675, 679.9733936533675, 679.9733936533675, 679.9733936533675, 679.9733936533675, 679.9733936533675, 679.9733936533675, 679.9733936533675, 679.9733936533675, 679.9733936533675, 679.9733936533675, 679.9733936533675, 679.9733936533675, 679.9733936533675, 679.9733936533675, 679.9733936533675, 679.9733936533675, 679.9733936533675, 679.9733936533675, 679.9733936533675, 679.9733936533675, 679.9733936533675, 679.9733936533675, 679.9733936533675, 679.9733936533675, 679.9733936533675, 679.9733936533675, 679.9733936533675, 679.9733936533675, 679.9733936533675, 679.9733936533675, 679.9733936533675, 679.9733936533675, 679.9733936533675, 679.9733936533675, 679.9733936533675, 679.9733936533675, 679.9733936533675, 679.9733936533675, 679.9733936533675, 679.9733936533675, 679.9733936533675, 679.9733936533675, 679.9733936533675, 679.9733936533675, 679.9733936533675, 679.9733936533675, 679.9733936533675, 679.9733936533675, 679.9733936533675, 679.9733936533675, 679.9733936533675) 

24 : 

x <- c(668.1544849149822, 668.1544849149822, 668.1544849149822, 668.1544849149822, 668.1544849149822, 668.1544849149822, 668.1544849149822, 668.1544849149822, 668.1544849149822, 668.1544849149822, 668.1544849149822, 668.1544849149822, 668.1544849149822, 668.1544849149822, 668.1544849149822, 668.1544849149822, 668.1544849149822, 668.1544849149822, 668.1544849149822, 668.1544849149822, 668.1544849149822, 668.1544849149822, 668.1544849149822, 668.1544849149822, 668.1544849149822, 668.1544849149822, 668.1544849149822, 668.1544849149822, 668.1544849149822, 668.1544849149822, 668.1544849149822, 668.1544849149822, 668.1544849149822, 668.1544849149822, 668.1544849149822, 668.1544849149822, 668.1544849149822, 668.1544849149822, 668.1544849149822, 668.1544849149822, 668.1544849149822, 668.1544849149822, 668.1544849149822, 668.1544849149822, 668.1544849149822, 668.1544849149822, 668.1544849149822, 668.1544849149822, 668.1544849149822, 668.1544849149822, 668.1544849149822, 668.1544849149822, 668.1544849149822, 668.1544849149822, 668.1544849149822, 668.1544849149822, 668.1544849149822, 668.1544849149822, 668.1544849149822, 668.1544849149822, 668.1544849149822, 668.1544849149822, 668.1544849149822, 668.1544849149822, 668.1544849149822, 668.1544849149822, 668.1544849149822, 668.1544849149822, 668.1544849149822, 668.1544849149822, 668.1544849149822, 668.1544849149822, 668.1544849149822, 668.1544849149822, 668.1544849149822, 668.1544849149822, 668.1544849149822, 668.1544849149822, 668.1544849149822, 668.1544849149822, 668.1544849149822, 668.1544849149822, 668.1544849149822, 668.1544849149822, 668.1544849149822, 668.1544849149822, 668.1544849149822, 668.1544849149822, 668.1544849149822, 668.1544849149822, 668.1544849149822, 668.1544849149822, 668.1544849149822, 668.1544849149822, 668.1544849149822, 668.1544849149822, 668.1544849149822, 668.1544849149822, 668.1544849149822, 668.1544849149822) 

25 : 

x <- c(686.7047499032311, 686.7047499032311, 686.7047499032311, 686.7047499032311, 686.7047499032311, 686.7047499032311, 686.7047499032311, 686.7047499032311, 686.7047499032311, 686.7047499032311, 686.7047499032311, 686.7047499032311, 686.7047499032311, 686.7047499032311, 686.7047499032311, 686.7047499032311, 686.7047499032311, 686.7047499032311, 686.7047499032311, 686.7047499032311, 686.7047499032311, 686.7047499032311, 686.7047499032311, 686.7047499032311, 686.7047499032311, 686.7047499032311, 686.7047499032311, 686.7047499032311, 686.7047499032311, 686.7047499032311, 686.7047499032311, 686.7047499032311, 686.7047499032311, 686.7047499032311, 686.7047499032311, 686.7047499032311, 686.7047499032311, 686.7047499032311, 686.7047499032311, 686.7047499032311, 686.7047499032311, 686.7047499032311, 686.7047499032311, 686.7047499032311, 686.7047499032311, 686.7047499032311, 686.7047499032311, 686.7047499032311, 686.7047499032311, 686.7047499032311, 686.7047499032311, 686.7047499032311, 686.7047499032311, 686.7047499032311, 686.7047499032311, 686.7047499032311, 686.7047499032311, 686.7047499032311, 686.7047499032311, 686.7047499032311, 686.7047499032311, 686.7047499032311, 686.7047499032311, 686.7047499032311, 686.7047499032311, 686.7047499032311, 686.7047499032311, 686.7047499032311, 686.7047499032311, 686.7047499032311, 686.7047499032311, 686.7047499032311, 686.7047499032311, 686.7047499032311, 686.7047499032311, 686.7047499032311, 686.7047499032311, 686.7047499032311, 686.7047499032311, 686.7047499032311, 686.7047499032311, 686.7047499032311, 686.7047499032311, 686.7047499032311, 686.7047499032311, 686.7047499032311, 686.7047499032311, 686.7047499032311, 686.7047499032311, 686.7047499032311, 686.7047499032311, 686.7047499032311, 686.7047499032311, 686.7047499032311, 686.7047499032311, 686.7047499032311, 686.7047499032311, 686.7047499032311, 686.7047499032311, 686.7047499032311) 

26 : 

x <- c(666.8309255119148, 666.8309255119148, 666.8309255119148, 666.8309255119148, 666.8309255119148, 666.8309255119148, 666.8309255119148, 666.8309255119148, 666.8309255119148, 666.8309255119148, 666.8309255119148, 666.8309255119148, 666.8309255119148, 666.8309255119148, 666.8309255119148, 666.8309255119148, 666.8309255119148, 666.8309255119148, 666.8309255119148, 666.8309255119148, 666.8309255119148, 666.8309255119148, 666.8309255119148, 666.8309255119148, 666.8309255119148, 666.8309255119148, 666.8309255119148, 666.8309255119148, 666.8309255119148, 666.8309255119148, 666.8309255119148, 666.8309255119148, 666.8309255119148, 666.8309255119148, 666.8309255119148, 666.8309255119148, 666.8309255119148, 666.8309255119148, 666.8309255119148, 666.8309255119148, 666.8309255119148, 666.8309255119148, 666.8309255119148, 666.8309255119148, 666.8309255119148, 666.8309255119148, 666.8309255119148, 666.8309255119148, 666.8309255119148, 666.8309255119148, 666.8309255119148, 666.8309255119148, 666.8309255119148, 666.8309255119148, 666.8309255119148, 666.8309255119148, 666.8309255119148, 666.8309255119148, 666.8309255119148, 666.8309255119148, 666.8309255119148, 666.8309255119148, 666.8309255119148, 666.8309255119148, 666.8309255119148, 666.8309255119148, 666.8309255119148, 666.8309255119148, 666.8309255119148, 666.8309255119148, 666.8309255119148, 666.8309255119148, 666.8309255119148, 666.8309255119148, 666.8309255119148, 666.8309255119148, 666.8309255119148, 666.8309255119148, 666.8309255119148, 666.8309255119148, 666.8309255119148, 666.8309255119148, 666.8309255119148, 666.8309255119148, 666.8309255119148, 666.8309255119148, 666.8309255119148, 666.8309255119148, 666.8309255119148, 666.8309255119148, 666.8309255119148, 666.8309255119148, 666.8309255119148, 666.8309255119148, 666.8309255119148, 666.8309255119148, 666.8309255119148, 666.8309255119148, 666.8309255119148, 666.8309255119148) 

27 : 

x <- c(676.656451105207, 676.656451105207, 676.656451105207, 676.656451105207, 676.656451105207, 676.656451105207, 676.656451105207, 676.656451105207, 676.656451105207, 676.656451105207, 676.656451105207, 676.656451105207, 676.656451105207, 676.656451105207, 676.656451105207, 676.656451105207, 676.656451105207, 676.656451105207, 676.656451105207, 676.656451105207, 676.656451105207, 676.656451105207, 676.656451105207, 676.656451105207, 676.656451105207, 676.656451105207, 676.656451105207, 676.656451105207, 676.656451105207, 676.656451105207, 676.656451105207, 676.656451105207, 676.656451105207, 676.656451105207, 676.656451105207, 676.656451105207, 676.656451105207, 676.656451105207, 676.656451105207, 676.656451105207, 676.656451105207, 676.656451105207, 676.656451105207, 676.656451105207, 676.656451105207, 676.656451105207, 676.656451105207, 676.656451105207, 676.656451105207, 676.656451105207, 676.656451105207, 676.656451105207, 676.656451105207, 676.656451105207, 676.656451105207, 676.656451105207, 676.656451105207, 676.656451105207, 676.656451105207, 676.656451105207, 676.656451105207, 676.656451105207, 676.656451105207, 676.656451105207, 676.656451105207, 676.656451105207, 676.656451105207, 676.656451105207, 676.656451105207, 676.656451105207, 676.656451105207, 676.656451105207, 676.656451105207, 676.656451105207, 676.656451105207, 676.656451105207, 676.656451105207, 676.656451105207, 676.656451105207, 676.656451105207, 676.656451105207, 676.656451105207, 676.656451105207, 676.656451105207, 676.656451105207, 676.656451105207, 676.656451105207, 676.656451105207, 676.656451105207, 676.656451105207, 676.656451105207, 676.656451105207, 676.656451105207, 676.656451105207, 676.656451105207, 676.656451105207, 676.656451105207, 676.656451105207, 676.656451105207, 676.656451105207) 

28 : 

x <- c(690.2749761561233, 690.2749761561233, 690.2749761561233, 690.2749761561233, 690.2749761561233, 690.2749761561233, 690.2749761561233, 690.2749761561233, 690.2749761561233, 690.2749761561233, 690.2749761561233, 690.2749761561233, 690.2749761561233, 690.2749761561233, 690.2749761561233, 690.2749761561233, 690.2749761561233, 690.2749761561233, 690.2749761561233, 690.2749761561233, 690.2749761561233, 690.2749761561233, 690.2749761561233, 690.2749761561233, 690.2749761561233, 690.2749761561233, 690.2749761561233, 690.2749761561233, 690.2749761561233, 690.2749761561233, 690.2749761561233, 690.2749761561233, 690.2749761561233, 690.2749761561233, 690.2749761561233, 690.2749761561233, 690.2749761561233, 690.2749761561233, 690.2749761561233, 690.2749761561233, 690.2749761561233, 690.2749761561233, 690.2749761561233, 690.2749761561233, 690.2749761561233, 690.2749761561233, 690.2749761561233, 690.2749761561233, 690.2749761561233, 690.2749761561233, 690.2749761561233, 690.2749761561233, 690.2749761561233, 690.2749761561233, 690.2749761561233, 690.2749761561233, 690.2749761561233, 690.2749761561233, 690.2749761561233, 690.2749761561233, 690.2749761561233, 690.2749761561233, 690.2749761561233, 690.2749761561233, 690.2749761561233, 690.2749761561233, 690.2749761561233, 690.2749761561233, 690.2749761561233, 690.2749761561233, 690.2749761561233, 690.2749761561233, 690.2749761561233, 690.2749761561233, 690.2749761561233, 690.2749761561233, 690.2749761561233, 690.2749761561233, 690.2749761561233, 690.2749761561233, 690.2749761561233, 690.2749761561233, 690.2749761561233, 690.2749761561233, 690.2749761561233, 690.2749761561233, 690.2749761561233, 690.2749761561233, 690.2749761561233, 690.2749761561233, 690.2749761561233, 690.2749761561233, 690.2749761561233, 690.2749761561233, 690.2749761561233, 690.2749761561233, 690.2749761561233, 690.2749761561233, 690.2749761561233, 690.2749761561233) 

29 : 

x <- c(653.0451768079325, 653.0451768079325, 653.0451768079325, 653.0451768079325, 653.0451768079325, 653.0451768079325, 653.0451768079325, 653.0451768079325, 653.0451768079325, 653.0451768079325, 653.0451768079325, 653.0451768079325, 653.0451768079325, 653.0451768079325, 653.0451768079325, 653.0451768079325, 653.0451768079325, 653.0451768079325, 653.0451768079325, 653.0451768079325, 653.0451768079325, 653.0451768079325, 653.0451768079325, 653.0451768079325, 653.0451768079325, 653.0451768079325, 653.0451768079325, 653.0451768079325, 653.0451768079325, 653.0451768079325, 653.0451768079325, 653.0451768079325, 653.0451768079325, 653.0451768079325, 653.0451768079325, 653.0451768079325, 653.0451768079325, 653.0451768079325, 653.0451768079325, 653.0451768079325, 653.0451768079325, 653.0451768079325, 653.0451768079325, 653.0451768079325, 653.0451768079325, 653.0451768079325, 653.0451768079325, 653.0451768079325, 653.0451768079325, 653.0451768079325, 653.0451768079325, 653.0451768079325, 653.0451768079325, 653.0451768079325, 653.0451768079325, 653.0451768079325, 653.0451768079325, 653.0451768079325, 653.0451768079325, 653.0451768079325, 653.0451768079325, 653.0451768079325, 653.0451768079325, 653.0451768079325, 653.0451768079325, 653.0451768079325, 653.0451768079325, 653.0451768079325, 653.0451768079325, 653.0451768079325, 653.0451768079325, 653.0451768079325, 653.0451768079325, 653.0451768079325, 653.0451768079325, 653.0451768079325, 653.0451768079325, 653.0451768079325, 653.0451768079325, 653.0451768079325, 653.0451768079325, 653.0451768079325, 653.0451768079325, 653.0451768079325, 653.0451768079325, 653.0451768079325, 653.0451768079325, 653.0451768079325, 653.0451768079325, 653.0451768079325, 653.0451768079325, 653.0451768079325, 653.0451768079325, 653.0451768079325, 653.0451768079325, 653.0451768079325, 653.0451768079325, 653.0451768079325, 653.0451768079325, 653.0451768079325) 

30 : 

x <- c(670.1191306742022, 670.1191306742022, 670.1191306742022, 670.1191306742022, 670.1191306742022, 670.1191306742022, 670.1191306742022, 670.1191306742022, 670.1191306742022, 670.1191306742022, 670.1191306742022, 670.1191306742022, 670.1191306742022, 670.1191306742022, 670.1191306742022, 670.1191306742022, 670.1191306742022, 670.1191306742022, 670.1191306742022, 670.1191306742022, 670.1191306742022, 670.1191306742022, 670.1191306742022, 670.1191306742022, 670.1191306742022, 670.1191306742022, 670.1191306742022, 670.1191306742022, 670.1191306742022, 670.1191306742022, 670.1191306742022, 670.1191306742022, 670.1191306742022, 670.1191306742022, 670.1191306742022, 670.1191306742022, 670.1191306742022, 670.1191306742022, 670.1191306742022, 670.1191306742022, 670.1191306742022, 670.1191306742022, 670.1191306742022, 670.1191306742022, 670.1191306742022, 670.1191306742022, 670.1191306742022, 670.1191306742022, 670.1191306742022, 670.1191306742022, 670.1191306742022, 670.1191306742022, 670.1191306742022, 670.1191306742022, 670.1191306742022, 670.1191306742022, 670.1191306742022, 670.1191306742022, 670.1191306742022, 670.1191306742022, 670.1191306742022, 670.1191306742022, 670.1191306742022, 670.1191306742022, 670.1191306742022, 670.1191306742022, 670.1191306742022, 670.1191306742022, 670.1191306742022, 670.1191306742022, 670.1191306742022, 670.1191306742022, 670.1191306742022, 670.1191306742022, 670.1191306742022, 670.1191306742022, 670.1191306742022, 670.1191306742022, 670.1191306742022, 670.1191306742022, 670.1191306742022, 670.1191306742022, 670.1191306742022, 670.1191306742022, 670.1191306742022, 670.1191306742022, 670.1191306742022, 670.1191306742022, 670.1191306742022, 670.1191306742022, 670.1191306742022, 670.1191306742022, 670.1191306742022, 670.1191306742022, 670.1191306742022, 670.1191306742022, 670.1191306742022, 670.1191306742022, 670.1191306742022, 670.1191306742022) 



