med: 14.998250340127578/desvio: 0.008568122769178657


Funcoes: 

Erros: 

1 : 

x <- c(14.993050040368452, 14.993050040368452, 14.993050040368452, 14.993050040368452, 14.993050040368452, 14.993050040368452, 14.993050040368452, 14.993050040368452, 14.993050040368452, 14.993050040368452, 14.993050040368452, 14.993050040368452, 14.993050040368452, 14.993050040368452, 14.993050040368452, 14.993050040368452, 14.993050040368452, 14.993050040368452, 14.993050040368452, 14.993050040368452, 14.993050040368452, 14.993050040368452, 14.993050040368452, 14.993050040368452, 14.993050040368452, 14.993050040368452, 14.993050040368452, 14.993050040368452, 14.993050040368452, 14.993050040368452, 14.993050040368452, 14.993050040368452, 14.993050040368452, 14.993050040368452, 14.993050040368452, 14.993050040368452, 14.993050040368452, 14.993050040368452, 14.993050040368452, 14.993050040368452, 14.993050040368452, 14.993050040368452, 14.993050040368452, 14.993050040368452, 14.993050040368452, 14.993050040368452, 14.993050040368452, 14.993050040368452, 14.993050040368452, 14.993050040368452, 14.993050040368452, 14.993050040368452, 14.993050040368452, 14.993050040368452, 14.993050040368452, 14.993050040368452, 14.993050040368452, 14.993050040368452, 14.993050040368452, 14.993050040368452, 14.993050040368452, 14.993050040368452, 14.993050040368452, 14.993050040368452, 14.993050040368452, 14.993050040368452, 14.993050040368452, 14.993050040368452, 14.993050040368452, 14.993050040368452, 14.993050040368452, 14.993050040368452, 14.993050040368452, 14.993050040368452, 14.993050040368452, 14.993050040368452, 14.993050040368452, 14.993050040368452, 14.993050040368452, 14.993050040368452, 14.993050040368452, 14.993050040368452, 14.993050040368452, 14.993050040368452, 14.993050040368452, 14.993050040368452, 14.993050040368452, 14.993050040368452, 14.993050040368452, 14.993050040368452, 14.993050040368452, 14.993050040368452, 14.993050040368452, 14.993050040368452, 14.993050040368452, 14.993050040368452, 14.993050040368452, 14.993050040368452, 14.993050040368452, 14.993050040368452) 

2 : 

x <- c(14.993629565653707, 14.993629565653707, 14.993629565653707, 14.993629565653707, 14.993629565653707, 14.993629565653707, 14.993629565653707, 14.993629565653707, 14.993629565653707, 14.993629565653707, 14.993629565653707, 14.993629565653707, 14.993629565653707, 14.993629565653707, 14.993629565653707, 14.993629565653707, 14.993629565653707, 14.993629565653707, 14.993629565653707, 14.993629565653707, 14.993629565653707, 14.993629565653707, 14.993629565653707, 14.993629565653707, 14.993629565653707, 14.993629565653707, 14.993629565653707, 14.993629565653707, 14.993629565653707, 14.993629565653707, 14.993629565653707, 14.993629565653707, 14.993629565653707, 14.993629565653707, 14.993629565653707, 14.993629565653707, 14.993629565653707, 14.993629565653707, 14.993629565653707, 14.993629565653707, 14.993629565653707, 14.993629565653707, 14.993629565653707, 14.993629565653707, 14.993629565653707, 14.993629565653707, 14.993629565653707, 14.993629565653707, 14.993629565653707, 14.993629565653707, 14.993629565653707, 14.993629565653707, 14.993629565653707, 14.993629565653707, 14.993629565653707, 14.993629565653707, 14.993629565653707, 14.993629565653707, 14.993629565653707, 14.993629565653707, 14.993629565653707, 14.993629565653707, 14.993629565653707, 14.993629565653707, 14.993629565653707, 14.993629565653707, 14.993629565653707, 14.993629565653707, 14.993629565653707, 14.993629565653707, 14.993629565653707, 14.993629565653707, 14.993629565653707, 14.993629565653707, 14.993629565653707, 14.993629565653707, 14.993629565653707, 14.993629565653707, 14.993629565653707, 14.993629565653707, 14.993629565653707, 14.993629565653707, 14.993629565653707, 14.993629565653707, 14.993629565653707, 14.993629565653707, 14.993629565653707, 14.993629565653707, 14.993629565653707, 14.993629565653707, 14.993629565653707, 14.993629565653707, 14.993629565653707, 14.993629565653707, 14.993629565653707, 14.993629565653707, 14.993629565653707, 14.993629565653707, 14.993629565653707, 14.993629565653707) 

3 : 

x <- c(15.005852439469079, 15.005852439469079, 15.005852439469079, 15.005852439469079, 15.005852439469079, 15.005852439469079, 15.005852439469079, 15.005852439469079, 15.005852439469079, 15.005852439469079, 15.005852439469079, 15.005852439469079, 15.005852439469079, 15.005852439469079, 15.005852439469079, 15.005852439469079, 15.005852439469079, 15.005852439469079, 15.005852439469079, 15.005852439469079, 15.005852439469079, 15.005852439469079, 15.005852439469079, 15.005852439469079, 15.005852439469079, 15.005852439469079, 15.005852439469079, 15.005852439469079, 15.005852439469079, 15.005852439469079, 15.005852439469079, 15.005852439469079, 15.005852439469079, 15.005852439469079, 15.005852439469079, 15.005852439469079, 15.005852439469079, 15.005852439469079, 15.005852439469079, 15.005852439469079, 15.005852439469079, 15.005852439469079, 15.005852439469079, 15.005852439469079, 15.005852439469079, 15.005852439469079, 15.005852439469079, 15.005852439469079, 15.005852439469079, 15.005852439469079, 15.005852439469079, 15.005852439469079, 15.005852439469079, 15.005852439469079, 15.005852439469079, 15.005852439469079, 15.005852439469079, 15.005852439469079, 15.005852439469079, 15.005852439469079, 15.005852439469079, 15.005852439469079, 15.005852439469079, 15.005852439469079, 15.005852439469079, 15.005852439469079, 15.005852439469079, 15.005852439469079, 15.005852439469079, 15.005852439469079, 15.005852439469079, 15.005852439469079, 15.005852439469079, 15.005852439469079, 15.005852439469079, 15.005852439469079, 15.005852439469079, 15.005852439469079, 15.005852439469079, 15.005852439469079, 15.005852439469079, 15.005852439469079, 15.005852439469079, 15.005852439469079, 15.005852439469079, 15.005852439469079, 15.005852439469079, 15.005852439469079, 15.005852439469079, 15.005852439469079, 15.005852439469079, 15.005852439469079, 15.005852439469079, 15.005852439469079, 15.005852439469079, 15.005852439469079, 15.005852439469079, 15.005852439469079, 15.005852439469079, 15.005852439469079) 

4 : 

x <- c(14.994461432615832, 14.994461432615832, 14.994461432615832, 14.994461432615832, 14.994461432615832, 14.994461432615832, 14.994461432615832, 14.994461432615832, 14.994461432615832, 14.994461432615832, 14.994461432615832, 14.994461432615832, 14.994461432615832, 14.994461432615832, 14.994461432615832, 14.994461432615832, 14.994461432615832, 14.994461432615832, 14.994461432615832, 14.994461432615832, 14.994461432615832, 14.994461432615832, 14.994461432615832, 14.994461432615832, 14.994461432615832, 14.994461432615832, 14.994461432615832, 14.994461432615832, 14.994461432615832, 14.994461432615832, 14.994461432615832, 14.994461432615832, 14.994461432615832, 14.994461432615832, 14.994461432615832, 14.994461432615832, 14.994461432615832, 14.994461432615832, 14.994461432615832, 14.994461432615832, 14.994461432615832, 14.994461432615832, 14.994461432615832, 14.994461432615832, 14.994461432615832, 14.994461432615832, 14.994461432615832, 14.994461432615832, 14.994461432615832, 14.994461432615832, 14.994461432615832, 14.994461432615832, 14.994461432615832, 14.994461432615832, 14.994461432615832, 14.994461432615832, 14.994461432615832, 14.994461432615832, 14.994461432615832, 14.994461432615832, 14.994461432615832, 14.994461432615832, 14.994461432615832, 14.994461432615832, 14.994461432615832, 14.994461432615832, 14.994461432615832, 14.994461432615832, 14.994461432615832, 14.994461432615832, 14.994461432615832, 14.994461432615832, 14.994461432615832, 14.994461432615832, 14.994461432615832, 14.994461432615832, 14.994461432615832, 14.994461432615832, 14.994461432615832, 14.994461432615832, 14.994461432615832, 14.994461432615832, 14.994461432615832, 14.994461432615832, 14.994461432615832, 14.994461432615832, 14.994461432615832, 14.994461432615832, 14.994461432615832, 14.994461432615832, 14.994461432615832, 14.994461432615832, 14.994461432615832, 14.994461432615832, 14.994461432615832, 14.994461432615832, 14.994461432615832, 14.994461432615832, 14.994461432615832, 14.994461432615832) 

5 : 

x <- c(14.993152719010272, 14.993152719010272, 14.993152719010272, 14.993152719010272, 14.993152719010272, 14.993152719010272, 14.993152719010272, 14.993152719010272, 14.993152719010272, 14.993152719010272, 14.993152719010272, 14.993152719010272, 14.993152719010272, 14.993152719010272, 14.993152719010272, 14.993152719010272, 14.993152719010272, 14.993152719010272, 14.993152719010272, 14.993152719010272, 14.993152719010272, 14.993152719010272, 14.993152719010272, 14.993152719010272, 14.993152719010272, 14.993152719010272, 14.993152719010272, 14.993152719010272, 14.993152719010272, 14.993152719010272, 14.993152719010272, 14.993152719010272, 14.993152719010272, 14.993152719010272, 14.993152719010272, 14.993152719010272, 14.993152719010272, 14.993152719010272, 14.993152719010272, 14.993152719010272, 14.993152719010272, 14.993152719010272, 14.993152719010272, 14.993152719010272, 14.993152719010272, 14.993152719010272, 14.993152719010272, 14.993152719010272, 14.993152719010272, 14.993152719010272, 14.993152719010272, 14.993152719010272, 14.993152719010272, 14.993152719010272, 14.993152719010272, 14.993152719010272, 14.993152719010272, 14.993152719010272, 14.993152719010272, 14.993152719010272, 14.993152719010272, 14.993152719010272, 14.993152719010272, 14.993152719010272, 14.993152719010272, 14.993152719010272, 14.993152719010272, 14.993152719010272, 14.993152719010272, 14.993152719010272, 14.993152719010272, 14.993152719010272, 14.993152719010272, 14.993152719010272, 14.993152719010272, 14.993152719010272, 14.993152719010272, 14.993152719010272, 14.993152719010272, 14.993152719010272, 14.993152719010272, 14.993152719010272, 14.993152719010272, 14.993152719010272, 14.993152719010272, 14.993152719010272, 14.993152719010272, 14.993152719010272, 14.993152719010272, 14.993152719010272, 14.993152719010272, 14.993152719010272, 14.993152719010272, 14.993152719010272, 14.993152719010272, 14.993152719010272, 14.993152719010272, 14.993152719010272, 14.993152719010272, 14.993152719010272) 

6 : 

x <- c(14.998592247614308, 14.998592247614308, 14.998592247614308, 14.998592247614308, 14.998592247614308, 14.998592247614308, 14.998592247614308, 14.998592247614308, 14.998592247614308, 14.998592247614308, 14.998592247614308, 14.998592247614308, 14.998592247614308, 14.998592247614308, 14.998592247614308, 14.998592247614308, 14.998592247614308, 14.998592247614308, 14.998592247614308, 14.998592247614308, 14.998592247614308, 14.998592247614308, 14.998592247614308, 14.998592247614308, 14.998592247614308, 14.998592247614308, 14.998592247614308, 14.998592247614308, 14.998592247614308, 14.998592247614308, 14.998592247614308, 14.998592247614308, 14.998592247614308, 14.998592247614308, 14.998592247614308, 14.998592247614308, 14.998592247614308, 14.998592247614308, 14.998592247614308, 14.998592247614308, 14.998592247614308, 14.998592247614308, 14.998592247614308, 14.998592247614308, 14.998592247614308, 14.998592247614308, 14.998592247614308, 14.998592247614308, 14.998592247614308, 14.998592247614308, 14.998592247614308, 14.998592247614308, 14.998592247614308, 14.998592247614308, 14.998592247614308, 14.998592247614308, 14.998592247614308, 14.998592247614308, 14.998592247614308, 14.998592247614308, 14.998592247614308, 14.998592247614308, 14.998592247614308, 14.998592247614308, 14.998592247614308, 14.998592247614308, 14.998592247614308, 14.998592247614308, 14.998592247614308, 14.998592247614308, 14.998592247614308, 14.998592247614308, 14.998592247614308, 14.998592247614308, 14.998592247614308, 14.998592247614308, 14.998592247614308, 14.998592247614308, 14.998592247614308, 14.998592247614308, 14.998592247614308, 14.998592247614308, 14.998592247614308, 14.998592247614308, 14.998592247614308, 14.998592247614308, 14.998592247614308, 14.998592247614308, 14.998592247614308, 14.998592247614308, 14.998592247614308, 14.998592247614308, 14.998592247614308, 14.998592247614308, 14.998592247614308, 14.998592247614308, 14.998592247614308, 14.998592247614308, 14.998592247614308, 14.998592247614308) 

7 : 

x <- c(14.99816358113727, 14.99816358113727, 14.99816358113727, 14.99816358113727, 14.99816358113727, 14.99816358113727, 14.99816358113727, 14.99816358113727, 14.99816358113727, 14.99816358113727, 14.99816358113727, 14.99816358113727, 14.99816358113727, 14.99816358113727, 14.99816358113727, 14.99816358113727, 14.99816358113727, 14.99816358113727, 14.99816358113727, 14.99816358113727, 14.99816358113727, 14.99816358113727, 14.99816358113727, 14.99816358113727, 14.99816358113727, 14.99816358113727, 14.99816358113727, 14.99816358113727, 14.99816358113727, 14.99816358113727, 14.99816358113727, 14.99816358113727, 14.99816358113727, 14.99816358113727, 14.99816358113727, 14.99816358113727, 14.99816358113727, 14.99816358113727, 14.99816358113727, 14.99816358113727, 14.99816358113727, 14.99816358113727, 14.99816358113727, 14.99816358113727, 14.99816358113727, 14.99816358113727, 14.99816358113727, 14.99816358113727, 14.99816358113727, 14.99816358113727, 14.99816358113727, 14.99816358113727, 14.99816358113727, 14.99816358113727, 14.99816358113727, 14.99816358113727, 14.99816358113727, 14.99816358113727, 14.99816358113727, 14.99816358113727, 14.99816358113727, 14.99816358113727, 14.99816358113727, 14.99816358113727, 14.99816358113727, 14.99816358113727, 14.99816358113727, 14.99816358113727, 14.99816358113727, 14.99816358113727, 14.99816358113727, 14.99816358113727, 14.99816358113727, 14.99816358113727, 14.99816358113727, 14.99816358113727, 14.99816358113727, 14.99816358113727, 14.99816358113727, 14.99816358113727, 14.99816358113727, 14.99816358113727, 14.99816358113727, 14.99816358113727, 14.99816358113727, 14.99816358113727, 14.99816358113727, 14.99816358113727, 14.99816358113727, 14.99816358113727, 14.99816358113727, 14.99816358113727, 14.99816358113727, 14.99816358113727, 14.99816358113727, 14.99816358113727, 14.99816358113727, 14.99816358113727, 14.99816358113727, 14.99816358113727) 

8 : 

x <- c(14.99440909856211, 14.99440909856211, 14.99440909856211, 14.99440909856211, 14.99440909856211, 14.99440909856211, 14.99440909856211, 14.99440909856211, 14.99440909856211, 14.99440909856211, 14.99440909856211, 14.99440909856211, 14.99440909856211, 14.99440909856211, 14.99440909856211, 14.99440909856211, 14.99440909856211, 14.99440909856211, 14.99440909856211, 14.99440909856211, 14.99440909856211, 14.99440909856211, 14.99440909856211, 14.99440909856211, 14.99440909856211, 14.99440909856211, 14.99440909856211, 14.99440909856211, 14.99440909856211, 14.99440909856211, 14.99440909856211, 14.99440909856211, 14.99440909856211, 14.99440909856211, 14.99440909856211, 14.99440909856211, 14.99440909856211, 14.99440909856211, 14.99440909856211, 14.99440909856211, 14.99440909856211, 14.99440909856211, 14.99440909856211, 14.99440909856211, 14.99440909856211, 14.99440909856211, 14.99440909856211, 14.99440909856211, 14.99440909856211, 14.99440909856211, 14.99440909856211, 14.99440909856211, 14.99440909856211, 14.99440909856211, 14.99440909856211, 14.99440909856211, 14.99440909856211, 14.99440909856211, 14.99440909856211, 14.99440909856211, 14.99440909856211, 14.99440909856211, 14.99440909856211, 14.99440909856211, 14.99440909856211, 14.99440909856211, 14.99440909856211, 14.99440909856211, 14.99440909856211, 14.99440909856211, 14.99440909856211, 14.99440909856211, 14.99440909856211, 14.99440909856211, 14.99440909856211, 14.99440909856211, 14.99440909856211, 14.99440909856211, 14.99440909856211, 14.99440909856211, 14.99440909856211, 14.99440909856211, 14.99440909856211, 14.99440909856211, 14.99440909856211, 14.99440909856211, 14.99440909856211, 14.99440909856211, 14.99440909856211, 14.99440909856211, 14.99440909856211, 14.99440909856211, 14.99440909856211, 14.99440909856211, 14.99440909856211, 14.99440909856211, 14.99440909856211, 14.99440909856211, 14.99440909856211, 14.99440909856211) 

9 : 

x <- c(14.99344375888276, 14.99344375888276, 14.99344375888276, 14.99344375888276, 14.99344375888276, 14.99344375888276, 14.99344375888276, 14.99344375888276, 14.99344375888276, 14.99344375888276, 14.99344375888276, 14.99344375888276, 14.99344375888276, 14.99344375888276, 14.99344375888276, 14.99344375888276, 14.99344375888276, 14.99344375888276, 14.99344375888276, 14.99344375888276, 14.99344375888276, 14.99344375888276, 14.99344375888276, 14.99344375888276, 14.99344375888276, 14.99344375888276, 14.99344375888276, 14.99344375888276, 14.99344375888276, 14.99344375888276, 14.99344375888276, 14.99344375888276, 14.99344375888276, 14.99344375888276, 14.99344375888276, 14.99344375888276, 14.99344375888276, 14.99344375888276, 14.99344375888276, 14.99344375888276, 14.99344375888276, 14.99344375888276, 14.99344375888276, 14.99344375888276, 14.99344375888276, 14.99344375888276, 14.99344375888276, 14.99344375888276, 14.99344375888276, 14.99344375888276, 14.99344375888276, 14.99344375888276, 14.99344375888276, 14.99344375888276, 14.99344375888276, 14.99344375888276, 14.99344375888276, 14.99344375888276, 14.99344375888276, 14.99344375888276, 14.99344375888276, 14.99344375888276, 14.99344375888276, 14.99344375888276, 14.99344375888276, 14.99344375888276, 14.99344375888276, 14.99344375888276, 14.99344375888276, 14.99344375888276, 14.99344375888276, 14.99344375888276, 14.99344375888276, 14.99344375888276, 14.99344375888276, 14.99344375888276, 14.99344375888276, 14.99344375888276, 14.99344375888276, 14.99344375888276, 14.99344375888276, 14.99344375888276, 14.99344375888276, 14.99344375888276, 14.99344375888276, 14.99344375888276, 14.99344375888276, 14.99344375888276, 14.99344375888276, 14.99344375888276, 14.99344375888276, 14.99344375888276, 14.99344375888276, 14.99344375888276, 14.99344375888276, 14.99344375888276, 14.99344375888276, 14.99344375888276, 14.99344375888276, 14.99344375888276) 

10 : 

x <- c(14.993185395732208, 14.993185395732208, 14.993185395732208, 14.993185395732208, 14.993185395732208, 14.993185395732208, 14.993185395732208, 14.993185395732208, 14.993185395732208, 14.993185395732208, 14.993185395732208, 14.993185395732208, 14.993185395732208, 14.993185395732208, 14.993185395732208, 14.993185395732208, 14.993185395732208, 14.993185395732208, 14.993185395732208, 14.993185395732208, 14.993185395732208, 14.993185395732208, 14.993185395732208, 14.993185395732208, 14.993185395732208, 14.993185395732208, 14.993185395732208, 14.993185395732208, 14.993185395732208, 14.993185395732208, 14.993185395732208, 14.993185395732208, 14.993185395732208, 14.993185395732208, 14.993185395732208, 14.993185395732208, 14.993185395732208, 14.993185395732208, 14.993185395732208, 14.993185395732208, 14.993185395732208, 14.993185395732208, 14.993185395732208, 14.993185395732208, 14.993185395732208, 14.993185395732208, 14.993185395732208, 14.993185395732208, 14.993185395732208, 14.993185395732208, 14.993185395732208, 14.993185395732208, 14.993185395732208, 14.993185395732208, 14.993185395732208, 14.993185395732208, 14.993185395732208, 14.993185395732208, 14.993185395732208, 14.993185395732208, 14.993185395732208, 14.993185395732208, 14.993185395732208, 14.993185395732208, 14.993185395732208, 14.993185395732208, 14.993185395732208, 14.993185395732208, 14.993185395732208, 14.993185395732208, 14.993185395732208, 14.993185395732208, 14.993185395732208, 14.993185395732208, 14.993185395732208, 14.993185395732208, 14.993185395732208, 14.993185395732208, 14.993185395732208, 14.993185395732208, 14.993185395732208, 14.993185395732208, 14.993185395732208, 14.993185395732208, 14.993185395732208, 14.993185395732208, 14.993185395732208, 14.993185395732208, 14.993185395732208, 14.993185395732208, 14.993185395732208, 14.993185395732208, 14.993185395732208, 14.993185395732208, 14.993185395732208, 14.993185395732208, 14.993185395732208, 14.993185395732208, 14.993185395732208, 14.993185395732208) 

11 : 

x <- c(14.994912641597567, 14.994912641597567, 14.994912641597567, 14.994912641597567, 14.994912641597567, 14.994912641597567, 14.994912641597567, 14.994912641597567, 14.994912641597567, 14.994912641597567, 14.994912641597567, 14.994912641597567, 14.994912641597567, 14.994912641597567, 14.994912641597567, 14.994912641597567, 14.994912641597567, 14.994912641597567, 14.994912641597567, 14.994912641597567, 14.994912641597567, 14.994912641597567, 14.994912641597567, 14.994912641597567, 14.994912641597567, 14.994912641597567, 14.994912641597567, 14.994912641597567, 14.994912641597567, 14.994912641597567, 14.994912641597567, 14.994912641597567, 14.994912641597567, 14.994912641597567, 14.994912641597567, 14.994912641597567, 14.994912641597567, 14.994912641597567, 14.994912641597567, 14.994912641597567, 14.994912641597567, 14.994912641597567, 14.994912641597567, 14.994912641597567, 14.994912641597567, 14.994912641597567, 14.994912641597567, 14.994912641597567, 14.994912641597567, 14.994912641597567, 14.994912641597567, 14.994912641597567, 14.994912641597567, 14.994912641597567, 14.994912641597567, 14.994912641597567, 14.994912641597567, 14.994912641597567, 14.994912641597567, 14.994912641597567, 14.994912641597567, 14.994912641597567, 14.994912641597567, 14.994912641597567, 14.994912641597567, 14.994912641597567, 14.994912641597567, 14.994912641597567, 14.994912641597567, 14.994912641597567, 14.994912641597567, 14.994912641597567, 14.994912641597567, 14.994912641597567, 14.994912641597567, 14.994912641597567, 14.994912641597567, 14.994912641597567, 14.994912641597567, 14.994912641597567, 14.994912641597567, 14.994912641597567, 14.994912641597567, 14.994912641597567, 14.994912641597567, 14.994912641597567, 14.994912641597567, 14.994912641597567, 14.994912641597567, 14.994912641597567, 14.994912641597567, 14.994912641597567, 14.994912641597567, 14.994912641597567, 14.994912641597567, 14.994912641597567, 14.994912641597567, 14.994912641597567, 14.994912641597567, 14.994912641597567) 

12 : 

x <- c(15.00691342531155, 15.00691342531155, 15.00691342531155, 15.00691342531155, 15.00691342531155, 15.00691342531155, 15.00691342531155, 15.00691342531155, 15.00691342531155, 15.00691342531155, 15.00691342531155, 15.00691342531155, 15.00691342531155, 15.00691342531155, 15.00691342531155, 15.00691342531155, 15.00691342531155, 15.00691342531155, 15.00691342531155, 15.00691342531155, 15.00691342531155, 15.00691342531155, 15.00691342531155, 15.00691342531155, 15.00691342531155, 15.00691342531155, 15.00691342531155, 15.00691342531155, 15.00691342531155, 15.00691342531155, 15.00691342531155, 15.00691342531155, 15.00691342531155, 15.00691342531155, 15.00691342531155, 15.00691342531155, 15.00691342531155, 15.00691342531155, 15.00691342531155, 15.00691342531155, 15.00691342531155, 15.00691342531155, 15.00691342531155, 15.00691342531155, 15.00691342531155, 15.00691342531155, 15.00691342531155, 15.00691342531155, 15.00691342531155, 15.00691342531155, 15.00691342531155, 15.00691342531155, 15.00691342531155, 15.00691342531155, 15.00691342531155, 15.00691342531155, 15.00691342531155, 15.00691342531155, 15.00691342531155, 15.00691342531155, 15.00691342531155, 15.00691342531155, 15.00691342531155, 15.00691342531155, 15.00691342531155, 15.00691342531155, 15.00691342531155, 15.00691342531155, 15.00691342531155, 15.00691342531155, 15.00691342531155, 15.00691342531155, 15.00691342531155, 15.00691342531155, 15.00691342531155, 15.00691342531155, 15.00691342531155, 15.00691342531155, 15.00691342531155, 15.00691342531155, 15.00691342531155, 15.00691342531155, 15.00691342531155, 15.00691342531155, 15.00691342531155, 15.00691342531155, 15.00691342531155, 15.00691342531155, 15.00691342531155, 15.00691342531155, 15.00691342531155, 15.00691342531155, 15.00691342531155, 15.00691342531155, 15.00691342531155, 15.00691342531155, 15.00691342531155, 15.00691342531155, 15.00691342531155, 15.00691342531155) 

13 : 

x <- c(15.002240092260614, 15.002240092260614, 15.002240092260614, 15.002240092260614, 15.002240092260614, 15.002240092260614, 15.002240092260614, 15.002240092260614, 15.002240092260614, 15.002240092260614, 15.002240092260614, 15.002240092260614, 15.002240092260614, 15.002240092260614, 15.002240092260614, 15.002240092260614, 15.002240092260614, 15.002240092260614, 15.002240092260614, 15.002240092260614, 15.002240092260614, 15.002240092260614, 15.002240092260614, 15.002240092260614, 15.002240092260614, 15.002240092260614, 15.002240092260614, 15.002240092260614, 15.002240092260614, 15.002240092260614, 15.002240092260614, 15.002240092260614, 15.002240092260614, 15.002240092260614, 15.002240092260614, 15.002240092260614, 15.002240092260614, 15.002240092260614, 15.002240092260614, 15.002240092260614, 15.002240092260614, 15.002240092260614, 15.002240092260614, 15.002240092260614, 15.002240092260614, 15.002240092260614, 15.002240092260614, 15.002240092260614, 15.002240092260614, 15.002240092260614, 15.002240092260614, 15.002240092260614, 15.002240092260614, 15.002240092260614, 15.002240092260614, 15.002240092260614, 15.002240092260614, 15.002240092260614, 15.002240092260614, 15.002240092260614, 15.002240092260614, 15.002240092260614, 15.002240092260614, 15.002240092260614, 15.002240092260614, 15.002240092260614, 15.002240092260614, 15.002240092260614, 15.002240092260614, 15.002240092260614, 15.002240092260614, 15.002240092260614, 15.002240092260614, 15.002240092260614, 15.002240092260614, 15.002240092260614, 15.002240092260614, 15.002240092260614, 15.002240092260614, 15.002240092260614, 15.002240092260614, 15.002240092260614, 15.002240092260614, 15.002240092260614, 15.002240092260614, 15.002240092260614, 15.002240092260614, 15.002240092260614, 15.002240092260614, 15.002240092260614, 15.002240092260614, 15.002240092260614, 15.002240092260614, 15.002240092260614, 15.002240092260614, 15.002240092260614, 15.002240092260614, 15.002240092260614, 15.002240092260614, 15.002240092260614) 

14 : 

x <- c(14.993320249310699, 14.993320249310699, 14.993320249310699, 14.993320249310699, 14.993320249310699, 14.993320249310699, 14.993320249310699, 14.993320249310699, 14.993320249310699, 14.993320249310699, 14.993320249310699, 14.993320249310699, 14.993320249310699, 14.993320249310699, 14.993320249310699, 14.993320249310699, 14.993320249310699, 14.993320249310699, 14.993320249310699, 14.993320249310699, 14.993320249310699, 14.993320249310699, 14.993320249310699, 14.993320249310699, 14.993320249310699, 14.993320249310699, 14.993320249310699, 14.993320249310699, 14.993320249310699, 14.993320249310699, 14.993320249310699, 14.993320249310699, 14.993320249310699, 14.993320249310699, 14.993320249310699, 14.993320249310699, 14.993320249310699, 14.993320249310699, 14.993320249310699, 14.993320249310699, 14.993320249310699, 14.993320249310699, 14.993320249310699, 14.993320249310699, 14.993320249310699, 14.993320249310699, 14.993320249310699, 14.993320249310699, 14.993320249310699, 14.993320249310699, 14.993320249310699, 14.993320249310699, 14.993320249310699, 14.993320249310699, 14.993320249310699, 14.993320249310699, 14.993320249310699, 14.993320249310699, 14.993320249310699, 14.993320249310699, 14.993320249310699, 14.993320249310699, 14.993320249310699, 14.993320249310699, 14.993320249310699, 14.993320249310699, 14.993320249310699, 14.993320249310699, 14.993320249310699, 14.993320249310699, 14.993320249310699, 14.993320249310699, 14.993320249310699, 14.993320249310699, 14.993320249310699, 14.993320249310699, 14.993320249310699, 14.993320249310699, 14.993320249310699, 14.993320249310699, 14.993320249310699, 14.993320249310699, 14.993320249310699, 14.993320249310699, 14.993320249310699, 14.993320249310699, 14.993320249310699, 14.993320249310699, 14.993320249310699, 14.993320249310699, 14.993320249310699, 14.993320249310699, 14.993320249310699, 14.993320249310699, 14.993320249310699, 14.993320249310699, 14.993320249310699, 14.993320249310699, 14.993320249310699, 14.993320249310699) 

15 : 

x <- c(15.002592009788547, 15.002592009788547, 15.002592009788547, 15.002592009788547, 15.002592009788547, 15.002592009788547, 15.002592009788547, 15.002592009788547, 15.002592009788547, 15.002592009788547, 15.002592009788547, 15.002592009788547, 15.002592009788547, 15.002592009788547, 15.002592009788547, 15.002592009788547, 15.002592009788547, 15.002592009788547, 15.002592009788547, 15.002592009788547, 15.002592009788547, 15.002592009788547, 15.002592009788547, 15.002592009788547, 15.002592009788547, 15.002592009788547, 15.002592009788547, 15.002592009788547, 15.002592009788547, 15.002592009788547, 15.002592009788547, 15.002592009788547, 15.002592009788547, 15.002592009788547, 15.002592009788547, 15.002592009788547, 15.002592009788547, 15.002592009788547, 15.002592009788547, 15.002592009788547, 15.002592009788547, 15.002592009788547, 15.002592009788547, 15.002592009788547, 15.002592009788547, 15.002592009788547, 15.002592009788547, 15.002592009788547, 15.002592009788547, 15.002592009788547, 15.002592009788547, 15.002592009788547, 15.002592009788547, 15.002592009788547, 15.002592009788547, 15.002592009788547, 15.002592009788547, 15.002592009788547, 15.002592009788547, 15.002592009788547, 15.002592009788547, 15.002592009788547, 15.002592009788547, 15.002592009788547, 15.002592009788547, 15.002592009788547, 15.002592009788547, 15.002592009788547, 15.002592009788547, 15.002592009788547, 15.002592009788547, 15.002592009788547, 15.002592009788547, 15.002592009788547, 15.002592009788547, 15.002592009788547, 15.002592009788547, 15.002592009788547, 15.002592009788547, 15.002592009788547, 15.002592009788547, 15.002592009788547, 15.002592009788547, 15.002592009788547, 15.002592009788547, 15.002592009788547, 15.002592009788547, 15.002592009788547, 15.002592009788547, 15.002592009788547, 15.002592009788547, 15.002592009788547, 15.002592009788547, 15.002592009788547, 15.002592009788547, 15.002592009788547, 15.002592009788547, 15.002592009788547, 15.002592009788547, 15.002592009788547) 

16 : 

x <- c(14.996756316346646, 14.996756316346646, 14.996756316346646, 14.996756316346646, 14.996756316346646, 14.996756316346646, 14.996756316346646, 14.996756316346646, 14.996756316346646, 14.996756316346646, 14.996756316346646, 14.996756316346646, 14.996756316346646, 14.996756316346646, 14.996756316346646, 14.996756316346646, 14.996756316346646, 14.996756316346646, 14.996756316346646, 14.996756316346646, 14.996756316346646, 14.996756316346646, 14.996756316346646, 14.996756316346646, 14.996756316346646, 14.996756316346646, 14.996756316346646, 14.996756316346646, 14.996756316346646, 14.996756316346646, 14.996756316346646, 14.996756316346646, 14.996756316346646, 14.996756316346646, 14.996756316346646, 14.996756316346646, 14.996756316346646, 14.996756316346646, 14.996756316346646, 14.996756316346646, 14.996756316346646, 14.996756316346646, 14.996756316346646, 14.996756316346646, 14.996756316346646, 14.996756316346646, 14.996756316346646, 14.996756316346646, 14.996756316346646, 14.996756316346646, 14.996756316346646, 14.996756316346646, 14.996756316346646, 14.996756316346646, 14.996756316346646, 14.996756316346646, 14.996756316346646, 14.996756316346646, 14.996756316346646, 14.996756316346646, 14.996756316346646, 14.996756316346646, 14.996756316346646, 14.996756316346646, 14.996756316346646, 14.996756316346646, 14.996756316346646, 14.996756316346646, 14.996756316346646, 14.996756316346646, 14.996756316346646, 14.996756316346646, 14.996756316346646, 14.996756316346646, 14.996756316346646, 14.996756316346646, 14.996756316346646, 14.996756316346646, 14.996756316346646, 14.996756316346646, 14.996756316346646, 14.996756316346646, 14.996756316346646, 14.996756316346646, 14.996756316346646, 14.996756316346646, 14.996756316346646, 14.996756316346646, 14.996756316346646, 14.996756316346646, 14.996756316346646, 14.996756316346646, 14.996756316346646, 14.996756316346646, 14.996756316346646, 14.996756316346646, 14.996756316346646, 14.996756316346646, 14.996756316346646, 14.996756316346646) 

17 : 

x <- c(14.993115941454981, 14.993115941454981, 14.993115941454981, 14.993115941454981, 14.993115941454981, 14.993115941454981, 14.993115941454981, 14.993115941454981, 14.993115941454981, 14.993115941454981, 14.993115941454981, 14.993115941454981, 14.993115941454981, 14.993115941454981, 14.993115941454981, 14.993115941454981, 14.993115941454981, 14.993115941454981, 14.993115941454981, 14.993115941454981, 14.993115941454981, 14.993115941454981, 14.993115941454981, 14.993115941454981, 14.993115941454981, 14.993115941454981, 14.993115941454981, 14.993115941454981, 14.993115941454981, 14.993115941454981, 14.993115941454981, 14.993115941454981, 14.993115941454981, 14.993115941454981, 14.993115941454981, 14.993115941454981, 14.993115941454981, 14.993115941454981, 14.993115941454981, 14.993115941454981, 14.993115941454981, 14.993115941454981, 14.993115941454981, 14.993115941454981, 14.993115941454981, 14.993115941454981, 14.993115941454981, 14.993115941454981, 14.993115941454981, 14.993115941454981, 14.993115941454981, 14.993115941454981, 14.993115941454981, 14.993115941454981, 14.993115941454981, 14.993115941454981, 14.993115941454981, 14.993115941454981, 14.993115941454981, 14.993115941454981, 14.993115941454981, 14.993115941454981, 14.993115941454981, 14.993115941454981, 14.993115941454981, 14.993115941454981, 14.993115941454981, 14.993115941454981, 14.993115941454981, 14.993115941454981, 14.993115941454981, 14.993115941454981, 14.993115941454981, 14.993115941454981, 14.993115941454981, 14.993115941454981, 14.993115941454981, 14.993115941454981, 14.993115941454981, 14.993115941454981, 14.993115941454981, 14.993115941454981, 14.993115941454981, 14.993115941454981, 14.993115941454981, 14.993115941454981, 14.993115941454981, 14.993115941454981, 14.993115941454981, 14.993115941454981, 14.993115941454981, 14.993115941454981, 14.993115941454981, 14.993115941454981, 14.993115941454981, 14.993115941454981, 14.993115941454981, 14.993115941454981, 14.993115941454981, 14.993115941454981) 

18 : 

x <- c(15.000390721449618, 15.000390721449618, 15.000390721449618, 15.000390721449618, 15.000390721449618, 15.000390721449618, 15.000390721449618, 15.000390721449618, 15.000390721449618, 15.000390721449618, 15.000390721449618, 15.000390721449618, 15.000390721449618, 15.000390721449618, 15.000390721449618, 15.000390721449618, 15.000390721449618, 15.000390721449618, 15.000390721449618, 15.000390721449618, 15.000390721449618, 15.000390721449618, 15.000390721449618, 15.000390721449618, 15.000390721449618, 15.000390721449618, 15.000390721449618, 15.000390721449618, 15.000390721449618, 15.000390721449618, 15.000390721449618, 15.000390721449618, 15.000390721449618, 15.000390721449618, 15.000390721449618, 15.000390721449618, 15.000390721449618, 15.000390721449618, 15.000390721449618, 15.000390721449618, 15.000390721449618, 15.000390721449618, 15.000390721449618, 15.000390721449618, 15.000390721449618, 15.000390721449618, 15.000390721449618, 15.000390721449618, 15.000390721449618, 15.000390721449618, 15.000390721449618, 15.000390721449618, 15.000390721449618, 15.000390721449618, 15.000390721449618, 15.000390721449618, 15.000390721449618, 15.000390721449618, 15.000390721449618, 15.000390721449618, 15.000390721449618, 15.000390721449618, 15.000390721449618, 15.000390721449618, 15.000390721449618, 15.000390721449618, 15.000390721449618, 15.000390721449618, 15.000390721449618, 15.000390721449618, 15.000390721449618, 15.000390721449618, 15.000390721449618, 15.000390721449618, 15.000390721449618, 15.000390721449618, 15.000390721449618, 15.000390721449618, 15.000390721449618, 15.000390721449618, 15.000390721449618, 15.000390721449618, 15.000390721449618, 15.000390721449618, 15.000390721449618, 15.000390721449618, 15.000390721449618, 15.000390721449618, 15.000390721449618, 15.000390721449618, 15.000390721449618, 15.000390721449618, 15.000390721449618, 15.000390721449618, 15.000390721449618, 15.000390721449618, 15.000390721449618, 15.000390721449618, 15.000390721449618, 15.000390721449618) 

19 : 

x <- c(14.995188918394666, 14.995188918394666, 14.995188918394666, 14.995188918394666, 14.995188918394666, 14.995188918394666, 14.995188918394666, 14.995188918394666, 14.995188918394666, 14.995188918394666, 14.995188918394666, 14.995188918394666, 14.995188918394666, 14.995188918394666, 14.995188918394666, 14.995188918394666, 14.995188918394666, 14.995188918394666, 14.995188918394666, 14.995188918394666, 14.995188918394666, 14.995188918394666, 14.995188918394666, 14.995188918394666, 14.995188918394666, 14.995188918394666, 14.995188918394666, 14.995188918394666, 14.995188918394666, 14.995188918394666, 14.995188918394666, 14.995188918394666, 14.995188918394666, 14.995188918394666, 14.995188918394666, 14.995188918394666, 14.995188918394666, 14.995188918394666, 14.995188918394666, 14.995188918394666, 14.995188918394666, 14.995188918394666, 14.995188918394666, 14.995188918394666, 14.995188918394666, 14.995188918394666, 14.995188918394666, 14.995188918394666, 14.995188918394666, 14.995188918394666, 14.995188918394666, 14.995188918394666, 14.995188918394666, 14.995188918394666, 14.995188918394666, 14.995188918394666, 14.995188918394666, 14.995188918394666, 14.995188918394666, 14.995188918394666, 14.995188918394666, 14.995188918394666, 14.995188918394666, 14.995188918394666, 14.995188918394666, 14.995188918394666, 14.995188918394666, 14.995188918394666, 14.995188918394666, 14.995188918394666, 14.995188918394666, 14.995188918394666, 14.995188918394666, 14.995188918394666, 14.995188918394666, 14.995188918394666, 14.995188918394666, 14.995188918394666, 14.995188918394666, 14.995188918394666, 14.995188918394666, 14.995188918394666, 14.995188918394666, 14.995188918394666, 14.995188918394666, 14.995188918394666, 14.995188918394666, 14.995188918394666, 14.995188918394666, 14.995188918394666, 14.995188918394666, 14.995188918394666, 14.995188918394666, 14.995188918394666, 14.995188918394666, 14.995188918394666, 14.995188918394666, 14.995188918394666, 14.995188918394666, 14.995188918394666) 

20 : 

x <- c(14.993909164997518, 14.993909164997518, 14.993909164997518, 14.993909164997518, 14.993909164997518, 14.993909164997518, 14.993909164997518, 14.993909164997518, 14.993909164997518, 14.993909164997518, 14.993909164997518, 14.993909164997518, 14.993909164997518, 14.993909164997518, 14.993909164997518, 14.993909164997518, 14.993909164997518, 14.993909164997518, 14.993909164997518, 14.993909164997518, 14.993909164997518, 14.993909164997518, 14.993909164997518, 14.993909164997518, 14.993909164997518, 14.993909164997518, 14.993909164997518, 14.993909164997518, 14.993909164997518, 14.993909164997518, 14.993909164997518, 14.993909164997518, 14.993909164997518, 14.993909164997518, 14.993909164997518, 14.993909164997518, 14.993909164997518, 14.993909164997518, 14.993909164997518, 14.993909164997518, 14.993909164997518, 14.993909164997518, 14.993909164997518, 14.993909164997518, 14.993909164997518, 14.993909164997518, 14.993909164997518, 14.993909164997518, 14.993909164997518, 14.993909164997518, 14.993909164997518, 14.993909164997518, 14.993909164997518, 14.993909164997518, 14.993909164997518, 14.993909164997518, 14.993909164997518, 14.993909164997518, 14.993909164997518, 14.993909164997518, 14.993909164997518, 14.993909164997518, 14.993909164997518, 14.993909164997518, 14.993909164997518, 14.993909164997518, 14.993909164997518, 14.993909164997518, 14.993909164997518, 14.993909164997518, 14.993909164997518, 14.993909164997518, 14.993909164997518, 14.993909164997518, 14.993909164997518, 14.993909164997518, 14.993909164997518, 14.993909164997518, 14.993909164997518, 14.993909164997518, 14.993909164997518, 14.993909164997518, 14.993909164997518, 14.993909164997518, 14.993909164997518, 14.993909164997518, 14.993909164997518, 14.993909164997518, 14.993909164997518, 14.993909164997518, 14.993909164997518, 14.993909164997518, 14.993909164997518, 14.993909164997518, 14.993909164997518, 14.993909164997518, 14.993909164997518, 14.993909164997518, 14.993909164997518, 14.993909164997518) 

21 : 

x <- c(14.993255323556399, 14.993255323556399, 14.993255323556399, 14.993255323556399, 14.993255323556399, 14.993255323556399, 14.993255323556399, 14.993255323556399, 14.993255323556399, 14.993255323556399, 14.993255323556399, 14.993255323556399, 14.993255323556399, 14.993255323556399, 14.993255323556399, 14.993255323556399, 14.993255323556399, 14.993255323556399, 14.993255323556399, 14.993255323556399, 14.993255323556399, 14.993255323556399, 14.993255323556399, 14.993255323556399, 14.993255323556399, 14.993255323556399, 14.993255323556399, 14.993255323556399, 14.993255323556399, 14.993255323556399, 14.993255323556399, 14.993255323556399, 14.993255323556399, 14.993255323556399, 14.993255323556399, 14.993255323556399, 14.993255323556399, 14.993255323556399, 14.993255323556399, 14.993255323556399, 14.993255323556399, 14.993255323556399, 14.993255323556399, 14.993255323556399, 14.993255323556399, 14.993255323556399, 14.993255323556399, 14.993255323556399, 14.993255323556399, 14.993255323556399, 14.993255323556399, 14.993255323556399, 14.993255323556399, 14.993255323556399, 14.993255323556399, 14.993255323556399, 14.993255323556399, 14.993255323556399, 14.993255323556399, 14.993255323556399, 14.993255323556399, 14.993255323556399, 14.993255323556399, 14.993255323556399, 14.993255323556399, 14.993255323556399, 14.993255323556399, 14.993255323556399, 14.993255323556399, 14.993255323556399, 14.993255323556399, 14.993255323556399, 14.993255323556399, 14.993255323556399, 14.993255323556399, 14.993255323556399, 14.993255323556399, 14.993255323556399, 14.993255323556399, 14.993255323556399, 14.993255323556399, 14.993255323556399, 14.993255323556399, 14.993255323556399, 14.993255323556399, 14.993255323556399, 14.993255323556399, 14.993255323556399, 14.993255323556399, 14.993255323556399, 14.993255323556399, 14.993255323556399, 14.993255323556399, 14.993255323556399, 14.993255323556399, 14.993255323556399, 14.993255323556399, 14.993255323556399, 14.993255323556399, 14.993255323556399) 

22 : 

x <- c(14.997304897251455, 14.997304897251455, 14.997304897251455, 14.997304897251455, 14.997304897251455, 14.997304897251455, 14.997304897251455, 14.997304897251455, 14.997304897251455, 14.997304897251455, 14.997304897251455, 14.997304897251455, 14.997304897251455, 14.997304897251455, 14.997304897251455, 14.997304897251455, 14.997304897251455, 14.997304897251455, 14.997304897251455, 14.997304897251455, 14.997304897251455, 14.997304897251455, 14.997304897251455, 14.997304897251455, 14.997304897251455, 14.997304897251455, 14.997304897251455, 14.997304897251455, 14.997304897251455, 14.997304897251455, 14.997304897251455, 14.997304897251455, 14.997304897251455, 14.997304897251455, 14.997304897251455, 14.997304897251455, 14.997304897251455, 14.997304897251455, 14.997304897251455, 14.997304897251455, 14.997304897251455, 14.997304897251455, 14.997304897251455, 14.997304897251455, 14.997304897251455, 14.997304897251455, 14.997304897251455, 14.997304897251455, 14.997304897251455, 14.997304897251455, 14.997304897251455, 14.997304897251455, 14.997304897251455, 14.997304897251455, 14.997304897251455, 14.997304897251455, 14.997304897251455, 14.997304897251455, 14.997304897251455, 14.997304897251455, 14.997304897251455, 14.997304897251455, 14.997304897251455, 14.997304897251455, 14.997304897251455, 14.997304897251455, 14.997304897251455, 14.997304897251455, 14.997304897251455, 14.997304897251455, 14.997304897251455, 14.997304897251455, 14.997304897251455, 14.997304897251455, 14.997304897251455, 14.997304897251455, 14.997304897251455, 14.997304897251455, 14.997304897251455, 14.997304897251455, 14.997304897251455, 14.997304897251455, 14.997304897251455, 14.997304897251455, 14.997304897251455, 14.997304897251455, 14.997304897251455, 14.997304897251455, 14.997304897251455, 14.997304897251455, 14.997304897251455, 14.997304897251455, 14.997304897251455, 14.997304897251455, 14.997304897251455, 14.997304897251455, 14.997304897251455, 14.997304897251455, 14.997304897251455, 14.997304897251455) 

23 : 

x <- c(15.03560886659425, 15.03560886659425, 15.03560886659425, 15.03560886659425, 15.03560886659425, 15.03560886659425, 15.03560886659425, 15.03560886659425, 15.03560886659425, 15.03560886659425, 15.03560886659425, 15.03560886659425, 15.03560886659425, 15.03560886659425, 15.03560886659425, 15.03560886659425, 15.03560886659425, 15.03560886659425, 15.03560886659425, 15.03560886659425, 15.03560886659425, 15.03560886659425, 15.03560886659425, 15.03560886659425, 15.03560886659425, 15.03560886659425, 15.03560886659425, 15.03560886659425, 15.03560886659425, 15.03560886659425, 15.03560886659425, 15.03560886659425, 15.03560886659425, 15.03560886659425, 15.03560886659425, 15.03560886659425, 15.03560886659425, 15.03560886659425, 15.03560886659425, 15.03560886659425, 15.03560886659425, 15.03560886659425, 15.03560886659425, 15.03560886659425, 15.03560886659425, 15.03560886659425, 15.03560886659425, 15.03560886659425, 15.03560886659425, 15.03560886659425, 15.03560886659425, 15.03560886659425, 15.03560886659425, 15.03560886659425, 15.03560886659425, 15.03560886659425, 15.03560886659425, 15.03560886659425, 15.03560886659425, 15.03560886659425, 15.03560886659425, 15.03560886659425, 15.03560886659425, 15.03560886659425, 15.03560886659425, 15.03560886659425, 15.03560886659425, 15.03560886659425, 15.03560886659425, 15.03560886659425, 15.03560886659425, 15.03560886659425, 15.03560886659425, 15.03560886659425, 15.03560886659425, 15.03560886659425, 15.03560886659425, 15.03560886659425, 15.03560886659425, 15.03560886659425, 15.03560886659425, 15.03560886659425, 15.03560886659425, 15.03560886659425, 15.03560886659425, 15.03560886659425, 15.03560886659425, 15.03560886659425, 15.03560886659425, 15.03560886659425, 15.03560886659425, 15.03560886659425, 15.03560886659425, 15.03560886659425, 15.03560886659425, 15.03560886659425, 15.03560886659425, 15.03560886659425, 15.03560886659425, 15.03560886659425) 

24 : 

x <- c(14.99310157136794, 14.99310157136794, 14.99310157136794, 14.99310157136794, 14.99310157136794, 14.99310157136794, 14.99310157136794, 14.99310157136794, 14.99310157136794, 14.99310157136794, 14.99310157136794, 14.99310157136794, 14.99310157136794, 14.99310157136794, 14.99310157136794, 14.99310157136794, 14.99310157136794, 14.99310157136794, 14.99310157136794, 14.99310157136794, 14.99310157136794, 14.99310157136794, 14.99310157136794, 14.99310157136794, 14.99310157136794, 14.99310157136794, 14.99310157136794, 14.99310157136794, 14.99310157136794, 14.99310157136794, 14.99310157136794, 14.99310157136794, 14.99310157136794, 14.99310157136794, 14.99310157136794, 14.99310157136794, 14.99310157136794, 14.99310157136794, 14.99310157136794, 14.99310157136794, 14.99310157136794, 14.99310157136794, 14.99310157136794, 14.99310157136794, 14.99310157136794, 14.99310157136794, 14.99310157136794, 14.99310157136794, 14.99310157136794, 14.99310157136794, 14.99310157136794, 14.99310157136794, 14.99310157136794, 14.99310157136794, 14.99310157136794, 14.99310157136794, 14.99310157136794, 14.99310157136794, 14.99310157136794, 14.99310157136794, 14.99310157136794, 14.99310157136794, 14.99310157136794, 14.99310157136794, 14.99310157136794, 14.99310157136794, 14.99310157136794, 14.99310157136794, 14.99310157136794, 14.99310157136794, 14.99310157136794, 14.99310157136794, 14.99310157136794, 14.99310157136794, 14.99310157136794, 14.99310157136794, 14.99310157136794, 14.99310157136794, 14.99310157136794, 14.99310157136794, 14.99310157136794, 14.99310157136794, 14.99310157136794, 14.99310157136794, 14.99310157136794, 14.99310157136794, 14.99310157136794, 14.99310157136794, 14.99310157136794, 14.99310157136794, 14.99310157136794, 14.99310157136794, 14.99310157136794, 14.99310157136794, 14.99310157136794, 14.99310157136794, 14.99310157136794, 14.99310157136794, 14.99310157136794, 14.99310157136794) 

25 : 

x <- c(14.998774596678972, 14.998774596678972, 14.998774596678972, 14.998774596678972, 14.998774596678972, 14.998774596678972, 14.998774596678972, 14.998774596678972, 14.998774596678972, 14.998774596678972, 14.998774596678972, 14.998774596678972, 14.998774596678972, 14.998774596678972, 14.998774596678972, 14.998774596678972, 14.998774596678972, 14.998774596678972, 14.998774596678972, 14.998774596678972, 14.998774596678972, 14.998774596678972, 14.998774596678972, 14.998774596678972, 14.998774596678972, 14.998774596678972, 14.998774596678972, 14.998774596678972, 14.998774596678972, 14.998774596678972, 14.998774596678972, 14.998774596678972, 14.998774596678972, 14.998774596678972, 14.998774596678972, 14.998774596678972, 14.998774596678972, 14.998774596678972, 14.998774596678972, 14.998774596678972, 14.998774596678972, 14.998774596678972, 14.998774596678972, 14.998774596678972, 14.998774596678972, 14.998774596678972, 14.998774596678972, 14.998774596678972, 14.998774596678972, 14.998774596678972, 14.998774596678972, 14.998774596678972, 14.998774596678972, 14.998774596678972, 14.998774596678972, 14.998774596678972, 14.998774596678972, 14.998774596678972, 14.998774596678972, 14.998774596678972, 14.998774596678972, 14.998774596678972, 14.998774596678972, 14.998774596678972, 14.998774596678972, 14.998774596678972, 14.998774596678972, 14.998774596678972, 14.998774596678972, 14.998774596678972, 14.998774596678972, 14.998774596678972, 14.998774596678972, 14.998774596678972, 14.998774596678972, 14.998774596678972, 14.998774596678972, 14.998774596678972, 14.998774596678972, 14.998774596678972, 14.998774596678972, 14.998774596678972, 14.998774596678972, 14.998774596678972, 14.998774596678972, 14.998774596678972, 14.998774596678972, 14.998774596678972, 14.998774596678972, 14.998774596678972, 14.998774596678972, 14.998774596678972, 14.998774596678972, 14.998774596678972, 14.998774596678972, 14.998774596678972, 14.998774596678972, 14.998774596678972, 14.998774596678972, 14.998774596678972) 

26 : 

x <- c(14.994384188566869, 14.994384188566869, 14.994384188566869, 14.994384188566869, 14.994384188566869, 14.994384188566869, 14.994384188566869, 14.994384188566869, 14.994384188566869, 14.994384188566869, 14.994384188566869, 14.994384188566869, 14.994384188566869, 14.994384188566869, 14.994384188566869, 14.994384188566869, 14.994384188566869, 14.994384188566869, 14.994384188566869, 14.994384188566869, 14.994384188566869, 14.994384188566869, 14.994384188566869, 14.994384188566869, 14.994384188566869, 14.994384188566869, 14.994384188566869, 14.994384188566869, 14.994384188566869, 14.994384188566869, 14.994384188566869, 14.994384188566869, 14.994384188566869, 14.994384188566869, 14.994384188566869, 14.994384188566869, 14.994384188566869, 14.994384188566869, 14.994384188566869, 14.994384188566869, 14.994384188566869, 14.994384188566869, 14.994384188566869, 14.994384188566869, 14.994384188566869, 14.994384188566869, 14.994384188566869, 14.994384188566869, 14.994384188566869, 14.994384188566869, 14.994384188566869, 14.994384188566869, 14.994384188566869, 14.994384188566869, 14.994384188566869, 14.994384188566869, 14.994384188566869, 14.994384188566869, 14.994384188566869, 14.994384188566869, 14.994384188566869, 14.994384188566869, 14.994384188566869, 14.994384188566869, 14.994384188566869, 14.994384188566869, 14.994384188566869, 14.994384188566869, 14.994384188566869, 14.994384188566869, 14.994384188566869, 14.994384188566869, 14.994384188566869, 14.994384188566869, 14.994384188566869, 14.994384188566869, 14.994384188566869, 14.994384188566869, 14.994384188566869, 14.994384188566869, 14.994384188566869, 14.994384188566869, 14.994384188566869, 14.994384188566869, 14.994384188566869, 14.994384188566869, 14.994384188566869, 14.994384188566869, 14.994384188566869, 14.994384188566869, 14.994384188566869, 14.994384188566869, 14.994384188566869, 14.994384188566869, 14.994384188566869, 14.994384188566869, 14.994384188566869, 14.994384188566869, 14.994384188566869, 14.994384188566869) 

27 : 

x <- c(14.993050622066113, 14.993050622066113, 14.993050622066113, 14.993050622066113, 14.993050622066113, 14.993050622066113, 14.993050622066113, 14.993050622066113, 14.993050622066113, 14.993050622066113, 14.993050622066113, 14.993050622066113, 14.993050622066113, 14.993050622066113, 14.993050622066113, 14.993050622066113, 14.993050622066113, 14.993050622066113, 14.993050622066113, 14.993050622066113, 14.993050622066113, 14.993050622066113, 14.993050622066113, 14.993050622066113, 14.993050622066113, 14.993050622066113, 14.993050622066113, 14.993050622066113, 14.993050622066113, 14.993050622066113, 14.993050622066113, 14.993050622066113, 14.993050622066113, 14.993050622066113, 14.993050622066113, 14.993050622066113, 14.993050622066113, 14.993050622066113, 14.993050622066113, 14.993050622066113, 14.993050622066113, 14.993050622066113, 14.993050622066113, 14.993050622066113, 14.993050622066113, 14.993050622066113, 14.993050622066113, 14.993050622066113, 14.993050622066113, 14.993050622066113, 14.993050622066113, 14.993050622066113, 14.993050622066113, 14.993050622066113, 14.993050622066113, 14.993050622066113, 14.993050622066113, 14.993050622066113, 14.993050622066113, 14.993050622066113, 14.993050622066113, 14.993050622066113, 14.993050622066113, 14.993050622066113, 14.993050622066113, 14.993050622066113, 14.993050622066113, 14.993050622066113, 14.993050622066113, 14.993050622066113, 14.993050622066113, 14.993050622066113, 14.993050622066113, 14.993050622066113, 14.993050622066113, 14.993050622066113, 14.993050622066113, 14.993050622066113, 14.993050622066113, 14.993050622066113, 14.993050622066113, 14.993050622066113, 14.993050622066113, 14.993050622066113, 14.993050622066113, 14.993050622066113, 14.993050622066113, 14.993050622066113, 14.993050622066113, 14.993050622066113, 14.993050622066113, 14.993050622066113, 14.993050622066113, 14.993050622066113, 14.993050622066113, 14.993050622066113, 14.993050622066113, 14.993050622066113, 14.993050622066113, 14.993050622066113) 

28 : 

x <- c(14.993641242185067, 14.993641242185067, 14.993641242185067, 14.993641242185067, 14.993641242185067, 14.993641242185067, 14.993641242185067, 14.993641242185067, 14.993641242185067, 14.993641242185067, 14.993641242185067, 14.993641242185067, 14.993641242185067, 14.993641242185067, 14.993641242185067, 14.993641242185067, 14.993641242185067, 14.993641242185067, 14.993641242185067, 14.993641242185067, 14.993641242185067, 14.993641242185067, 14.993641242185067, 14.993641242185067, 14.993641242185067, 14.993641242185067, 14.993641242185067, 14.993641242185067, 14.993641242185067, 14.993641242185067, 14.993641242185067, 14.993641242185067, 14.993641242185067, 14.993641242185067, 14.993641242185067, 14.993641242185067, 14.993641242185067, 14.993641242185067, 14.993641242185067, 14.993641242185067, 14.993641242185067, 14.993641242185067, 14.993641242185067, 14.993641242185067, 14.993641242185067, 14.993641242185067, 14.993641242185067, 14.993641242185067, 14.993641242185067, 14.993641242185067, 14.993641242185067, 14.993641242185067, 14.993641242185067, 14.993641242185067, 14.993641242185067, 14.993641242185067, 14.993641242185067, 14.993641242185067, 14.993641242185067, 14.993641242185067, 14.993641242185067, 14.993641242185067, 14.993641242185067, 14.993641242185067, 14.993641242185067, 14.993641242185067, 14.993641242185067, 14.993641242185067, 14.993641242185067, 14.993641242185067, 14.993641242185067, 14.993641242185067, 14.993641242185067, 14.993641242185067, 14.993641242185067, 14.993641242185067, 14.993641242185067, 14.993641242185067, 14.993641242185067, 14.993641242185067, 14.993641242185067, 14.993641242185067, 14.993641242185067, 14.993641242185067, 14.993641242185067, 14.993641242185067, 14.993641242185067, 14.993641242185067, 14.993641242185067, 14.993641242185067, 14.993641242185067, 14.993641242185067, 14.993641242185067, 14.993641242185067, 14.993641242185067, 14.993641242185067, 14.993641242185067, 14.993641242185067, 14.993641242185067, 14.993641242185067) 

29 : 

x <- c(14.998701537713648, 14.998701537713648, 14.998701537713648, 14.998701537713648, 14.998701537713648, 14.998701537713648, 14.998701537713648, 14.998701537713648, 14.998701537713648, 14.998701537713648, 14.998701537713648, 14.998701537713648, 14.998701537713648, 14.998701537713648, 14.998701537713648, 14.998701537713648, 14.998701537713648, 14.998701537713648, 14.998701537713648, 14.998701537713648, 14.998701537713648, 14.998701537713648, 14.998701537713648, 14.998701537713648, 14.998701537713648, 14.998701537713648, 14.998701537713648, 14.998701537713648, 14.998701537713648, 14.998701537713648, 14.998701537713648, 14.998701537713648, 14.998701537713648, 14.998701537713648, 14.998701537713648, 14.998701537713648, 14.998701537713648, 14.998701537713648, 14.998701537713648, 14.998701537713648, 14.998701537713648, 14.998701537713648, 14.998701537713648, 14.998701537713648, 14.998701537713648, 14.998701537713648, 14.998701537713648, 14.998701537713648, 14.998701537713648, 14.998701537713648, 14.998701537713648, 14.998701537713648, 14.998701537713648, 14.998701537713648, 14.998701537713648, 14.998701537713648, 14.998701537713648, 14.998701537713648, 14.998701537713648, 14.998701537713648, 14.998701537713648, 14.998701537713648, 14.998701537713648, 14.998701537713648, 14.998701537713648, 14.998701537713648, 14.998701537713648, 14.998701537713648, 14.998701537713648, 14.998701537713648, 14.998701537713648, 14.998701537713648, 14.998701537713648, 14.998701537713648, 14.998701537713648, 14.998701537713648, 14.998701537713648, 14.998701537713648, 14.998701537713648, 14.998701537713648, 14.998701537713648, 14.998701537713648, 14.998701537713648, 14.998701537713648, 14.998701537713648, 14.998701537713648, 14.998701537713648, 14.998701537713648, 14.998701537713648, 14.998701537713648, 14.998701537713648, 14.998701537713648, 14.998701537713648, 14.998701537713648, 14.998701537713648, 14.998701537713648, 14.998701537713648, 14.998701537713648, 14.998701537713648, 14.998701537713648) 

30 : 

x <- c(15.012407597888215, 15.012407597888215, 15.012407597888215, 15.012407597888215, 15.012407597888215, 15.012407597888215, 15.012407597888215, 15.012407597888215, 15.012407597888215, 15.012407597888215, 15.012407597888215, 15.012407597888215, 15.012407597888215, 15.012407597888215, 15.012407597888215, 15.012407597888215, 15.012407597888215, 15.012407597888215, 15.012407597888215, 15.012407597888215, 15.012407597888215, 15.012407597888215, 15.012407597888215, 15.012407597888215, 15.012407597888215, 15.012407597888215, 15.012407597888215, 15.012407597888215, 15.012407597888215, 15.012407597888215, 15.012407597888215, 15.012407597888215, 15.012407597888215, 15.012407597888215, 15.012407597888215, 15.012407597888215, 15.012407597888215, 15.012407597888215, 15.012407597888215, 15.012407597888215, 15.012407597888215, 15.012407597888215, 15.012407597888215, 15.012407597888215, 15.012407597888215, 15.012407597888215, 15.012407597888215, 15.012407597888215, 15.012407597888215, 15.012407597888215, 15.012407597888215, 15.012407597888215, 15.012407597888215, 15.012407597888215, 15.012407597888215, 15.012407597888215, 15.012407597888215, 15.012407597888215, 15.012407597888215, 15.012407597888215, 15.012407597888215, 15.012407597888215, 15.012407597888215, 15.012407597888215, 15.012407597888215, 15.012407597888215, 15.012407597888215, 15.012407597888215, 15.012407597888215, 15.012407597888215, 15.012407597888215, 15.012407597888215, 15.012407597888215, 15.012407597888215, 15.012407597888215, 15.012407597888215, 15.012407597888215, 15.012407597888215, 15.012407597888215, 15.012407597888215, 15.012407597888215, 15.012407597888215, 15.012407597888215, 15.012407597888215, 15.012407597888215, 15.012407597888215, 15.012407597888215, 15.012407597888215, 15.012407597888215, 15.012407597888215, 15.012407597888215, 15.012407597888215, 15.012407597888215, 15.012407597888215, 15.012407597888215, 15.012407597888215, 15.012407597888215, 15.012407597888215, 15.012407597888215, 15.012407597888215) 



