med: 26523.48261776113/desvio: 225.81535003861043


Funcoes: 

1 : Expressao: (X1)
2 : Expressao: ((Tan[(Sin[(X1*0.872122671363627)])]))
3 : Expressao: ((X1+0.0018566938813353584))
4 : Expressao: (X1)
5 : Expressao: (X1)
6 : Expressao: (X1)
7 : Expressao: (X1)
8 : Expressao: (X1)
9 : Expressao: (X1)
10 : Expressao: ((0.8351371903378056-((X0*0.08073355054379816)-(X1-0.8498024849171861))))
11 : Expressao: ((X1*0.9249651441729947))
12 : Expressao: (X1)
13 : Expressao: (X1)
14 : Expressao: ((X1*0.9389927737595648))
15 : Expressao: (X1)
16 : Expressao: (X1)
17 : Expressao: (X1)
18 : Expressao: (X1)
19 : Expressao: (X1)
20 : Expressao: (X1)
21 : Expressao: (X1)
22 : Expressao: (((0.5117730380923973+X1)+-0.5033457947765742))
23 : Expressao: (X1)
24 : Expressao: (X1)
25 : Expressao: (X1)
26 : Expressao: (X1)
27 : Expressao: ((0.9840981429175355*X1))
28 : Expressao: (X1)
29 : Expressao: (X1)
30 : Expressao: (X1)
Erros: 

1 : 

x <- c(8.70489E7, 2.1049744E9, 1.3053769E9, 4.94209E7, 9.998244E8, 1.1082241E9, 5.308416E8, 1.0725625E9, 6100900.0, 5.673924E8, 7.95664E7, 4.734976E8, 3.606201E8, 1.1999296E9, 1.6443025E9, 3.89376E7, 2.6368225E9, 6.806881E8, 1.962801E8, 5.262436E8, 2.244004E8, 1.896129E8, 9.35089E7, 2.663424E8, 3.048516E8, 9.126441E8, 8.779369E8, 4.293184E8, 1.2845056E9, 8.844676E8, 4.613904E8, 4.5796E8, 3.444736E8, 4.511376E8, 1.075369E8, 2.742336E8, 1.014049E8, 1.6008001E9, 1.0297681E9, 6.98896E7, 8.667136E8, 9.431041E8, 1.879641E8, 9.096256E8, 1.737124E8, 1.1909401E9, 9610000.0, 3.24E8, 8.87364E7, 8.862529E8, 1.0923025E9, 4.95616E7, 1.1553201E9, 5.621641E8, 3.790809E8, 1.7397241E9, 4.950625E8, 1.11556E9, 3.51649E7, 6.492304E8, 2.782224E8, 2.2259524E9, 1.4531344E9, 7398400.0, 1.9377604E9, 1.59201E9, 1.674436E8, 1.9421649E9, 2.292196E8, 1.38384E9, 2.34256E7, 2.839225E8, 1.648656E8, 1.6573041E9, 1.7598025E9, 4243600.0, 2.1613201E9, 1.4531344E9, 1.669264E8, 7.080921E8, 8.06404E7, 6.066369E8, 1.27449E7, 1.503076E8, 6.285049E8, 8.433216E8, 2.0930625E9, 3.88129E7, 2.1261321E9, 7.745089E8, 1.179396E8, 2.719201E8, 4.756761E8, 8.2944E8, 3.38724E7, 3.790809E8, 1.183744E8, 9.928801E8) 

2 : 

x <- c(1.5027718819215205E8, 2.416108279827451E9, 1.439382042782696E9, 1.2334004948623605E9, 5.715279655118084E7, 8.057306175632236E8, 4.3317420174123293E8, 1.2985283666354074E9, 846371.4489460111, 4.898316990184714E8, 1.474382856817361E8, 3.594684103255038E8, 4.893651907113381E8, 1.4143678732578673E9, 1.8247914115430546E9, 2.039987016518799E9, 1793949.3071673885, 5.995308174096884E8, 1.27510462071126E8, 6.878222814423239E8, 2.8932865628962016E8, 1.5109457931766826E8, 5.980849957067111E7, 1.8591337928437784E8, 4.3052637864157844E8, 1.0766654233912342E9, 1.0251672996500016E9, 2.007205040129939E9, 5.371038011739649E8, 4.4437891725424385E8, 3.9801356183524376E8, 5.96144248054441E8, 4.037408597547549E8, 3.2572437116931677E8, 7.55426338493066E7, 1.9873706964188874E8, 1.7817901501306623E8, 1.8424048276204724E9, 1.2887243971953313E9, 7.311230086908228E8, 4.017537801558125E7, 8.082507069608722E8, 1.2169150440786603E8, 1.1181616358741062E9, 2.1584728732564297E8, 1.0510558029401946E9, 12979.855743191376, 2.2106214514699075E8, 1.547141092892261E8, 1.0928685489581997E9, 1.2063266551056187E9, 2.575059094437701E8, 3.562179387968495E8, 4.963460334360527E8, 2.7258809564800763E8, 2.0095492591997938E9, 5.622987589589913E8, 7.879491922126565E8, 1.4194016398005564E7, 5.224031808800182E8, 3.904766454241726E8, 2.5315215585648723E9, 1.849968045455732E9, 2.8555334197266564E9, 1.4027323611329174E8, 1.3140702306318E9, 1.0012681019759947E8, 2.2426810085039372E9, 2.8557803676558346E8, 9.42862301421815E8, 6517753.464276915, 2.0141572626680112E8, 2.6013052558028275E8, 1.903653968418542E9, 2.1127969670192208E9, 3.1290888517270694E9, 1.2860783445323157E8, 1.2199537022642884E9, 1.0011156992966639E8, 8.939313892088989E8, 1.183479421713296E8, 5.380095431722571E8, 300081.2648068253, 8.253865280626875E7, 7.995625003161442E8, 9.886355218285302E8, 2.3484444303324933E9, 2.1845425176913276E9, 1.9892549855224323E7, 6.8521158271259E8, 6.503213557963448E7, 3.901833881898771E8, 5.852976801379566E8, 7.38726020378536E8, 7.572543706717671E7, 2.888580605594935E8, 2.0072728586591497E8, 1.1934112776702714E9) 

3 : 

x <- c(8.497580112617777E7, 2.094731060010383E9, 1.2973130360946279E9, 4.7861933946050756E7, 1.0069051006799852E9, 1.115678105814414E9, 5.3600436172585434E8, 1.0652541878038272E9, 6665526.028130672, 5.727295198125963E8, 7.758495088972123E7, 4.7837423563479775E8, 3.5638764328271466E8, 1.1921988047474976E9, 1.6352506069364393E9, 3.755522739287632E7, 2.6483135661304517E9, 6.865326465522093E8, 1.9942433156783715E8, 5.2112817604858637E8, 2.2106432267736134E8, 1.9270348292576352E8, 9.568298529033922E7, 2.700029997477957E8, 3.0096115337593395E8, 9.059035692657729E8, 8.713260201507843E8, 4.246992259877697E8, 1.2925296226364458E9, 8.911280529837421E8, 4.6620444555237854E8, 4.5318882150189203E8, 3.4033726376643205E8, 4.558979969103024E8, 1.0986746049638727E8, 2.7794784838986933E8, 9.916638447978412E7, 1.5918689163811002E9, 1.0226073215695333E9, 7.177085311901973E7, 8.733069921811501E8, 9.499813829121264E8, 1.9104127076524514E8, 9.02896246066205E8, 1.7077868749291348E8, 1.1986668197449546E9, 1.031545371357392E7, 3.2803614024231106E8, 8.664318288540016E7, 8.796107251095747E8, 1.084927127001239E9, 4.800039858596355E7, 1.1629305810204659E9, 5.674766308516458E8, 3.83445638175012E8, 1.730412905166412E9, 4.9010131589455056E8, 1.1230385947753682E9, 3.650296061802533E7, 6.549385895869389E8, 2.745063114626732E8, 2.2154184631991563E9, 1.4446256994374344E9, 6802874.143288981, 1.9476129471871207E9, 1.6009415788315241E9, 1.7034864803859228E8, 1.9323261601860216E9, 2.258477569159807E8, 1.3921680316081963E9, 2.452000636860765E7, 2.87701573832375E8, 1.620078897358511E8, 1.6482164411750522E9, 1.7504376565243433E9, 3795607.908991354, 2.1717247811284614E9, 1.461668084736145E9, 1.6982697731841946E8, 7.021562988968804E8, 7.864553872920284E7, 6.121550839795947E8, 1.3555415637634756E7, 1.5306064355271703E8, 6.22913344350183E8, 8.368426063958819E8, 2.0828482196915061E9, 4.021802142061736E7, 2.1364518374451783E9, 7.80742399207243E8, 1.2037969314062092E8, 2.6824648330431673E8, 4.708132717383522E8, 8.358903291356205E8, 3.2583912516505107E7, 3.83445638175012E8, 1.1595482031278566E8, 9.858489724545408E8) 

4 : 

x <- c(8.70489E7, 2.1049744E9, 1.3053769E9, 4.94209E7, 9.998244E8, 1.1082241E9, 5.308416E8, 1.0725625E9, 6100900.0, 5.673924E8, 7.95664E7, 4.734976E8, 3.606201E8, 1.1999296E9, 1.6443025E9, 3.89376E7, 2.6368225E9, 6.806881E8, 1.962801E8, 5.262436E8, 2.244004E8, 1.896129E8, 9.35089E7, 2.663424E8, 3.048516E8, 9.126441E8, 8.779369E8, 4.293184E8, 1.2845056E9, 8.844676E8, 4.613904E8, 4.5796E8, 3.444736E8, 4.511376E8, 1.075369E8, 2.742336E8, 1.014049E8, 1.6008001E9, 1.0297681E9, 6.98896E7, 8.667136E8, 9.431041E8, 1.879641E8, 9.096256E8, 1.737124E8, 1.1909401E9, 9610000.0, 3.24E8, 8.87364E7, 8.862529E8, 1.0923025E9, 4.95616E7, 1.1553201E9, 5.621641E8, 3.790809E8, 1.7397241E9, 4.950625E8, 1.11556E9, 3.51649E7, 6.492304E8, 2.782224E8, 2.2259524E9, 1.4531344E9, 7398400.0, 1.9377604E9, 1.59201E9, 1.674436E8, 1.9421649E9, 2.292196E8, 1.38384E9, 2.34256E7, 2.839225E8, 1.648656E8, 1.6573041E9, 1.7598025E9, 4243600.0, 2.1613201E9, 1.4531344E9, 1.669264E8, 7.080921E8, 8.06404E7, 6.066369E8, 1.27449E7, 1.503076E8, 6.285049E8, 8.433216E8, 2.0930625E9, 3.88129E7, 2.1261321E9, 7.745089E8, 1.179396E8, 2.719201E8, 4.756761E8, 8.2944E8, 3.38724E7, 3.790809E8, 1.183744E8, 9.928801E8) 

5 : 

x <- c(8.70489E7, 2.1049744E9, 1.3053769E9, 4.94209E7, 9.998244E8, 1.1082241E9, 5.308416E8, 1.0725625E9, 6100900.0, 5.673924E8, 7.95664E7, 4.734976E8, 3.606201E8, 1.1999296E9, 1.6443025E9, 3.89376E7, 2.6368225E9, 6.806881E8, 1.962801E8, 5.262436E8, 2.244004E8, 1.896129E8, 9.35089E7, 2.663424E8, 3.048516E8, 9.126441E8, 8.779369E8, 4.293184E8, 1.2845056E9, 8.844676E8, 4.613904E8, 4.5796E8, 3.444736E8, 4.511376E8, 1.075369E8, 2.742336E8, 1.014049E8, 1.6008001E9, 1.0297681E9, 6.98896E7, 8.667136E8, 9.431041E8, 1.879641E8, 9.096256E8, 1.737124E8, 1.1909401E9, 9610000.0, 3.24E8, 8.87364E7, 8.862529E8, 1.0923025E9, 4.95616E7, 1.1553201E9, 5.621641E8, 3.790809E8, 1.7397241E9, 4.950625E8, 1.11556E9, 3.51649E7, 6.492304E8, 2.782224E8, 2.2259524E9, 1.4531344E9, 7398400.0, 1.9377604E9, 1.59201E9, 1.674436E8, 1.9421649E9, 2.292196E8, 1.38384E9, 2.34256E7, 2.839225E8, 1.648656E8, 1.6573041E9, 1.7598025E9, 4243600.0, 2.1613201E9, 1.4531344E9, 1.669264E8, 7.080921E8, 8.06404E7, 6.066369E8, 1.27449E7, 1.503076E8, 6.285049E8, 8.433216E8, 2.0930625E9, 3.88129E7, 2.1261321E9, 7.745089E8, 1.179396E8, 2.719201E8, 4.756761E8, 8.2944E8, 3.38724E7, 3.790809E8, 1.183744E8, 9.928801E8) 

6 : 

x <- c(8.70489E7, 2.1049744E9, 1.3053769E9, 4.94209E7, 9.998244E8, 1.1082241E9, 5.308416E8, 1.0725625E9, 6100900.0, 5.673924E8, 7.95664E7, 4.734976E8, 3.606201E8, 1.1999296E9, 1.6443025E9, 3.89376E7, 2.6368225E9, 6.806881E8, 1.962801E8, 5.262436E8, 2.244004E8, 1.896129E8, 9.35089E7, 2.663424E8, 3.048516E8, 9.126441E8, 8.779369E8, 4.293184E8, 1.2845056E9, 8.844676E8, 4.613904E8, 4.5796E8, 3.444736E8, 4.511376E8, 1.075369E8, 2.742336E8, 1.014049E8, 1.6008001E9, 1.0297681E9, 6.98896E7, 8.667136E8, 9.431041E8, 1.879641E8, 9.096256E8, 1.737124E8, 1.1909401E9, 9610000.0, 3.24E8, 8.87364E7, 8.862529E8, 1.0923025E9, 4.95616E7, 1.1553201E9, 5.621641E8, 3.790809E8, 1.7397241E9, 4.950625E8, 1.11556E9, 3.51649E7, 6.492304E8, 2.782224E8, 2.2259524E9, 1.4531344E9, 7398400.0, 1.9377604E9, 1.59201E9, 1.674436E8, 1.9421649E9, 2.292196E8, 1.38384E9, 2.34256E7, 2.839225E8, 1.648656E8, 1.6573041E9, 1.7598025E9, 4243600.0, 2.1613201E9, 1.4531344E9, 1.669264E8, 7.080921E8, 8.06404E7, 6.066369E8, 1.27449E7, 1.503076E8, 6.285049E8, 8.433216E8, 2.0930625E9, 3.88129E7, 2.1261321E9, 7.745089E8, 1.179396E8, 2.719201E8, 4.756761E8, 8.2944E8, 3.38724E7, 3.790809E8, 1.183744E8, 9.928801E8) 

7 : 

x <- c(8.70489E7, 2.1049744E9, 1.3053769E9, 4.94209E7, 9.998244E8, 1.1082241E9, 5.308416E8, 1.0725625E9, 6100900.0, 5.673924E8, 7.95664E7, 4.734976E8, 3.606201E8, 1.1999296E9, 1.6443025E9, 3.89376E7, 2.6368225E9, 6.806881E8, 1.962801E8, 5.262436E8, 2.244004E8, 1.896129E8, 9.35089E7, 2.663424E8, 3.048516E8, 9.126441E8, 8.779369E8, 4.293184E8, 1.2845056E9, 8.844676E8, 4.613904E8, 4.5796E8, 3.444736E8, 4.511376E8, 1.075369E8, 2.742336E8, 1.014049E8, 1.6008001E9, 1.0297681E9, 6.98896E7, 8.667136E8, 9.431041E8, 1.879641E8, 9.096256E8, 1.737124E8, 1.1909401E9, 9610000.0, 3.24E8, 8.87364E7, 8.862529E8, 1.0923025E9, 4.95616E7, 1.1553201E9, 5.621641E8, 3.790809E8, 1.7397241E9, 4.950625E8, 1.11556E9, 3.51649E7, 6.492304E8, 2.782224E8, 2.2259524E9, 1.4531344E9, 7398400.0, 1.9377604E9, 1.59201E9, 1.674436E8, 1.9421649E9, 2.292196E8, 1.38384E9, 2.34256E7, 2.839225E8, 1.648656E8, 1.6573041E9, 1.7598025E9, 4243600.0, 2.1613201E9, 1.4531344E9, 1.669264E8, 7.080921E8, 8.06404E7, 6.066369E8, 1.27449E7, 1.503076E8, 6.285049E8, 8.433216E8, 2.0930625E9, 3.88129E7, 2.1261321E9, 7.745089E8, 1.179396E8, 2.719201E8, 4.756761E8, 8.2944E8, 3.38724E7, 3.790809E8, 1.183744E8, 9.928801E8) 

8 : 

x <- c(8.70489E7, 2.1049744E9, 1.3053769E9, 4.94209E7, 9.998244E8, 1.1082241E9, 5.308416E8, 1.0725625E9, 6100900.0, 5.673924E8, 7.95664E7, 4.734976E8, 3.606201E8, 1.1999296E9, 1.6443025E9, 3.89376E7, 2.6368225E9, 6.806881E8, 1.962801E8, 5.262436E8, 2.244004E8, 1.896129E8, 9.35089E7, 2.663424E8, 3.048516E8, 9.126441E8, 8.779369E8, 4.293184E8, 1.2845056E9, 8.844676E8, 4.613904E8, 4.5796E8, 3.444736E8, 4.511376E8, 1.075369E8, 2.742336E8, 1.014049E8, 1.6008001E9, 1.0297681E9, 6.98896E7, 8.667136E8, 9.431041E8, 1.879641E8, 9.096256E8, 1.737124E8, 1.1909401E9, 9610000.0, 3.24E8, 8.87364E7, 8.862529E8, 1.0923025E9, 4.95616E7, 1.1553201E9, 5.621641E8, 3.790809E8, 1.7397241E9, 4.950625E8, 1.11556E9, 3.51649E7, 6.492304E8, 2.782224E8, 2.2259524E9, 1.4531344E9, 7398400.0, 1.9377604E9, 1.59201E9, 1.674436E8, 1.9421649E9, 2.292196E8, 1.38384E9, 2.34256E7, 2.839225E8, 1.648656E8, 1.6573041E9, 1.7598025E9, 4243600.0, 2.1613201E9, 1.4531344E9, 1.669264E8, 7.080921E8, 8.06404E7, 6.066369E8, 1.27449E7, 1.503076E8, 6.285049E8, 8.433216E8, 2.0930625E9, 3.88129E7, 2.1261321E9, 7.745089E8, 1.179396E8, 2.719201E8, 4.756761E8, 8.2944E8, 3.38724E7, 3.790809E8, 1.183744E8, 9.928801E8) 

9 : 

x <- c(8.70489E7, 2.1049744E9, 1.3053769E9, 4.94209E7, 9.998244E8, 1.1082241E9, 5.308416E8, 1.0725625E9, 6100900.0, 5.673924E8, 7.95664E7, 4.734976E8, 3.606201E8, 1.1999296E9, 1.6443025E9, 3.89376E7, 2.6368225E9, 6.806881E8, 1.962801E8, 5.262436E8, 2.244004E8, 1.896129E8, 9.35089E7, 2.663424E8, 3.048516E8, 9.126441E8, 8.779369E8, 4.293184E8, 1.2845056E9, 8.844676E8, 4.613904E8, 4.5796E8, 3.444736E8, 4.511376E8, 1.075369E8, 2.742336E8, 1.014049E8, 1.6008001E9, 1.0297681E9, 6.98896E7, 8.667136E8, 9.431041E8, 1.879641E8, 9.096256E8, 1.737124E8, 1.1909401E9, 9610000.0, 3.24E8, 8.87364E7, 8.862529E8, 1.0923025E9, 4.95616E7, 1.1553201E9, 5.621641E8, 3.790809E8, 1.7397241E9, 4.950625E8, 1.11556E9, 3.51649E7, 6.492304E8, 2.782224E8, 2.2259524E9, 1.4531344E9, 7398400.0, 1.9377604E9, 1.59201E9, 1.674436E8, 1.9421649E9, 2.292196E8, 1.38384E9, 2.34256E7, 2.839225E8, 1.648656E8, 1.6573041E9, 1.7598025E9, 4243600.0, 2.1613201E9, 1.4531344E9, 1.669264E8, 7.080921E8, 8.06404E7, 6.066369E8, 1.27449E7, 1.503076E8, 6.285049E8, 8.433216E8, 2.0930625E9, 3.88129E7, 2.1261321E9, 7.745089E8, 1.179396E8, 2.719201E8, 4.756761E8, 8.2944E8, 3.38724E7, 3.790809E8, 1.183744E8, 9.928801E8) 

10 : 

x <- c(2.0443961380560625E8, 2.4031609178569736E9, 1.6020237795211089E9, 2.1401772192271948E8, 4.4536835988264966E8, 4.931151145823607E8, 2.1051079888965443E8, 1.4894497381310668E9, 2290043.0520704137, 2.955885000310543E8, 2.3555805682548508E8, 2.9774097606207573E8, 5.863648121594034E8, 1.4522355754529064E9, 2.0749244748663173E9, 1.9706401445617697E8, 1.6223418893172936E9, 2.1067152559067786E8, 4.3298978181152396E7, 7.98823496699244E8, 3.675804890654481E8, 5.9684642498862274E7, 5837998.508486507, 1.0358956777416003E8, 5.208167784675347E8, 1.1733254850518863E9, 1.230848237627051E9, 8.186698536247308E8, 6.53081411115108E8, 3.162229395224653E8, 1.5416075212875447E8, 7.875227285731488E8, 5.517180269143485E8, 2.1268206918967262E8, 4907149.246170139, 1.0241418216048665E8, 2.4563678032273188E8, 1.9603514463769424E9, 1.3815228974414124E9, 2601.769349406527, 3.4374153399410766E8, 4.196434349233727E8, 3.4362998460348725E7, 1.2622868571892567E9, 3.0421706988298845E8, 7.735772397182661E8, 2.172316523420374E7, 1.6965852291899782E8, 2.0006469673474863E8, 1.0917221466609552E9, 1.3750546219291306E9, 1.815801189347783E8, 6.193423321997474E8, 1.9707176701591462E8, 1.5731075904750487E8, 2.183080679420788E9, 6.600565992760478E8, 7.070832440121278E8, 7157147.628995872, 3.83032495708896E8, 4.888536054942571E8, 2.5556000639245915E9, 1.8352295118247433E9, 1.2653072559094903E8, 1.0506576288984501E9, 7.881637421706135E8, 2.179157751073334E7, 2.412832004150665E9, 3.6656526525107425E8, 8.783030591084255E8, 1.5571924153264295E7, 1.2248203796025878E8, 3.32409079396076E8, 2.0018223094447546E9, 2.21072502411384E9, 1.0847244541747375E8, 1.2074385827999933E9, 6.870640087527446E8, 2.270721322664333E7, 1.0040804455527058E9, 1.6936812512175378E8, 3.403113359242659E8, 1.1138626038440252E7, 5.3890417974597156E7, 8.82135851167197E8, 1.0680463599969738E9, 2.6434990041193104E9, 3166516.9878768064, 1.1838395210809302E9, 2.765548743735938E8, 1.1441733211294813E7, 4.717854276987028E8, 6.845473512010307E8, 5.342961950469404E8, 1.7598545069709036E8, 2.0589883618264666E8, 2.712837546192314E8, 1.2622964524306095E9) 

11 : 

x <- c(1.3063946935426609E8, 2.3697265927873626E9, 1.7954234026313648E9, 2.5547055139621574E8, 4.901379243648621E8, 6.854793694237963E8, 3.396490978429958E8, 1.2696127453352683E9, 8231259.47887624, 3.4843146244745195E8, 1.5095441605033186E8, 3.141521675768755E8, 4.5765630963571376E8, 1.479772803658727E9, 2.2068406497319736E9, 2.4679423345837083E8, 1.714961738499473E9, 4.002054812043943E8, 9.766965201566619E7, 6.768304822711159E8, 3.9114023079420227E8, 6.160228565123238E7, 2.2866972361303877E7, 1.478055205487315E8, 4.1607439686591977E8, 1.187354477887349E9, 1.3064475323475306E9, 8.67779427692145E8, 6.526584905531071E8, 4.900215724863701E8, 2.5946661701033488E8, 6.330398806915902E8, 5.724548977137105E8, 2.0970872640823486E8, 2.709268815219801E7, 1.4818619342533806E8, 1.746163404160568E8, 1.9280748065132635E9, 1.5203755344421937E9, 902237.3116133551, 4.308708861654604E8, 5.874057905872508E8, 9.102641125823276E7, 1.1089230263065197E9, 3.453482242502826E8, 7.905934385665809E8, 494284.45411017636, 2.0821203987420532E8, 1.3548536786404252E8, 1.0690706954645097E9, 1.4600372821849973E9, 2.1551227067319492E8, 6.667456494394927E8, 3.273151512622019E8, 2.4432596033067572E8, 1.9437642431086175E9, 7.704979916949142E8, 6.876262648386046E8, 1584559.9536371871, 4.517218784095768E8, 3.607857925029917E8, 2.5751507836675506E9, 2.0453990373443391E9, 1.609451692284782E8, 1.145787869732914E9, 1.0911475641363537E9, 8.219985505445041E7, 2.2064284758411674E9, 4.557977979628227E8, 8.912942030314313E8, 81708.75290784304, 1.6025068942076376E8, 2.485871433597567E8, 1.9891683934173515E9, 2.3906978563779836E9, 1.4768265541079202E8, 1.3135516362039177E9, 9.83532603218258E8, 8.13902060604293E7, 8.725464710312388E8, 1.9336501905420706E8, 3.621641888222862E8, 32862.29817204778, 7.702861667086527E7, 7.636090978369861E8, 1.1212185497398765E9, 2.742995432347709E9, 1.4641785022402251E7, 1.333784069411889E9, 4.709275767132814E8, 4.649993173802034E7, 3.8872206066527665E8, 6.902894664469292E8, 5.1529587474890834E8, 9.523548029881448E7, 2.278418286865992E8, 1.9029211951208115E8, 1.2419295048886676E9) 

12 : 

x <- c(8.70489E7, 2.1049744E9, 1.3053769E9, 4.94209E7, 9.998244E8, 1.1082241E9, 5.308416E8, 1.0725625E9, 6100900.0, 5.673924E8, 7.95664E7, 4.734976E8, 3.606201E8, 1.1999296E9, 1.6443025E9, 3.89376E7, 2.6368225E9, 6.806881E8, 1.962801E8, 5.262436E8, 2.244004E8, 1.896129E8, 9.35089E7, 2.663424E8, 3.048516E8, 9.126441E8, 8.779369E8, 4.293184E8, 1.2845056E9, 8.844676E8, 4.613904E8, 4.5796E8, 3.444736E8, 4.511376E8, 1.075369E8, 2.742336E8, 1.014049E8, 1.6008001E9, 1.0297681E9, 6.98896E7, 8.667136E8, 9.431041E8, 1.879641E8, 9.096256E8, 1.737124E8, 1.1909401E9, 9610000.0, 3.24E8, 8.87364E7, 8.862529E8, 1.0923025E9, 4.95616E7, 1.1553201E9, 5.621641E8, 3.790809E8, 1.7397241E9, 4.950625E8, 1.11556E9, 3.51649E7, 6.492304E8, 2.782224E8, 2.2259524E9, 1.4531344E9, 7398400.0, 1.9377604E9, 1.59201E9, 1.674436E8, 1.9421649E9, 2.292196E8, 1.38384E9, 2.34256E7, 2.839225E8, 1.648656E8, 1.6573041E9, 1.7598025E9, 4243600.0, 2.1613201E9, 1.4531344E9, 1.669264E8, 7.080921E8, 8.06404E7, 6.066369E8, 1.27449E7, 1.503076E8, 6.285049E8, 8.433216E8, 2.0930625E9, 3.88129E7, 2.1261321E9, 7.745089E8, 1.179396E8, 2.719201E8, 4.756761E8, 8.2944E8, 3.38724E7, 3.790809E8, 1.183744E8, 9.928801E8) 

13 : 

x <- c(8.70489E7, 2.1049744E9, 1.3053769E9, 4.94209E7, 9.998244E8, 1.1082241E9, 5.308416E8, 1.0725625E9, 6100900.0, 5.673924E8, 7.95664E7, 4.734976E8, 3.606201E8, 1.1999296E9, 1.6443025E9, 3.89376E7, 2.6368225E9, 6.806881E8, 1.962801E8, 5.262436E8, 2.244004E8, 1.896129E8, 9.35089E7, 2.663424E8, 3.048516E8, 9.126441E8, 8.779369E8, 4.293184E8, 1.2845056E9, 8.844676E8, 4.613904E8, 4.5796E8, 3.444736E8, 4.511376E8, 1.075369E8, 2.742336E8, 1.014049E8, 1.6008001E9, 1.0297681E9, 6.98896E7, 8.667136E8, 9.431041E8, 1.879641E8, 9.096256E8, 1.737124E8, 1.1909401E9, 9610000.0, 3.24E8, 8.87364E7, 8.862529E8, 1.0923025E9, 4.95616E7, 1.1553201E9, 5.621641E8, 3.790809E8, 1.7397241E9, 4.950625E8, 1.11556E9, 3.51649E7, 6.492304E8, 2.782224E8, 2.2259524E9, 1.4531344E9, 7398400.0, 1.9377604E9, 1.59201E9, 1.674436E8, 1.9421649E9, 2.292196E8, 1.38384E9, 2.34256E7, 2.839225E8, 1.648656E8, 1.6573041E9, 1.7598025E9, 4243600.0, 2.1613201E9, 1.4531344E9, 1.669264E8, 7.080921E8, 8.06404E7, 6.066369E8, 1.27449E7, 1.503076E8, 6.285049E8, 8.433216E8, 2.0930625E9, 3.88129E7, 2.1261321E9, 7.745089E8, 1.179396E8, 2.719201E8, 4.756761E8, 8.2944E8, 3.38724E7, 3.790809E8, 1.183744E8, 9.928801E8) 

14 : 

x <- c(1.2182012984881635E8, 2.319040122222204E9, 1.697887019382632E9, 2.0476510203846872E8, 5.717599986776353E8, 7.568304699030133E8, 3.721612984113892E8, 1.2315124004942484E9, 3500257.9473766666, 3.85328663977595E8, 1.3588606057615665E8, 3.414659713982401E8, 4.386379358779402E8, 1.425229518063651E9, 2.0953966210654678E9, 1.9430535118382823E8, 1.8722902581312375E9, 4.4701336325824016E8, 1.1351558032942098E8, 6.472403945733804E8, 3.564704654749862E8, 8.020431697721654E7, 3.2441634113320712E7, 1.6733222262200612E8, 3.9396955753134805E8, 1.1332549693104963E9, 1.219887007072509E9, 7.742041903707024E8, 7.546781087257547E8, 5.54974854094412E8, 2.928294145515549E8, 5.981597967888913E8, 5.2545752125705016E8, 2.4790016448179755E8, 3.8076787314952716E7, 1.6882543091171148E8, 1.5942689272684243E8, 1.8645796778243597E9, 1.4214165356309144E9, 625048.2902740365, 5.008921680240024E8, 6.47533172254803E8, 1.0650663177114832E8, 1.0701656172129701E9, 3.0882311686459726E8, 8.592262272274028E8, 62.730988751774916, 2.2792069801490408E8, 1.2599674649237414E8, 1.0335913345279505E9, 1.3872422007448363E9, 1.756152193537074E8, 7.47941538916795E8, 3.664221166859019E8, 2.6727792590800667E8, 1.9047596734241388E9, 7.143947449571092E8, 7.59797543533683E8, 4545708.336864581, 4.8593086138718766E8, 3.445365710815194E8, 2.507935975533603E9, 1.927000849341498E9, 1.1714194556801051E8, 1.2781230662886913E9, 1.177614291137803E9, 9.58553294006017E7, 2.1557442495553184E9, 4.0757882119917256E8, 9.751735653910418E8, 1293310.166342404, 1.8070115387390488E8, 2.3163364620506105E8, 1.9248267997695382E9, 2.265422268975815E9, 1.0538470764260642E8, 1.4560802574214427E9, 1.0643805535609074E9, 9.507110188566454E7, 8.404981153273389E8, 1.686036758157252E8, 4.0310228362879133E8, 270415.88705967885, 8.88836216370982E7, 7.37352768052513E8, 1.0662635682288938E9, 2.614823134437892E9, 3788558.3887142735, 1.4679360118969507E9, 5.219715307385376E8, 5.737346506834024E7, 3.6530425145994604E8, 6.47139836283051E8, 5.683689202634925E8, 8.140555659206638E7, 2.532055925135183E8, 1.7555598507849252E8, 1.193254274706742E9) 

15 : 

x <- c(8.70489E7, 2.1049744E9, 1.3053769E9, 4.94209E7, 9.998244E8, 1.1082241E9, 5.308416E8, 1.0725625E9, 6100900.0, 5.673924E8, 7.95664E7, 4.734976E8, 3.606201E8, 1.1999296E9, 1.6443025E9, 3.89376E7, 2.6368225E9, 6.806881E8, 1.962801E8, 5.262436E8, 2.244004E8, 1.896129E8, 9.35089E7, 2.663424E8, 3.048516E8, 9.126441E8, 8.779369E8, 4.293184E8, 1.2845056E9, 8.844676E8, 4.613904E8, 4.5796E8, 3.444736E8, 4.511376E8, 1.075369E8, 2.742336E8, 1.014049E8, 1.6008001E9, 1.0297681E9, 6.98896E7, 8.667136E8, 9.431041E8, 1.879641E8, 9.096256E8, 1.737124E8, 1.1909401E9, 9610000.0, 3.24E8, 8.87364E7, 8.862529E8, 1.0923025E9, 4.95616E7, 1.1553201E9, 5.621641E8, 3.790809E8, 1.7397241E9, 4.950625E8, 1.11556E9, 3.51649E7, 6.492304E8, 2.782224E8, 2.2259524E9, 1.4531344E9, 7398400.0, 1.9377604E9, 1.59201E9, 1.674436E8, 1.9421649E9, 2.292196E8, 1.38384E9, 2.34256E7, 2.839225E8, 1.648656E8, 1.6573041E9, 1.7598025E9, 4243600.0, 2.1613201E9, 1.4531344E9, 1.669264E8, 7.080921E8, 8.06404E7, 6.066369E8, 1.27449E7, 1.503076E8, 6.285049E8, 8.433216E8, 2.0930625E9, 3.88129E7, 2.1261321E9, 7.745089E8, 1.179396E8, 2.719201E8, 4.756761E8, 8.2944E8, 3.38724E7, 3.790809E8, 1.183744E8, 9.928801E8) 

16 : 

x <- c(8.70489E7, 2.1049744E9, 1.3053769E9, 4.94209E7, 9.998244E8, 1.1082241E9, 5.308416E8, 1.0725625E9, 6100900.0, 5.673924E8, 7.95664E7, 4.734976E8, 3.606201E8, 1.1999296E9, 1.6443025E9, 3.89376E7, 2.6368225E9, 6.806881E8, 1.962801E8, 5.262436E8, 2.244004E8, 1.896129E8, 9.35089E7, 2.663424E8, 3.048516E8, 9.126441E8, 8.779369E8, 4.293184E8, 1.2845056E9, 8.844676E8, 4.613904E8, 4.5796E8, 3.444736E8, 4.511376E8, 1.075369E8, 2.742336E8, 1.014049E8, 1.6008001E9, 1.0297681E9, 6.98896E7, 8.667136E8, 9.431041E8, 1.879641E8, 9.096256E8, 1.737124E8, 1.1909401E9, 9610000.0, 3.24E8, 8.87364E7, 8.862529E8, 1.0923025E9, 4.95616E7, 1.1553201E9, 5.621641E8, 3.790809E8, 1.7397241E9, 4.950625E8, 1.11556E9, 3.51649E7, 6.492304E8, 2.782224E8, 2.2259524E9, 1.4531344E9, 7398400.0, 1.9377604E9, 1.59201E9, 1.674436E8, 1.9421649E9, 2.292196E8, 1.38384E9, 2.34256E7, 2.839225E8, 1.648656E8, 1.6573041E9, 1.7598025E9, 4243600.0, 2.1613201E9, 1.4531344E9, 1.669264E8, 7.080921E8, 8.06404E7, 6.066369E8, 1.27449E7, 1.503076E8, 6.285049E8, 8.433216E8, 2.0930625E9, 3.88129E7, 2.1261321E9, 7.745089E8, 1.179396E8, 2.719201E8, 4.756761E8, 8.2944E8, 3.38724E7, 3.790809E8, 1.183744E8, 9.928801E8) 

17 : 

x <- c(8.70489E7, 2.1049744E9, 1.3053769E9, 4.94209E7, 9.998244E8, 1.1082241E9, 5.308416E8, 1.0725625E9, 6100900.0, 5.673924E8, 7.95664E7, 4.734976E8, 3.606201E8, 1.1999296E9, 1.6443025E9, 3.89376E7, 2.6368225E9, 6.806881E8, 1.962801E8, 5.262436E8, 2.244004E8, 1.896129E8, 9.35089E7, 2.663424E8, 3.048516E8, 9.126441E8, 8.779369E8, 4.293184E8, 1.2845056E9, 8.844676E8, 4.613904E8, 4.5796E8, 3.444736E8, 4.511376E8, 1.075369E8, 2.742336E8, 1.014049E8, 1.6008001E9, 1.0297681E9, 6.98896E7, 8.667136E8, 9.431041E8, 1.879641E8, 9.096256E8, 1.737124E8, 1.1909401E9, 9610000.0, 3.24E8, 8.87364E7, 8.862529E8, 1.0923025E9, 4.95616E7, 1.1553201E9, 5.621641E8, 3.790809E8, 1.7397241E9, 4.950625E8, 1.11556E9, 3.51649E7, 6.492304E8, 2.782224E8, 2.2259524E9, 1.4531344E9, 7398400.0, 1.9377604E9, 1.59201E9, 1.674436E8, 1.9421649E9, 2.292196E8, 1.38384E9, 2.34256E7, 2.839225E8, 1.648656E8, 1.6573041E9, 1.7598025E9, 4243600.0, 2.1613201E9, 1.4531344E9, 1.669264E8, 7.080921E8, 8.06404E7, 6.066369E8, 1.27449E7, 1.503076E8, 6.285049E8, 8.433216E8, 2.0930625E9, 3.88129E7, 2.1261321E9, 7.745089E8, 1.179396E8, 2.719201E8, 4.756761E8, 8.2944E8, 3.38724E7, 3.790809E8, 1.183744E8, 9.928801E8) 

18 : 

x <- c(8.70489E7, 2.1049744E9, 1.3053769E9, 4.94209E7, 9.998244E8, 1.1082241E9, 5.308416E8, 1.0725625E9, 6100900.0, 5.673924E8, 7.95664E7, 4.734976E8, 3.606201E8, 1.1999296E9, 1.6443025E9, 3.89376E7, 2.6368225E9, 6.806881E8, 1.962801E8, 5.262436E8, 2.244004E8, 1.896129E8, 9.35089E7, 2.663424E8, 3.048516E8, 9.126441E8, 8.779369E8, 4.293184E8, 1.2845056E9, 8.844676E8, 4.613904E8, 4.5796E8, 3.444736E8, 4.511376E8, 1.075369E8, 2.742336E8, 1.014049E8, 1.6008001E9, 1.0297681E9, 6.98896E7, 8.667136E8, 9.431041E8, 1.879641E8, 9.096256E8, 1.737124E8, 1.1909401E9, 9610000.0, 3.24E8, 8.87364E7, 8.862529E8, 1.0923025E9, 4.95616E7, 1.1553201E9, 5.621641E8, 3.790809E8, 1.7397241E9, 4.950625E8, 1.11556E9, 3.51649E7, 6.492304E8, 2.782224E8, 2.2259524E9, 1.4531344E9, 7398400.0, 1.9377604E9, 1.59201E9, 1.674436E8, 1.9421649E9, 2.292196E8, 1.38384E9, 2.34256E7, 2.839225E8, 1.648656E8, 1.6573041E9, 1.7598025E9, 4243600.0, 2.1613201E9, 1.4531344E9, 1.669264E8, 7.080921E8, 8.06404E7, 6.066369E8, 1.27449E7, 1.503076E8, 6.285049E8, 8.433216E8, 2.0930625E9, 3.88129E7, 2.1261321E9, 7.745089E8, 1.179396E8, 2.719201E8, 4.756761E8, 8.2944E8, 3.38724E7, 3.790809E8, 1.183744E8, 9.928801E8) 

19 : 

x <- c(8.70489E7, 2.1049744E9, 1.3053769E9, 4.94209E7, 9.998244E8, 1.1082241E9, 5.308416E8, 1.0725625E9, 6100900.0, 5.673924E8, 7.95664E7, 4.734976E8, 3.606201E8, 1.1999296E9, 1.6443025E9, 3.89376E7, 2.6368225E9, 6.806881E8, 1.962801E8, 5.262436E8, 2.244004E8, 1.896129E8, 9.35089E7, 2.663424E8, 3.048516E8, 9.126441E8, 8.779369E8, 4.293184E8, 1.2845056E9, 8.844676E8, 4.613904E8, 4.5796E8, 3.444736E8, 4.511376E8, 1.075369E8, 2.742336E8, 1.014049E8, 1.6008001E9, 1.0297681E9, 6.98896E7, 8.667136E8, 9.431041E8, 1.879641E8, 9.096256E8, 1.737124E8, 1.1909401E9, 9610000.0, 3.24E8, 8.87364E7, 8.862529E8, 1.0923025E9, 4.95616E7, 1.1553201E9, 5.621641E8, 3.790809E8, 1.7397241E9, 4.950625E8, 1.11556E9, 3.51649E7, 6.492304E8, 2.782224E8, 2.2259524E9, 1.4531344E9, 7398400.0, 1.9377604E9, 1.59201E9, 1.674436E8, 1.9421649E9, 2.292196E8, 1.38384E9, 2.34256E7, 2.839225E8, 1.648656E8, 1.6573041E9, 1.7598025E9, 4243600.0, 2.1613201E9, 1.4531344E9, 1.669264E8, 7.080921E8, 8.06404E7, 6.066369E8, 1.27449E7, 1.503076E8, 6.285049E8, 8.433216E8, 2.0930625E9, 3.88129E7, 2.1261321E9, 7.745089E8, 1.179396E8, 2.719201E8, 4.756761E8, 8.2944E8, 3.38724E7, 3.790809E8, 1.183744E8, 9.928801E8) 

20 : 

x <- c(8.70489E7, 2.1049744E9, 1.3053769E9, 4.94209E7, 9.998244E8, 1.1082241E9, 5.308416E8, 1.0725625E9, 6100900.0, 5.673924E8, 7.95664E7, 4.734976E8, 3.606201E8, 1.1999296E9, 1.6443025E9, 3.89376E7, 2.6368225E9, 6.806881E8, 1.962801E8, 5.262436E8, 2.244004E8, 1.896129E8, 9.35089E7, 2.663424E8, 3.048516E8, 9.126441E8, 8.779369E8, 4.293184E8, 1.2845056E9, 8.844676E8, 4.613904E8, 4.5796E8, 3.444736E8, 4.511376E8, 1.075369E8, 2.742336E8, 1.014049E8, 1.6008001E9, 1.0297681E9, 6.98896E7, 8.667136E8, 9.431041E8, 1.879641E8, 9.096256E8, 1.737124E8, 1.1909401E9, 9610000.0, 3.24E8, 8.87364E7, 8.862529E8, 1.0923025E9, 4.95616E7, 1.1553201E9, 5.621641E8, 3.790809E8, 1.7397241E9, 4.950625E8, 1.11556E9, 3.51649E7, 6.492304E8, 2.782224E8, 2.2259524E9, 1.4531344E9, 7398400.0, 1.9377604E9, 1.59201E9, 1.674436E8, 1.9421649E9, 2.292196E8, 1.38384E9, 2.34256E7, 2.839225E8, 1.648656E8, 1.6573041E9, 1.7598025E9, 4243600.0, 2.1613201E9, 1.4531344E9, 1.669264E8, 7.080921E8, 8.06404E7, 6.066369E8, 1.27449E7, 1.503076E8, 6.285049E8, 8.433216E8, 2.0930625E9, 3.88129E7, 2.1261321E9, 7.745089E8, 1.179396E8, 2.719201E8, 4.756761E8, 8.2944E8, 3.38724E7, 3.790809E8, 1.183744E8, 9.928801E8) 

21 : 

x <- c(8.70489E7, 2.1049744E9, 1.3053769E9, 4.94209E7, 9.998244E8, 1.1082241E9, 5.308416E8, 1.0725625E9, 6100900.0, 5.673924E8, 7.95664E7, 4.734976E8, 3.606201E8, 1.1999296E9, 1.6443025E9, 3.89376E7, 2.6368225E9, 6.806881E8, 1.962801E8, 5.262436E8, 2.244004E8, 1.896129E8, 9.35089E7, 2.663424E8, 3.048516E8, 9.126441E8, 8.779369E8, 4.293184E8, 1.2845056E9, 8.844676E8, 4.613904E8, 4.5796E8, 3.444736E8, 4.511376E8, 1.075369E8, 2.742336E8, 1.014049E8, 1.6008001E9, 1.0297681E9, 6.98896E7, 8.667136E8, 9.431041E8, 1.879641E8, 9.096256E8, 1.737124E8, 1.1909401E9, 9610000.0, 3.24E8, 8.87364E7, 8.862529E8, 1.0923025E9, 4.95616E7, 1.1553201E9, 5.621641E8, 3.790809E8, 1.7397241E9, 4.950625E8, 1.11556E9, 3.51649E7, 6.492304E8, 2.782224E8, 2.2259524E9, 1.4531344E9, 7398400.0, 1.9377604E9, 1.59201E9, 1.674436E8, 1.9421649E9, 2.292196E8, 1.38384E9, 2.34256E7, 2.839225E8, 1.648656E8, 1.6573041E9, 1.7598025E9, 4243600.0, 2.1613201E9, 1.4531344E9, 1.669264E8, 7.080921E8, 8.06404E7, 6.066369E8, 1.27449E7, 1.503076E8, 6.285049E8, 8.433216E8, 2.0930625E9, 3.88129E7, 2.1261321E9, 7.745089E8, 1.179396E8, 2.719201E8, 4.756761E8, 8.2944E8, 3.38724E7, 3.790809E8, 1.183744E8, 9.928801E8) 

22 : 

x <- c(7.784007937440574E7, 2.0586821320038505E9, 1.2689769332860136E9, 4.254564788199198E7, 1.0321632447594739E9, 1.1422573184149783E9, 5.544752196311738E8, 1.039591864397158E9, 8864300.41332647, 5.918174037337466E8, 7.077356332575807E7, 4.9583253802695197E8, 3.416102916425435E8, 1.165041379840924E9, 1.6034180233714306E9, 3.286387793459836E7, 2.689179304174545E9, 7.074162343912339E8, 2.1075192675138962E8, 5.0322614137951493E8, 2.0945911760576996E8, 2.0384122395059803E8, 1.0357738443707472E8, 2.831579412090089E8, 2.8739412199759E8, 8.822505357055358E8, 8.481318008074489E8, 4.0855334228683966E8, 1.3211260356733887E9, 9.14899006153273E8, 4.8344125142602843E8, 4.3650501768459445E8, 3.259000674939618E8, 4.729449486252368E8, 1.1831560093938357E8, 2.912926440098005E8, 9.144527907196495E7, 1.5604635046732118E9, 9.974670970993385E8, 7.862896498275386E7, 8.968406276522834E8, 9.745196633064724E8, 2.0213154825040013E8, 8.792827654557008E8, 1.6059738861170703E8, 1.2262111243190062E9, 1.3012595265404442E7, 3.425200608145501E8, 7.943626582410888E7, 8.563057575069871E8, 1.0590274858961685E9, 4.2676201931958996E7, 1.190063534917291E9, 5.864774982833838E8, 3.9909241546939874E8, 1.6976626931676047E9, 4.727451119317908E8, 1.149704823865341E9, 4.143879912473882E7, 6.753396314392219E8, 2.6155630610016274E8, 2.1783411584995627E9, 1.4147153892294502E9, 4896052.346208202, 1.9826802228003685E9, 1.6327496913867795E9, 1.8082981009786037E8, 1.8977090489598205E9, 2.1411598240524223E8, 1.4218402848778744E9, 2.85935905711436E7, 3.01275776560757E8, 1.5209555091282848E8, 1.616257288170903E9, 1.7174975903668177E9, 2410885.0483850474, 2.208745972458515E9, 1.4920681122809134E9, 1.802923181977944E8, 6.8135107771741E8, 7.178668762556016E7, 6.318837256864183E8, 1.6624354916954676E7, 1.6300388549561748E8, 6.033263540224894E8, 8.141151118593949E8, 2.0469021293542793E9, 4.539117762572833E7, 2.1731724263572617E9, 8.030024296969731E8, 1.2921545249099977E8, 2.5544677915078944E8, 4.538051337332421E8, 8.589176868501725E8, 2.8224807835983004E7, 3.9909241546939874E8, 1.0759295711929327E8, 9.611675622012479E8) 

23 : 

x <- c(8.70489E7, 2.1049744E9, 1.3053769E9, 4.94209E7, 9.998244E8, 1.1082241E9, 5.308416E8, 1.0725625E9, 6100900.0, 5.673924E8, 7.95664E7, 4.734976E8, 3.606201E8, 1.1999296E9, 1.6443025E9, 3.89376E7, 2.6368225E9, 6.806881E8, 1.962801E8, 5.262436E8, 2.244004E8, 1.896129E8, 9.35089E7, 2.663424E8, 3.048516E8, 9.126441E8, 8.779369E8, 4.293184E8, 1.2845056E9, 8.844676E8, 4.613904E8, 4.5796E8, 3.444736E8, 4.511376E8, 1.075369E8, 2.742336E8, 1.014049E8, 1.6008001E9, 1.0297681E9, 6.98896E7, 8.667136E8, 9.431041E8, 1.879641E8, 9.096256E8, 1.737124E8, 1.1909401E9, 9610000.0, 3.24E8, 8.87364E7, 8.862529E8, 1.0923025E9, 4.95616E7, 1.1553201E9, 5.621641E8, 3.790809E8, 1.7397241E9, 4.950625E8, 1.11556E9, 3.51649E7, 6.492304E8, 2.782224E8, 2.2259524E9, 1.4531344E9, 7398400.0, 1.9377604E9, 1.59201E9, 1.674436E8, 1.9421649E9, 2.292196E8, 1.38384E9, 2.34256E7, 2.839225E8, 1.648656E8, 1.6573041E9, 1.7598025E9, 4243600.0, 2.1613201E9, 1.4531344E9, 1.669264E8, 7.080921E8, 8.06404E7, 6.066369E8, 1.27449E7, 1.503076E8, 6.285049E8, 8.433216E8, 2.0930625E9, 3.88129E7, 2.1261321E9, 7.745089E8, 1.179396E8, 2.719201E8, 4.756761E8, 8.2944E8, 3.38724E7, 3.790809E8, 1.183744E8, 9.928801E8) 

24 : 

x <- c(8.70489E7, 2.1049744E9, 1.3053769E9, 4.94209E7, 9.998244E8, 1.1082241E9, 5.308416E8, 1.0725625E9, 6100900.0, 5.673924E8, 7.95664E7, 4.734976E8, 3.606201E8, 1.1999296E9, 1.6443025E9, 3.89376E7, 2.6368225E9, 6.806881E8, 1.962801E8, 5.262436E8, 2.244004E8, 1.896129E8, 9.35089E7, 2.663424E8, 3.048516E8, 9.126441E8, 8.779369E8, 4.293184E8, 1.2845056E9, 8.844676E8, 4.613904E8, 4.5796E8, 3.444736E8, 4.511376E8, 1.075369E8, 2.742336E8, 1.014049E8, 1.6008001E9, 1.0297681E9, 6.98896E7, 8.667136E8, 9.431041E8, 1.879641E8, 9.096256E8, 1.737124E8, 1.1909401E9, 9610000.0, 3.24E8, 8.87364E7, 8.862529E8, 1.0923025E9, 4.95616E7, 1.1553201E9, 5.621641E8, 3.790809E8, 1.7397241E9, 4.950625E8, 1.11556E9, 3.51649E7, 6.492304E8, 2.782224E8, 2.2259524E9, 1.4531344E9, 7398400.0, 1.9377604E9, 1.59201E9, 1.674436E8, 1.9421649E9, 2.292196E8, 1.38384E9, 2.34256E7, 2.839225E8, 1.648656E8, 1.6573041E9, 1.7598025E9, 4243600.0, 2.1613201E9, 1.4531344E9, 1.669264E8, 7.080921E8, 8.06404E7, 6.066369E8, 1.27449E7, 1.503076E8, 6.285049E8, 8.433216E8, 2.0930625E9, 3.88129E7, 2.1261321E9, 7.745089E8, 1.179396E8, 2.719201E8, 4.756761E8, 8.2944E8, 3.38724E7, 3.790809E8, 1.183744E8, 9.928801E8) 

25 : 

x <- c(8.70489E7, 2.1049744E9, 1.3053769E9, 4.94209E7, 9.998244E8, 1.1082241E9, 5.308416E8, 1.0725625E9, 6100900.0, 5.673924E8, 7.95664E7, 4.734976E8, 3.606201E8, 1.1999296E9, 1.6443025E9, 3.89376E7, 2.6368225E9, 6.806881E8, 1.962801E8, 5.262436E8, 2.244004E8, 1.896129E8, 9.35089E7, 2.663424E8, 3.048516E8, 9.126441E8, 8.779369E8, 4.293184E8, 1.2845056E9, 8.844676E8, 4.613904E8, 4.5796E8, 3.444736E8, 4.511376E8, 1.075369E8, 2.742336E8, 1.014049E8, 1.6008001E9, 1.0297681E9, 6.98896E7, 8.667136E8, 9.431041E8, 1.879641E8, 9.096256E8, 1.737124E8, 1.1909401E9, 9610000.0, 3.24E8, 8.87364E7, 8.862529E8, 1.0923025E9, 4.95616E7, 1.1553201E9, 5.621641E8, 3.790809E8, 1.7397241E9, 4.950625E8, 1.11556E9, 3.51649E7, 6.492304E8, 2.782224E8, 2.2259524E9, 1.4531344E9, 7398400.0, 1.9377604E9, 1.59201E9, 1.674436E8, 1.9421649E9, 2.292196E8, 1.38384E9, 2.34256E7, 2.839225E8, 1.648656E8, 1.6573041E9, 1.7598025E9, 4243600.0, 2.1613201E9, 1.4531344E9, 1.669264E8, 7.080921E8, 8.06404E7, 6.066369E8, 1.27449E7, 1.503076E8, 6.285049E8, 8.433216E8, 2.0930625E9, 3.88129E7, 2.1261321E9, 7.745089E8, 1.179396E8, 2.719201E8, 4.756761E8, 8.2944E8, 3.38724E7, 3.790809E8, 1.183744E8, 9.928801E8) 

26 : 

x <- c(8.70489E7, 2.1049744E9, 1.3053769E9, 4.94209E7, 9.998244E8, 1.1082241E9, 5.308416E8, 1.0725625E9, 6100900.0, 5.673924E8, 7.95664E7, 4.734976E8, 3.606201E8, 1.1999296E9, 1.6443025E9, 3.89376E7, 2.6368225E9, 6.806881E8, 1.962801E8, 5.262436E8, 2.244004E8, 1.896129E8, 9.35089E7, 2.663424E8, 3.048516E8, 9.126441E8, 8.779369E8, 4.293184E8, 1.2845056E9, 8.844676E8, 4.613904E8, 4.5796E8, 3.444736E8, 4.511376E8, 1.075369E8, 2.742336E8, 1.014049E8, 1.6008001E9, 1.0297681E9, 6.98896E7, 8.667136E8, 9.431041E8, 1.879641E8, 9.096256E8, 1.737124E8, 1.1909401E9, 9610000.0, 3.24E8, 8.87364E7, 8.862529E8, 1.0923025E9, 4.95616E7, 1.1553201E9, 5.621641E8, 3.790809E8, 1.7397241E9, 4.950625E8, 1.11556E9, 3.51649E7, 6.492304E8, 2.782224E8, 2.2259524E9, 1.4531344E9, 7398400.0, 1.9377604E9, 1.59201E9, 1.674436E8, 1.9421649E9, 2.292196E8, 1.38384E9, 2.34256E7, 2.839225E8, 1.648656E8, 1.6573041E9, 1.7598025E9, 4243600.0, 2.1613201E9, 1.4531344E9, 1.669264E8, 7.080921E8, 8.06404E7, 6.066369E8, 1.27449E7, 1.503076E8, 6.285049E8, 8.433216E8, 2.0930625E9, 3.88129E7, 2.1261321E9, 7.745089E8, 1.179396E8, 2.719201E8, 4.756761E8, 8.2944E8, 3.38724E7, 3.790809E8, 1.183744E8, 9.928801E8) 

27 : 

x <- c(9.555052373350118E7, 2.159773110378717E9, 1.402722441210893E9, 7.969972856489755E7, 8.767958936581773E8, 1.010194445965678E9, 4.8677283790765643E8, 1.1129357821232731E9, 1791641.170246452, 5.165528745039891E8, 9.280274559335975E7, 4.370080402083981E8, 3.802202951670014E8, 1.2567886158165882E9, 1.7566203474555087E9, 6.801095093987586E7, 2.424961410364664E9, 6.150626947004498E8, 1.7253707814311293E8, 5.565767066595138E8, 2.5589334174339014E8, 1.5662831868982512E8, 7.454754761195448E7, 2.3832761797974896E8, 3.269810941216299E8, 9.678485876483138E8, 9.616610392707801E8, 5.0948760508246726E8, 1.1329068339259286E9, 7.912183609002491E8, 4.1377764715740484E8, 4.927024991227701E8, 3.879797925868115E8, 3.923433500538254E8, 8.603331077157596E7, 2.4430679626597893E8, 1.1526918277915251E8, 1.6676181291347537E9, 1.125784594849452E9, 4.079371449105359E7, 7.617564262473811E8, 8.607232860675507E8, 1.6451735686399138E8, 9.502147533815391E8, 2.052100253045314E8, 1.0992712614360385E9, 5262587.515668356, 2.973323874516338E8, 9.78207597067106E7, 9.23566279127376E8, 1.1657875768234296E9, 7.49815359031278E7, 1.0406342407007188E9, 5.071218946420634E8, 3.480612659114797E8, 1.7820210116557333E9, 5.483679333102815E8, 1.0162659555003091E9, 2.4404079554410655E7, 6.043900952981879E8, 2.948251818964729E8, 2.2978329746119876E9, 1.5702172388645456E9, 2.3349630294101458E7, 1.7526448530672097E9, 1.4779873599548955E9, 1.468722279861979E8, 1.9967621560474637E9, 2.70797945898388E8, 1.2704452876482272E9, 1.5014504639870835E7, 2.5477971121562505E8, 1.811778800913407E8, 1.7251074740629983E9, 1.8854507814021146E9, 1.763043064517495E7, 1.9641189421352808E9, 1.3459843136273458E9, 1.4626090948204866E8, 7.415115856693324E8, 1.0047774439736964E8, 5.495903106456031E8, 7700654.445488875, 1.3275129765908085E8, 6.560395128487874E8, 8.989159978396763E8, 2.223473100818066E9, 1.6799933997119226E7, 1.9428560517475436E9, 7.03897964774765E8, 1.0007249587737139E8, 2.949353429589241E8, 5.178311358283664E8, 7.566502977917297E8, 4.428568874120036E7, 3.438317920671871E8, 1.3219685206574509E8, 1.0433352975658877E9) 

28 : 

x <- c(8.70489E7, 2.1049744E9, 1.3053769E9, 4.94209E7, 9.998244E8, 1.1082241E9, 5.308416E8, 1.0725625E9, 6100900.0, 5.673924E8, 7.95664E7, 4.734976E8, 3.606201E8, 1.1999296E9, 1.6443025E9, 3.89376E7, 2.6368225E9, 6.806881E8, 1.962801E8, 5.262436E8, 2.244004E8, 1.896129E8, 9.35089E7, 2.663424E8, 3.048516E8, 9.126441E8, 8.779369E8, 4.293184E8, 1.2845056E9, 8.844676E8, 4.613904E8, 4.5796E8, 3.444736E8, 4.511376E8, 1.075369E8, 2.742336E8, 1.014049E8, 1.6008001E9, 1.0297681E9, 6.98896E7, 8.667136E8, 9.431041E8, 1.879641E8, 9.096256E8, 1.737124E8, 1.1909401E9, 9610000.0, 3.24E8, 8.87364E7, 8.862529E8, 1.0923025E9, 4.95616E7, 1.1553201E9, 5.621641E8, 3.790809E8, 1.7397241E9, 4.950625E8, 1.11556E9, 3.51649E7, 6.492304E8, 2.782224E8, 2.2259524E9, 1.4531344E9, 7398400.0, 1.9377604E9, 1.59201E9, 1.674436E8, 1.9421649E9, 2.292196E8, 1.38384E9, 2.34256E7, 2.839225E8, 1.648656E8, 1.6573041E9, 1.7598025E9, 4243600.0, 2.1613201E9, 1.4531344E9, 1.669264E8, 7.080921E8, 8.06404E7, 6.066369E8, 1.27449E7, 1.503076E8, 6.285049E8, 8.433216E8, 2.0930625E9, 3.88129E7, 2.1261321E9, 7.745089E8, 1.179396E8, 2.719201E8, 4.756761E8, 8.2944E8, 3.38724E7, 3.790809E8, 1.183744E8, 9.928801E8) 

29 : 

x <- c(8.70489E7, 2.1049744E9, 1.3053769E9, 4.94209E7, 9.998244E8, 1.1082241E9, 5.308416E8, 1.0725625E9, 6100900.0, 5.673924E8, 7.95664E7, 4.734976E8, 3.606201E8, 1.1999296E9, 1.6443025E9, 3.89376E7, 2.6368225E9, 6.806881E8, 1.962801E8, 5.262436E8, 2.244004E8, 1.896129E8, 9.35089E7, 2.663424E8, 3.048516E8, 9.126441E8, 8.779369E8, 4.293184E8, 1.2845056E9, 8.844676E8, 4.613904E8, 4.5796E8, 3.444736E8, 4.511376E8, 1.075369E8, 2.742336E8, 1.014049E8, 1.6008001E9, 1.0297681E9, 6.98896E7, 8.667136E8, 9.431041E8, 1.879641E8, 9.096256E8, 1.737124E8, 1.1909401E9, 9610000.0, 3.24E8, 8.87364E7, 8.862529E8, 1.0923025E9, 4.95616E7, 1.1553201E9, 5.621641E8, 3.790809E8, 1.7397241E9, 4.950625E8, 1.11556E9, 3.51649E7, 6.492304E8, 2.782224E8, 2.2259524E9, 1.4531344E9, 7398400.0, 1.9377604E9, 1.59201E9, 1.674436E8, 1.9421649E9, 2.292196E8, 1.38384E9, 2.34256E7, 2.839225E8, 1.648656E8, 1.6573041E9, 1.7598025E9, 4243600.0, 2.1613201E9, 1.4531344E9, 1.669264E8, 7.080921E8, 8.06404E7, 6.066369E8, 1.27449E7, 1.503076E8, 6.285049E8, 8.433216E8, 2.0930625E9, 3.88129E7, 2.1261321E9, 7.745089E8, 1.179396E8, 2.719201E8, 4.756761E8, 8.2944E8, 3.38724E7, 3.790809E8, 1.183744E8, 9.928801E8) 

30 : 

x <- c(8.70489E7, 2.1049744E9, 1.3053769E9, 4.94209E7, 9.998244E8, 1.1082241E9, 5.308416E8, 1.0725625E9, 6100900.0, 5.673924E8, 7.95664E7, 4.734976E8, 3.606201E8, 1.1999296E9, 1.6443025E9, 3.89376E7, 2.6368225E9, 6.806881E8, 1.962801E8, 5.262436E8, 2.244004E8, 1.896129E8, 9.35089E7, 2.663424E8, 3.048516E8, 9.126441E8, 8.779369E8, 4.293184E8, 1.2845056E9, 8.844676E8, 4.613904E8, 4.5796E8, 3.444736E8, 4.511376E8, 1.075369E8, 2.742336E8, 1.014049E8, 1.6008001E9, 1.0297681E9, 6.98896E7, 8.667136E8, 9.431041E8, 1.879641E8, 9.096256E8, 1.737124E8, 1.1909401E9, 9610000.0, 3.24E8, 8.87364E7, 8.862529E8, 1.0923025E9, 4.95616E7, 1.1553201E9, 5.621641E8, 3.790809E8, 1.7397241E9, 4.950625E8, 1.11556E9, 3.51649E7, 6.492304E8, 2.782224E8, 2.2259524E9, 1.4531344E9, 7398400.0, 1.9377604E9, 1.59201E9, 1.674436E8, 1.9421649E9, 2.292196E8, 1.38384E9, 2.34256E7, 2.839225E8, 1.648656E8, 1.6573041E9, 1.7598025E9, 4243600.0, 2.1613201E9, 1.4531344E9, 1.669264E8, 7.080921E8, 8.06404E7, 6.066369E8, 1.27449E7, 1.503076E8, 6.285049E8, 8.433216E8, 2.0930625E9, 3.88129E7, 2.1261321E9, 7.745089E8, 1.179396E8, 2.719201E8, 4.756761E8, 8.2944E8, 3.38724E7, 3.790809E8, 1.183744E8, 9.928801E8) 



