med: 0.5641534232020814/desvio: 9.997717284078761E-4


Funcoes: 

1 : Expressao: (X1)
2 : Expressao: (X1)
3 : Expressao: (X1)
4 : Expressao: (X1)
5 : Expressao: (X1)
6 : Expressao: (X1)
7 : Expressao: (X1)
8 : Expressao: (X1)
9 : Expressao: (X1)
10 : Expressao: (X1)
11 : Expressao: ((X1*0.9749947073041063))
12 : Expressao: (X1)
13 : Expressao: (X1)
14 : Expressao: (X1)
15 : Expressao: (X1)
16 : Expressao: (X1)
17 : Expressao: ((0.441888535596378/(0.44651443487457276/X1)))
18 : Expressao: (X1)
19 : Expressao: (X1)
20 : Expressao: (X1)
21 : Expressao: (X1)
22 : Expressao: (X1)
23 : Expressao: (X1)
24 : Expressao: (X1)
25 : Expressao: (X1)
26 : Expressao: ((0.9967076574630831*X1))
27 : Expressao: (X1)
28 : Expressao: (X1)
29 : Expressao: (X1)
30 : Expressao: (X1)
Erros: 

1 : 

x <- c(0.0702250000000003, 0.0014440000000000195, 1.7134810000000027, 1.0899359999999974, 1.9182250000000043, 0.017688999999999764, 0.12960000000000216, 0.029240999999999785, 0.3237609999999989, 1.089936000000001, 0.5760810000000005, 0.24304900000000032, 0.30360099999999823, 0.07075600000000001, 0.34574399999999905, 0.4408959999999996, 0.029241000000000395, 0.05198399999999989, 0.01768900000000024, 0.061008999999999945, 0.22467600000000018, 0.11696400000000036, 0.02310399999999977, 0.20702500000000007, 0.3918759999999993, 0.19096900000000103, 0.3249000000000003, 1.4280250000000008, 0.14440000000000058, 0.005776000000000078, 0.22562499999999966, 0.0806560000000004, 0.24403599999999978, 0.3684489999999992, 0.2621440000000005, 0.22467600000000018, 0.02310399999999977, 0.04326400000000008, 0.3931289999999986, 1.087849000000002, 0.3237609999999989, 0.017423999999999915, 0.07075600000000001, 0.17388899999999985, 0.24403599999999978, 0.8987040000000007, 0.2631689999999999, 0.0014440000000000195, 0.19096899999999947, 0.0918090000000005, 1.1299690000000013, 0.5475999999999976, 0.32376100000000096, 3.6100000000000487E-4, 0.08122500000000007, 0.0702250000000003, 0.05198399999999989, 0.26214399999999866, 0.0519840000000007, 0.01768900000000024, 0.3237609999999989, 0.012996000000000176, 0.3237609999999989, 0.44089600000000195, 0.41731599999999874, 0.02280099999999994, 0.017423999999999915, 0.15920099999999932, 0.30250000000000077, 1.4762249999999997, 0.0014440000000000195, 0.8648999999999994, 0.01768900000000024, 0.012996000000000176, 0.061008999999999945, 1.1278439999999987, 0.5198410000000027, 3.609999999999374E-4, 0.029240999999999785, 0.08065599999999938, 0.4408959999999996, 0.24403599999999978, 0.023104000000000312, 0.17472400000000088, 0.08065599999999938, 0.3036010000000021, 3.6100000000007236E-4, 0.30250000000000077, 0.012996000000000176, 0.15840399999999974, 0.012996000000000176, 0.0702250000000003, 0.44222499999999887, 0.6052840000000035, 0.14364099999999966, 0.03609999999999981, 0.003249000000000044, 1.1278439999999987, 0.06051599999999934, 1.4737959999999968, 0.937024, 0.19009599999999996, 0.19096900000000103, 0.13032100000000046, 0.9741689999999967, 1.010025000000005, 0.30360099999999823, 0.029240999999999785, 1.1278439999999987, 0.0014440000000000195, 0.0702250000000003, 1.0506250000000008, 0.28196099999999874, 0.08122500000000007, 3.6100000000007236E-4, 0.08122500000000007, 0.24304900000000207, 0.17472399999999938, 0.051529000000000144, 0.02280099999999994) 

2 : 

x <- c(0.0702250000000003, 0.0014440000000000195, 1.7134810000000027, 1.0899359999999974, 1.9182250000000043, 0.017688999999999764, 0.12960000000000216, 0.029240999999999785, 0.3237609999999989, 1.089936000000001, 0.5760810000000005, 0.24304900000000032, 0.30360099999999823, 0.07075600000000001, 0.34574399999999905, 0.4408959999999996, 0.029241000000000395, 0.05198399999999989, 0.01768900000000024, 0.061008999999999945, 0.22467600000000018, 0.11696400000000036, 0.02310399999999977, 0.20702500000000007, 0.3918759999999993, 0.19096900000000103, 0.3249000000000003, 1.4280250000000008, 0.14440000000000058, 0.005776000000000078, 0.22562499999999966, 0.0806560000000004, 0.24403599999999978, 0.3684489999999992, 0.2621440000000005, 0.22467600000000018, 0.02310399999999977, 0.04326400000000008, 0.3931289999999986, 1.087849000000002, 0.3237609999999989, 0.017423999999999915, 0.07075600000000001, 0.17388899999999985, 0.24403599999999978, 0.8987040000000007, 0.2631689999999999, 0.0014440000000000195, 0.19096899999999947, 0.0918090000000005, 1.1299690000000013, 0.5475999999999976, 0.32376100000000096, 3.6100000000000487E-4, 0.08122500000000007, 0.0702250000000003, 0.05198399999999989, 0.26214399999999866, 0.0519840000000007, 0.01768900000000024, 0.3237609999999989, 0.012996000000000176, 0.3237609999999989, 0.44089600000000195, 0.41731599999999874, 0.02280099999999994, 0.017423999999999915, 0.15920099999999932, 0.30250000000000077, 1.4762249999999997, 0.0014440000000000195, 0.8648999999999994, 0.01768900000000024, 0.012996000000000176, 0.061008999999999945, 1.1278439999999987, 0.5198410000000027, 3.609999999999374E-4, 0.029240999999999785, 0.08065599999999938, 0.4408959999999996, 0.24403599999999978, 0.023104000000000312, 0.17472400000000088, 0.08065599999999938, 0.3036010000000021, 3.6100000000007236E-4, 0.30250000000000077, 0.012996000000000176, 0.15840399999999974, 0.012996000000000176, 0.0702250000000003, 0.44222499999999887, 0.6052840000000035, 0.14364099999999966, 0.03609999999999981, 0.003249000000000044, 1.1278439999999987, 0.06051599999999934, 1.4737959999999968, 0.937024, 0.19009599999999996, 0.19096900000000103, 0.13032100000000046, 0.9741689999999967, 1.010025000000005, 0.30360099999999823, 0.029240999999999785, 1.1278439999999987, 0.0014440000000000195, 0.0702250000000003, 1.0506250000000008, 0.28196099999999874, 0.08122500000000007, 3.6100000000007236E-4, 0.08122500000000007, 0.24304900000000207, 0.17472399999999938, 0.051529000000000144, 0.02280099999999994) 

3 : 

x <- c(0.0702250000000003, 0.0014440000000000195, 1.7134810000000027, 1.0899359999999974, 1.9182250000000043, 0.017688999999999764, 0.12960000000000216, 0.029240999999999785, 0.3237609999999989, 1.089936000000001, 0.5760810000000005, 0.24304900000000032, 0.30360099999999823, 0.07075600000000001, 0.34574399999999905, 0.4408959999999996, 0.029241000000000395, 0.05198399999999989, 0.01768900000000024, 0.061008999999999945, 0.22467600000000018, 0.11696400000000036, 0.02310399999999977, 0.20702500000000007, 0.3918759999999993, 0.19096900000000103, 0.3249000000000003, 1.4280250000000008, 0.14440000000000058, 0.005776000000000078, 0.22562499999999966, 0.0806560000000004, 0.24403599999999978, 0.3684489999999992, 0.2621440000000005, 0.22467600000000018, 0.02310399999999977, 0.04326400000000008, 0.3931289999999986, 1.087849000000002, 0.3237609999999989, 0.017423999999999915, 0.07075600000000001, 0.17388899999999985, 0.24403599999999978, 0.8987040000000007, 0.2631689999999999, 0.0014440000000000195, 0.19096899999999947, 0.0918090000000005, 1.1299690000000013, 0.5475999999999976, 0.32376100000000096, 3.6100000000000487E-4, 0.08122500000000007, 0.0702250000000003, 0.05198399999999989, 0.26214399999999866, 0.0519840000000007, 0.01768900000000024, 0.3237609999999989, 0.012996000000000176, 0.3237609999999989, 0.44089600000000195, 0.41731599999999874, 0.02280099999999994, 0.017423999999999915, 0.15920099999999932, 0.30250000000000077, 1.4762249999999997, 0.0014440000000000195, 0.8648999999999994, 0.01768900000000024, 0.012996000000000176, 0.061008999999999945, 1.1278439999999987, 0.5198410000000027, 3.609999999999374E-4, 0.029240999999999785, 0.08065599999999938, 0.4408959999999996, 0.24403599999999978, 0.023104000000000312, 0.17472400000000088, 0.08065599999999938, 0.3036010000000021, 3.6100000000007236E-4, 0.30250000000000077, 0.012996000000000176, 0.15840399999999974, 0.012996000000000176, 0.0702250000000003, 0.44222499999999887, 0.6052840000000035, 0.14364099999999966, 0.03609999999999981, 0.003249000000000044, 1.1278439999999987, 0.06051599999999934, 1.4737959999999968, 0.937024, 0.19009599999999996, 0.19096900000000103, 0.13032100000000046, 0.9741689999999967, 1.010025000000005, 0.30360099999999823, 0.029240999999999785, 1.1278439999999987, 0.0014440000000000195, 0.0702250000000003, 1.0506250000000008, 0.28196099999999874, 0.08122500000000007, 3.6100000000007236E-4, 0.08122500000000007, 0.24304900000000207, 0.17472399999999938, 0.051529000000000144, 0.02280099999999994) 

4 : 

x <- c(0.0702250000000003, 0.0014440000000000195, 1.7134810000000027, 1.0899359999999974, 1.9182250000000043, 0.017688999999999764, 0.12960000000000216, 0.029240999999999785, 0.3237609999999989, 1.089936000000001, 0.5760810000000005, 0.24304900000000032, 0.30360099999999823, 0.07075600000000001, 0.34574399999999905, 0.4408959999999996, 0.029241000000000395, 0.05198399999999989, 0.01768900000000024, 0.061008999999999945, 0.22467600000000018, 0.11696400000000036, 0.02310399999999977, 0.20702500000000007, 0.3918759999999993, 0.19096900000000103, 0.3249000000000003, 1.4280250000000008, 0.14440000000000058, 0.005776000000000078, 0.22562499999999966, 0.0806560000000004, 0.24403599999999978, 0.3684489999999992, 0.2621440000000005, 0.22467600000000018, 0.02310399999999977, 0.04326400000000008, 0.3931289999999986, 1.087849000000002, 0.3237609999999989, 0.017423999999999915, 0.07075600000000001, 0.17388899999999985, 0.24403599999999978, 0.8987040000000007, 0.2631689999999999, 0.0014440000000000195, 0.19096899999999947, 0.0918090000000005, 1.1299690000000013, 0.5475999999999976, 0.32376100000000096, 3.6100000000000487E-4, 0.08122500000000007, 0.0702250000000003, 0.05198399999999989, 0.26214399999999866, 0.0519840000000007, 0.01768900000000024, 0.3237609999999989, 0.012996000000000176, 0.3237609999999989, 0.44089600000000195, 0.41731599999999874, 0.02280099999999994, 0.017423999999999915, 0.15920099999999932, 0.30250000000000077, 1.4762249999999997, 0.0014440000000000195, 0.8648999999999994, 0.01768900000000024, 0.012996000000000176, 0.061008999999999945, 1.1278439999999987, 0.5198410000000027, 3.609999999999374E-4, 0.029240999999999785, 0.08065599999999938, 0.4408959999999996, 0.24403599999999978, 0.023104000000000312, 0.17472400000000088, 0.08065599999999938, 0.3036010000000021, 3.6100000000007236E-4, 0.30250000000000077, 0.012996000000000176, 0.15840399999999974, 0.012996000000000176, 0.0702250000000003, 0.44222499999999887, 0.6052840000000035, 0.14364099999999966, 0.03609999999999981, 0.003249000000000044, 1.1278439999999987, 0.06051599999999934, 1.4737959999999968, 0.937024, 0.19009599999999996, 0.19096900000000103, 0.13032100000000046, 0.9741689999999967, 1.010025000000005, 0.30360099999999823, 0.029240999999999785, 1.1278439999999987, 0.0014440000000000195, 0.0702250000000003, 1.0506250000000008, 0.28196099999999874, 0.08122500000000007, 3.6100000000007236E-4, 0.08122500000000007, 0.24304900000000207, 0.17472399999999938, 0.051529000000000144, 0.02280099999999994) 

5 : 

x <- c(0.0702250000000003, 0.0014440000000000195, 1.7134810000000027, 1.0899359999999974, 1.9182250000000043, 0.017688999999999764, 0.12960000000000216, 0.029240999999999785, 0.3237609999999989, 1.089936000000001, 0.5760810000000005, 0.24304900000000032, 0.30360099999999823, 0.07075600000000001, 0.34574399999999905, 0.4408959999999996, 0.029241000000000395, 0.05198399999999989, 0.01768900000000024, 0.061008999999999945, 0.22467600000000018, 0.11696400000000036, 0.02310399999999977, 0.20702500000000007, 0.3918759999999993, 0.19096900000000103, 0.3249000000000003, 1.4280250000000008, 0.14440000000000058, 0.005776000000000078, 0.22562499999999966, 0.0806560000000004, 0.24403599999999978, 0.3684489999999992, 0.2621440000000005, 0.22467600000000018, 0.02310399999999977, 0.04326400000000008, 0.3931289999999986, 1.087849000000002, 0.3237609999999989, 0.017423999999999915, 0.07075600000000001, 0.17388899999999985, 0.24403599999999978, 0.8987040000000007, 0.2631689999999999, 0.0014440000000000195, 0.19096899999999947, 0.0918090000000005, 1.1299690000000013, 0.5475999999999976, 0.32376100000000096, 3.6100000000000487E-4, 0.08122500000000007, 0.0702250000000003, 0.05198399999999989, 0.26214399999999866, 0.0519840000000007, 0.01768900000000024, 0.3237609999999989, 0.012996000000000176, 0.3237609999999989, 0.44089600000000195, 0.41731599999999874, 0.02280099999999994, 0.017423999999999915, 0.15920099999999932, 0.30250000000000077, 1.4762249999999997, 0.0014440000000000195, 0.8648999999999994, 0.01768900000000024, 0.012996000000000176, 0.061008999999999945, 1.1278439999999987, 0.5198410000000027, 3.609999999999374E-4, 0.029240999999999785, 0.08065599999999938, 0.4408959999999996, 0.24403599999999978, 0.023104000000000312, 0.17472400000000088, 0.08065599999999938, 0.3036010000000021, 3.6100000000007236E-4, 0.30250000000000077, 0.012996000000000176, 0.15840399999999974, 0.012996000000000176, 0.0702250000000003, 0.44222499999999887, 0.6052840000000035, 0.14364099999999966, 0.03609999999999981, 0.003249000000000044, 1.1278439999999987, 0.06051599999999934, 1.4737959999999968, 0.937024, 0.19009599999999996, 0.19096900000000103, 0.13032100000000046, 0.9741689999999967, 1.010025000000005, 0.30360099999999823, 0.029240999999999785, 1.1278439999999987, 0.0014440000000000195, 0.0702250000000003, 1.0506250000000008, 0.28196099999999874, 0.08122500000000007, 3.6100000000007236E-4, 0.08122500000000007, 0.24304900000000207, 0.17472399999999938, 0.051529000000000144, 0.02280099999999994) 

6 : 

x <- c(0.0702250000000003, 0.0014440000000000195, 1.7134810000000027, 1.0899359999999974, 1.9182250000000043, 0.017688999999999764, 0.12960000000000216, 0.029240999999999785, 0.3237609999999989, 1.089936000000001, 0.5760810000000005, 0.24304900000000032, 0.30360099999999823, 0.07075600000000001, 0.34574399999999905, 0.4408959999999996, 0.029241000000000395, 0.05198399999999989, 0.01768900000000024, 0.061008999999999945, 0.22467600000000018, 0.11696400000000036, 0.02310399999999977, 0.20702500000000007, 0.3918759999999993, 0.19096900000000103, 0.3249000000000003, 1.4280250000000008, 0.14440000000000058, 0.005776000000000078, 0.22562499999999966, 0.0806560000000004, 0.24403599999999978, 0.3684489999999992, 0.2621440000000005, 0.22467600000000018, 0.02310399999999977, 0.04326400000000008, 0.3931289999999986, 1.087849000000002, 0.3237609999999989, 0.017423999999999915, 0.07075600000000001, 0.17388899999999985, 0.24403599999999978, 0.8987040000000007, 0.2631689999999999, 0.0014440000000000195, 0.19096899999999947, 0.0918090000000005, 1.1299690000000013, 0.5475999999999976, 0.32376100000000096, 3.6100000000000487E-4, 0.08122500000000007, 0.0702250000000003, 0.05198399999999989, 0.26214399999999866, 0.0519840000000007, 0.01768900000000024, 0.3237609999999989, 0.012996000000000176, 0.3237609999999989, 0.44089600000000195, 0.41731599999999874, 0.02280099999999994, 0.017423999999999915, 0.15920099999999932, 0.30250000000000077, 1.4762249999999997, 0.0014440000000000195, 0.8648999999999994, 0.01768900000000024, 0.012996000000000176, 0.061008999999999945, 1.1278439999999987, 0.5198410000000027, 3.609999999999374E-4, 0.029240999999999785, 0.08065599999999938, 0.4408959999999996, 0.24403599999999978, 0.023104000000000312, 0.17472400000000088, 0.08065599999999938, 0.3036010000000021, 3.6100000000007236E-4, 0.30250000000000077, 0.012996000000000176, 0.15840399999999974, 0.012996000000000176, 0.0702250000000003, 0.44222499999999887, 0.6052840000000035, 0.14364099999999966, 0.03609999999999981, 0.003249000000000044, 1.1278439999999987, 0.06051599999999934, 1.4737959999999968, 0.937024, 0.19009599999999996, 0.19096900000000103, 0.13032100000000046, 0.9741689999999967, 1.010025000000005, 0.30360099999999823, 0.029240999999999785, 1.1278439999999987, 0.0014440000000000195, 0.0702250000000003, 1.0506250000000008, 0.28196099999999874, 0.08122500000000007, 3.6100000000007236E-4, 0.08122500000000007, 0.24304900000000207, 0.17472399999999938, 0.051529000000000144, 0.02280099999999994) 

7 : 

x <- c(0.0702250000000003, 0.0014440000000000195, 1.7134810000000027, 1.0899359999999974, 1.9182250000000043, 0.017688999999999764, 0.12960000000000216, 0.029240999999999785, 0.3237609999999989, 1.089936000000001, 0.5760810000000005, 0.24304900000000032, 0.30360099999999823, 0.07075600000000001, 0.34574399999999905, 0.4408959999999996, 0.029241000000000395, 0.05198399999999989, 0.01768900000000024, 0.061008999999999945, 0.22467600000000018, 0.11696400000000036, 0.02310399999999977, 0.20702500000000007, 0.3918759999999993, 0.19096900000000103, 0.3249000000000003, 1.4280250000000008, 0.14440000000000058, 0.005776000000000078, 0.22562499999999966, 0.0806560000000004, 0.24403599999999978, 0.3684489999999992, 0.2621440000000005, 0.22467600000000018, 0.02310399999999977, 0.04326400000000008, 0.3931289999999986, 1.087849000000002, 0.3237609999999989, 0.017423999999999915, 0.07075600000000001, 0.17388899999999985, 0.24403599999999978, 0.8987040000000007, 0.2631689999999999, 0.0014440000000000195, 0.19096899999999947, 0.0918090000000005, 1.1299690000000013, 0.5475999999999976, 0.32376100000000096, 3.6100000000000487E-4, 0.08122500000000007, 0.0702250000000003, 0.05198399999999989, 0.26214399999999866, 0.0519840000000007, 0.01768900000000024, 0.3237609999999989, 0.012996000000000176, 0.3237609999999989, 0.44089600000000195, 0.41731599999999874, 0.02280099999999994, 0.017423999999999915, 0.15920099999999932, 0.30250000000000077, 1.4762249999999997, 0.0014440000000000195, 0.8648999999999994, 0.01768900000000024, 0.012996000000000176, 0.061008999999999945, 1.1278439999999987, 0.5198410000000027, 3.609999999999374E-4, 0.029240999999999785, 0.08065599999999938, 0.4408959999999996, 0.24403599999999978, 0.023104000000000312, 0.17472400000000088, 0.08065599999999938, 0.3036010000000021, 3.6100000000007236E-4, 0.30250000000000077, 0.012996000000000176, 0.15840399999999974, 0.012996000000000176, 0.0702250000000003, 0.44222499999999887, 0.6052840000000035, 0.14364099999999966, 0.03609999999999981, 0.003249000000000044, 1.1278439999999987, 0.06051599999999934, 1.4737959999999968, 0.937024, 0.19009599999999996, 0.19096900000000103, 0.13032100000000046, 0.9741689999999967, 1.010025000000005, 0.30360099999999823, 0.029240999999999785, 1.1278439999999987, 0.0014440000000000195, 0.0702250000000003, 1.0506250000000008, 0.28196099999999874, 0.08122500000000007, 3.6100000000007236E-4, 0.08122500000000007, 0.24304900000000207, 0.17472399999999938, 0.051529000000000144, 0.02280099999999994) 

8 : 

x <- c(0.0702250000000003, 0.0014440000000000195, 1.7134810000000027, 1.0899359999999974, 1.9182250000000043, 0.017688999999999764, 0.12960000000000216, 0.029240999999999785, 0.3237609999999989, 1.089936000000001, 0.5760810000000005, 0.24304900000000032, 0.30360099999999823, 0.07075600000000001, 0.34574399999999905, 0.4408959999999996, 0.029241000000000395, 0.05198399999999989, 0.01768900000000024, 0.061008999999999945, 0.22467600000000018, 0.11696400000000036, 0.02310399999999977, 0.20702500000000007, 0.3918759999999993, 0.19096900000000103, 0.3249000000000003, 1.4280250000000008, 0.14440000000000058, 0.005776000000000078, 0.22562499999999966, 0.0806560000000004, 0.24403599999999978, 0.3684489999999992, 0.2621440000000005, 0.22467600000000018, 0.02310399999999977, 0.04326400000000008, 0.3931289999999986, 1.087849000000002, 0.3237609999999989, 0.017423999999999915, 0.07075600000000001, 0.17388899999999985, 0.24403599999999978, 0.8987040000000007, 0.2631689999999999, 0.0014440000000000195, 0.19096899999999947, 0.0918090000000005, 1.1299690000000013, 0.5475999999999976, 0.32376100000000096, 3.6100000000000487E-4, 0.08122500000000007, 0.0702250000000003, 0.05198399999999989, 0.26214399999999866, 0.0519840000000007, 0.01768900000000024, 0.3237609999999989, 0.012996000000000176, 0.3237609999999989, 0.44089600000000195, 0.41731599999999874, 0.02280099999999994, 0.017423999999999915, 0.15920099999999932, 0.30250000000000077, 1.4762249999999997, 0.0014440000000000195, 0.8648999999999994, 0.01768900000000024, 0.012996000000000176, 0.061008999999999945, 1.1278439999999987, 0.5198410000000027, 3.609999999999374E-4, 0.029240999999999785, 0.08065599999999938, 0.4408959999999996, 0.24403599999999978, 0.023104000000000312, 0.17472400000000088, 0.08065599999999938, 0.3036010000000021, 3.6100000000007236E-4, 0.30250000000000077, 0.012996000000000176, 0.15840399999999974, 0.012996000000000176, 0.0702250000000003, 0.44222499999999887, 0.6052840000000035, 0.14364099999999966, 0.03609999999999981, 0.003249000000000044, 1.1278439999999987, 0.06051599999999934, 1.4737959999999968, 0.937024, 0.19009599999999996, 0.19096900000000103, 0.13032100000000046, 0.9741689999999967, 1.010025000000005, 0.30360099999999823, 0.029240999999999785, 1.1278439999999987, 0.0014440000000000195, 0.0702250000000003, 1.0506250000000008, 0.28196099999999874, 0.08122500000000007, 3.6100000000007236E-4, 0.08122500000000007, 0.24304900000000207, 0.17472399999999938, 0.051529000000000144, 0.02280099999999994) 

9 : 

x <- c(0.0702250000000003, 0.0014440000000000195, 1.7134810000000027, 1.0899359999999974, 1.9182250000000043, 0.017688999999999764, 0.12960000000000216, 0.029240999999999785, 0.3237609999999989, 1.089936000000001, 0.5760810000000005, 0.24304900000000032, 0.30360099999999823, 0.07075600000000001, 0.34574399999999905, 0.4408959999999996, 0.029241000000000395, 0.05198399999999989, 0.01768900000000024, 0.061008999999999945, 0.22467600000000018, 0.11696400000000036, 0.02310399999999977, 0.20702500000000007, 0.3918759999999993, 0.19096900000000103, 0.3249000000000003, 1.4280250000000008, 0.14440000000000058, 0.005776000000000078, 0.22562499999999966, 0.0806560000000004, 0.24403599999999978, 0.3684489999999992, 0.2621440000000005, 0.22467600000000018, 0.02310399999999977, 0.04326400000000008, 0.3931289999999986, 1.087849000000002, 0.3237609999999989, 0.017423999999999915, 0.07075600000000001, 0.17388899999999985, 0.24403599999999978, 0.8987040000000007, 0.2631689999999999, 0.0014440000000000195, 0.19096899999999947, 0.0918090000000005, 1.1299690000000013, 0.5475999999999976, 0.32376100000000096, 3.6100000000000487E-4, 0.08122500000000007, 0.0702250000000003, 0.05198399999999989, 0.26214399999999866, 0.0519840000000007, 0.01768900000000024, 0.3237609999999989, 0.012996000000000176, 0.3237609999999989, 0.44089600000000195, 0.41731599999999874, 0.02280099999999994, 0.017423999999999915, 0.15920099999999932, 0.30250000000000077, 1.4762249999999997, 0.0014440000000000195, 0.8648999999999994, 0.01768900000000024, 0.012996000000000176, 0.061008999999999945, 1.1278439999999987, 0.5198410000000027, 3.609999999999374E-4, 0.029240999999999785, 0.08065599999999938, 0.4408959999999996, 0.24403599999999978, 0.023104000000000312, 0.17472400000000088, 0.08065599999999938, 0.3036010000000021, 3.6100000000007236E-4, 0.30250000000000077, 0.012996000000000176, 0.15840399999999974, 0.012996000000000176, 0.0702250000000003, 0.44222499999999887, 0.6052840000000035, 0.14364099999999966, 0.03609999999999981, 0.003249000000000044, 1.1278439999999987, 0.06051599999999934, 1.4737959999999968, 0.937024, 0.19009599999999996, 0.19096900000000103, 0.13032100000000046, 0.9741689999999967, 1.010025000000005, 0.30360099999999823, 0.029240999999999785, 1.1278439999999987, 0.0014440000000000195, 0.0702250000000003, 1.0506250000000008, 0.28196099999999874, 0.08122500000000007, 3.6100000000007236E-4, 0.08122500000000007, 0.24304900000000207, 0.17472399999999938, 0.051529000000000144, 0.02280099999999994) 

10 : 

x <- c(0.0702250000000003, 0.0014440000000000195, 1.7134810000000027, 1.0899359999999974, 1.9182250000000043, 0.017688999999999764, 0.12960000000000216, 0.029240999999999785, 0.3237609999999989, 1.089936000000001, 0.5760810000000005, 0.24304900000000032, 0.30360099999999823, 0.07075600000000001, 0.34574399999999905, 0.4408959999999996, 0.029241000000000395, 0.05198399999999989, 0.01768900000000024, 0.061008999999999945, 0.22467600000000018, 0.11696400000000036, 0.02310399999999977, 0.20702500000000007, 0.3918759999999993, 0.19096900000000103, 0.3249000000000003, 1.4280250000000008, 0.14440000000000058, 0.005776000000000078, 0.22562499999999966, 0.0806560000000004, 0.24403599999999978, 0.3684489999999992, 0.2621440000000005, 0.22467600000000018, 0.02310399999999977, 0.04326400000000008, 0.3931289999999986, 1.087849000000002, 0.3237609999999989, 0.017423999999999915, 0.07075600000000001, 0.17388899999999985, 0.24403599999999978, 0.8987040000000007, 0.2631689999999999, 0.0014440000000000195, 0.19096899999999947, 0.0918090000000005, 1.1299690000000013, 0.5475999999999976, 0.32376100000000096, 3.6100000000000487E-4, 0.08122500000000007, 0.0702250000000003, 0.05198399999999989, 0.26214399999999866, 0.0519840000000007, 0.01768900000000024, 0.3237609999999989, 0.012996000000000176, 0.3237609999999989, 0.44089600000000195, 0.41731599999999874, 0.02280099999999994, 0.017423999999999915, 0.15920099999999932, 0.30250000000000077, 1.4762249999999997, 0.0014440000000000195, 0.8648999999999994, 0.01768900000000024, 0.012996000000000176, 0.061008999999999945, 1.1278439999999987, 0.5198410000000027, 3.609999999999374E-4, 0.029240999999999785, 0.08065599999999938, 0.4408959999999996, 0.24403599999999978, 0.023104000000000312, 0.17472400000000088, 0.08065599999999938, 0.3036010000000021, 3.6100000000007236E-4, 0.30250000000000077, 0.012996000000000176, 0.15840399999999974, 0.012996000000000176, 0.0702250000000003, 0.44222499999999887, 0.6052840000000035, 0.14364099999999966, 0.03609999999999981, 0.003249000000000044, 1.1278439999999987, 0.06051599999999934, 1.4737959999999968, 0.937024, 0.19009599999999996, 0.19096900000000103, 0.13032100000000046, 0.9741689999999967, 1.010025000000005, 0.30360099999999823, 0.029240999999999785, 1.1278439999999987, 0.0014440000000000195, 0.0702250000000003, 1.0506250000000008, 0.28196099999999874, 0.08122500000000007, 3.6100000000007236E-4, 0.08122500000000007, 0.24304900000000207, 0.17472399999999938, 0.051529000000000144, 0.02280099999999994) 

11 : 

x <- c(0.08068740397002203, 1.517408631700137E-4, 1.6493456192858822, 1.1067049329096945, 2.0138617511735664, 0.004129566169610648, 0.08678173893257334, 0.013130709953143657, 0.2671496504704804, 1.0122235804849622, 0.558305975157988, 0.2501778008702692, 0.32547638697436726, 0.054157064859190966, 0.3151341583091661, 0.42519688262874517, 0.030861614087675987, 0.05614560793867755, 0.014006284311331118, 0.05554216483392121, 0.21982047250321968, 0.12159355116347814, 0.02797406068171339, 0.22472841162360602, 0.43090387843781747, 0.23337208794006903, 0.26315533630819404, 1.3276563244710096, 0.13477784626059214, 0.0063007025374600045, 0.23066634927499555, 0.09069426238265953, 0.2685896797429658, 0.41423254329955395, 0.3178560197808449, 0.2900791033239251, 0.052185943840744216, 0.016321791124440467, 0.3046574862311503, 0.9675401441960627, 0.28699238818441125, 0.02281769861251263, 0.08314917231756186, 0.1989225917489584, 0.284552469112317, 0.9995744681546329, 0.3463231034916234, 0.015956728268971807, 0.12091605192689639, 0.05047084300758201, 0.9845278571185481, 0.4841576758263454, 0.2951947904763284, 9.274262795492662E-4, 0.08816669735208031, 0.08068740397002203, 0.06435439774245447, 0.2952649679681486, 0.07408500218557736, 0.006907802486130455, 0.2729423987325669, 0.006669483581277061, 0.29107914321559936, 0.4208707512652158, 0.4190607738157888, 0.02839307721380461, 0.01225930507724341, 0.1451781034537802, 0.2937635193567094, 1.49023658711411, 3.4823358898925294E-6, 0.8006962159575356, 0.021004349788385154, 0.009750677955256751, 0.055035341657727326, 1.1146554278630945, 0.5495672817157154, 0.0032898103906095245, 0.044029455336994934, 0.05802901620350595, 0.39437599779147026, 0.22524244826964598, 0.021010432264360487, 0.17745108883487956, 0.08862627249174078, 0.3269588460761932, 2.4276972781661602E-4, 0.3411797829893795, 0.026198297020386594, 0.20134020042366868, 0.030506670956913947, 0.04059733629595015, 0.36980289165165786, 0.544264334228145, 0.12830498101566148, 0.040532217597373514, 0.005340270281644516, 1.1653255495359822, 0.040780540884685586, 1.5672705694408808, 1.073841417177166, 0.2792787674893806, 0.29200041748581146, 0.06086190510156379, 0.7774459730366536, 0.854532354079879, 0.2455594070266775, 0.04523387671302849, 1.0323403750165308, 3.458537326952278E-4, 0.0803454080488573, 1.1026660286998446, 0.3383859229874894, 0.1217921311948694, 0.008120497340180045, 0.04554429644067122, 0.1836444794944793, 0.1338573555423841, 0.03434254887613188, 0.03497138287592) 

12 : 

x <- c(0.0702250000000003, 0.0014440000000000195, 1.7134810000000027, 1.0899359999999974, 1.9182250000000043, 0.017688999999999764, 0.12960000000000216, 0.029240999999999785, 0.3237609999999989, 1.089936000000001, 0.5760810000000005, 0.24304900000000032, 0.30360099999999823, 0.07075600000000001, 0.34574399999999905, 0.4408959999999996, 0.029241000000000395, 0.05198399999999989, 0.01768900000000024, 0.061008999999999945, 0.22467600000000018, 0.11696400000000036, 0.02310399999999977, 0.20702500000000007, 0.3918759999999993, 0.19096900000000103, 0.3249000000000003, 1.4280250000000008, 0.14440000000000058, 0.005776000000000078, 0.22562499999999966, 0.0806560000000004, 0.24403599999999978, 0.3684489999999992, 0.2621440000000005, 0.22467600000000018, 0.02310399999999977, 0.04326400000000008, 0.3931289999999986, 1.087849000000002, 0.3237609999999989, 0.017423999999999915, 0.07075600000000001, 0.17388899999999985, 0.24403599999999978, 0.8987040000000007, 0.2631689999999999, 0.0014440000000000195, 0.19096899999999947, 0.0918090000000005, 1.1299690000000013, 0.5475999999999976, 0.32376100000000096, 3.6100000000000487E-4, 0.08122500000000007, 0.0702250000000003, 0.05198399999999989, 0.26214399999999866, 0.0519840000000007, 0.01768900000000024, 0.3237609999999989, 0.012996000000000176, 0.3237609999999989, 0.44089600000000195, 0.41731599999999874, 0.02280099999999994, 0.017423999999999915, 0.15920099999999932, 0.30250000000000077, 1.4762249999999997, 0.0014440000000000195, 0.8648999999999994, 0.01768900000000024, 0.012996000000000176, 0.061008999999999945, 1.1278439999999987, 0.5198410000000027, 3.609999999999374E-4, 0.029240999999999785, 0.08065599999999938, 0.4408959999999996, 0.24403599999999978, 0.023104000000000312, 0.17472400000000088, 0.08065599999999938, 0.3036010000000021, 3.6100000000007236E-4, 0.30250000000000077, 0.012996000000000176, 0.15840399999999974, 0.012996000000000176, 0.0702250000000003, 0.44222499999999887, 0.6052840000000035, 0.14364099999999966, 0.03609999999999981, 0.003249000000000044, 1.1278439999999987, 0.06051599999999934, 1.4737959999999968, 0.937024, 0.19009599999999996, 0.19096900000000103, 0.13032100000000046, 0.9741689999999967, 1.010025000000005, 0.30360099999999823, 0.029240999999999785, 1.1278439999999987, 0.0014440000000000195, 0.0702250000000003, 1.0506250000000008, 0.28196099999999874, 0.08122500000000007, 3.6100000000007236E-4, 0.08122500000000007, 0.24304900000000207, 0.17472399999999938, 0.051529000000000144, 0.02280099999999994) 

13 : 

x <- c(0.0702250000000003, 0.0014440000000000195, 1.7134810000000027, 1.0899359999999974, 1.9182250000000043, 0.017688999999999764, 0.12960000000000216, 0.029240999999999785, 0.3237609999999989, 1.089936000000001, 0.5760810000000005, 0.24304900000000032, 0.30360099999999823, 0.07075600000000001, 0.34574399999999905, 0.4408959999999996, 0.029241000000000395, 0.05198399999999989, 0.01768900000000024, 0.061008999999999945, 0.22467600000000018, 0.11696400000000036, 0.02310399999999977, 0.20702500000000007, 0.3918759999999993, 0.19096900000000103, 0.3249000000000003, 1.4280250000000008, 0.14440000000000058, 0.005776000000000078, 0.22562499999999966, 0.0806560000000004, 0.24403599999999978, 0.3684489999999992, 0.2621440000000005, 0.22467600000000018, 0.02310399999999977, 0.04326400000000008, 0.3931289999999986, 1.087849000000002, 0.3237609999999989, 0.017423999999999915, 0.07075600000000001, 0.17388899999999985, 0.24403599999999978, 0.8987040000000007, 0.2631689999999999, 0.0014440000000000195, 0.19096899999999947, 0.0918090000000005, 1.1299690000000013, 0.5475999999999976, 0.32376100000000096, 3.6100000000000487E-4, 0.08122500000000007, 0.0702250000000003, 0.05198399999999989, 0.26214399999999866, 0.0519840000000007, 0.01768900000000024, 0.3237609999999989, 0.012996000000000176, 0.3237609999999989, 0.44089600000000195, 0.41731599999999874, 0.02280099999999994, 0.017423999999999915, 0.15920099999999932, 0.30250000000000077, 1.4762249999999997, 0.0014440000000000195, 0.8648999999999994, 0.01768900000000024, 0.012996000000000176, 0.061008999999999945, 1.1278439999999987, 0.5198410000000027, 3.609999999999374E-4, 0.029240999999999785, 0.08065599999999938, 0.4408959999999996, 0.24403599999999978, 0.023104000000000312, 0.17472400000000088, 0.08065599999999938, 0.3036010000000021, 3.6100000000007236E-4, 0.30250000000000077, 0.012996000000000176, 0.15840399999999974, 0.012996000000000176, 0.0702250000000003, 0.44222499999999887, 0.6052840000000035, 0.14364099999999966, 0.03609999999999981, 0.003249000000000044, 1.1278439999999987, 0.06051599999999934, 1.4737959999999968, 0.937024, 0.19009599999999996, 0.19096900000000103, 0.13032100000000046, 0.9741689999999967, 1.010025000000005, 0.30360099999999823, 0.029240999999999785, 1.1278439999999987, 0.0014440000000000195, 0.0702250000000003, 1.0506250000000008, 0.28196099999999874, 0.08122500000000007, 3.6100000000007236E-4, 0.08122500000000007, 0.24304900000000207, 0.17472399999999938, 0.051529000000000144, 0.02280099999999994) 

14 : 

x <- c(0.0702250000000003, 0.0014440000000000195, 1.7134810000000027, 1.0899359999999974, 1.9182250000000043, 0.017688999999999764, 0.12960000000000216, 0.029240999999999785, 0.3237609999999989, 1.089936000000001, 0.5760810000000005, 0.24304900000000032, 0.30360099999999823, 0.07075600000000001, 0.34574399999999905, 0.4408959999999996, 0.029241000000000395, 0.05198399999999989, 0.01768900000000024, 0.061008999999999945, 0.22467600000000018, 0.11696400000000036, 0.02310399999999977, 0.20702500000000007, 0.3918759999999993, 0.19096900000000103, 0.3249000000000003, 1.4280250000000008, 0.14440000000000058, 0.005776000000000078, 0.22562499999999966, 0.0806560000000004, 0.24403599999999978, 0.3684489999999992, 0.2621440000000005, 0.22467600000000018, 0.02310399999999977, 0.04326400000000008, 0.3931289999999986, 1.087849000000002, 0.3237609999999989, 0.017423999999999915, 0.07075600000000001, 0.17388899999999985, 0.24403599999999978, 0.8987040000000007, 0.2631689999999999, 0.0014440000000000195, 0.19096899999999947, 0.0918090000000005, 1.1299690000000013, 0.5475999999999976, 0.32376100000000096, 3.6100000000000487E-4, 0.08122500000000007, 0.0702250000000003, 0.05198399999999989, 0.26214399999999866, 0.0519840000000007, 0.01768900000000024, 0.3237609999999989, 0.012996000000000176, 0.3237609999999989, 0.44089600000000195, 0.41731599999999874, 0.02280099999999994, 0.017423999999999915, 0.15920099999999932, 0.30250000000000077, 1.4762249999999997, 0.0014440000000000195, 0.8648999999999994, 0.01768900000000024, 0.012996000000000176, 0.061008999999999945, 1.1278439999999987, 0.5198410000000027, 3.609999999999374E-4, 0.029240999999999785, 0.08065599999999938, 0.4408959999999996, 0.24403599999999978, 0.023104000000000312, 0.17472400000000088, 0.08065599999999938, 0.3036010000000021, 3.6100000000007236E-4, 0.30250000000000077, 0.012996000000000176, 0.15840399999999974, 0.012996000000000176, 0.0702250000000003, 0.44222499999999887, 0.6052840000000035, 0.14364099999999966, 0.03609999999999981, 0.003249000000000044, 1.1278439999999987, 0.06051599999999934, 1.4737959999999968, 0.937024, 0.19009599999999996, 0.19096900000000103, 0.13032100000000046, 0.9741689999999967, 1.010025000000005, 0.30360099999999823, 0.029240999999999785, 1.1278439999999987, 0.0014440000000000195, 0.0702250000000003, 1.0506250000000008, 0.28196099999999874, 0.08122500000000007, 3.6100000000007236E-4, 0.08122500000000007, 0.24304900000000207, 0.17472399999999938, 0.051529000000000144, 0.02280099999999994) 

15 : 

x <- c(0.0702250000000003, 0.0014440000000000195, 1.7134810000000027, 1.0899359999999974, 1.9182250000000043, 0.017688999999999764, 0.12960000000000216, 0.029240999999999785, 0.3237609999999989, 1.089936000000001, 0.5760810000000005, 0.24304900000000032, 0.30360099999999823, 0.07075600000000001, 0.34574399999999905, 0.4408959999999996, 0.029241000000000395, 0.05198399999999989, 0.01768900000000024, 0.061008999999999945, 0.22467600000000018, 0.11696400000000036, 0.02310399999999977, 0.20702500000000007, 0.3918759999999993, 0.19096900000000103, 0.3249000000000003, 1.4280250000000008, 0.14440000000000058, 0.005776000000000078, 0.22562499999999966, 0.0806560000000004, 0.24403599999999978, 0.3684489999999992, 0.2621440000000005, 0.22467600000000018, 0.02310399999999977, 0.04326400000000008, 0.3931289999999986, 1.087849000000002, 0.3237609999999989, 0.017423999999999915, 0.07075600000000001, 0.17388899999999985, 0.24403599999999978, 0.8987040000000007, 0.2631689999999999, 0.0014440000000000195, 0.19096899999999947, 0.0918090000000005, 1.1299690000000013, 0.5475999999999976, 0.32376100000000096, 3.6100000000000487E-4, 0.08122500000000007, 0.0702250000000003, 0.05198399999999989, 0.26214399999999866, 0.0519840000000007, 0.01768900000000024, 0.3237609999999989, 0.012996000000000176, 0.3237609999999989, 0.44089600000000195, 0.41731599999999874, 0.02280099999999994, 0.017423999999999915, 0.15920099999999932, 0.30250000000000077, 1.4762249999999997, 0.0014440000000000195, 0.8648999999999994, 0.01768900000000024, 0.012996000000000176, 0.061008999999999945, 1.1278439999999987, 0.5198410000000027, 3.609999999999374E-4, 0.029240999999999785, 0.08065599999999938, 0.4408959999999996, 0.24403599999999978, 0.023104000000000312, 0.17472400000000088, 0.08065599999999938, 0.3036010000000021, 3.6100000000007236E-4, 0.30250000000000077, 0.012996000000000176, 0.15840399999999974, 0.012996000000000176, 0.0702250000000003, 0.44222499999999887, 0.6052840000000035, 0.14364099999999966, 0.03609999999999981, 0.003249000000000044, 1.1278439999999987, 0.06051599999999934, 1.4737959999999968, 0.937024, 0.19009599999999996, 0.19096900000000103, 0.13032100000000046, 0.9741689999999967, 1.010025000000005, 0.30360099999999823, 0.029240999999999785, 1.1278439999999987, 0.0014440000000000195, 0.0702250000000003, 1.0506250000000008, 0.28196099999999874, 0.08122500000000007, 3.6100000000007236E-4, 0.08122500000000007, 0.24304900000000207, 0.17472399999999938, 0.051529000000000144, 0.02280099999999994) 

16 : 

x <- c(0.0702250000000003, 0.0014440000000000195, 1.7134810000000027, 1.0899359999999974, 1.9182250000000043, 0.017688999999999764, 0.12960000000000216, 0.029240999999999785, 0.3237609999999989, 1.089936000000001, 0.5760810000000005, 0.24304900000000032, 0.30360099999999823, 0.07075600000000001, 0.34574399999999905, 0.4408959999999996, 0.029241000000000395, 0.05198399999999989, 0.01768900000000024, 0.061008999999999945, 0.22467600000000018, 0.11696400000000036, 0.02310399999999977, 0.20702500000000007, 0.3918759999999993, 0.19096900000000103, 0.3249000000000003, 1.4280250000000008, 0.14440000000000058, 0.005776000000000078, 0.22562499999999966, 0.0806560000000004, 0.24403599999999978, 0.3684489999999992, 0.2621440000000005, 0.22467600000000018, 0.02310399999999977, 0.04326400000000008, 0.3931289999999986, 1.087849000000002, 0.3237609999999989, 0.017423999999999915, 0.07075600000000001, 0.17388899999999985, 0.24403599999999978, 0.8987040000000007, 0.2631689999999999, 0.0014440000000000195, 0.19096899999999947, 0.0918090000000005, 1.1299690000000013, 0.5475999999999976, 0.32376100000000096, 3.6100000000000487E-4, 0.08122500000000007, 0.0702250000000003, 0.05198399999999989, 0.26214399999999866, 0.0519840000000007, 0.01768900000000024, 0.3237609999999989, 0.012996000000000176, 0.3237609999999989, 0.44089600000000195, 0.41731599999999874, 0.02280099999999994, 0.017423999999999915, 0.15920099999999932, 0.30250000000000077, 1.4762249999999997, 0.0014440000000000195, 0.8648999999999994, 0.01768900000000024, 0.012996000000000176, 0.061008999999999945, 1.1278439999999987, 0.5198410000000027, 3.609999999999374E-4, 0.029240999999999785, 0.08065599999999938, 0.4408959999999996, 0.24403599999999978, 0.023104000000000312, 0.17472400000000088, 0.08065599999999938, 0.3036010000000021, 3.6100000000007236E-4, 0.30250000000000077, 0.012996000000000176, 0.15840399999999974, 0.012996000000000176, 0.0702250000000003, 0.44222499999999887, 0.6052840000000035, 0.14364099999999966, 0.03609999999999981, 0.003249000000000044, 1.1278439999999987, 0.06051599999999934, 1.4737959999999968, 0.937024, 0.19009599999999996, 0.19096900000000103, 0.13032100000000046, 0.9741689999999967, 1.010025000000005, 0.30360099999999823, 0.029240999999999785, 1.1278439999999987, 0.0014440000000000195, 0.0702250000000003, 1.0506250000000008, 0.28196099999999874, 0.08122500000000007, 3.6100000000007236E-4, 0.08122500000000007, 0.24304900000000207, 0.17472399999999938, 0.051529000000000144, 0.02280099999999994) 

17 : 

x <- c(0.07447160167303749, 7.485553516849818E-4, 1.6867604471076971, 1.096868057740929, 1.9575663007862225, 0.010924601412068108, 0.11082154511340948, 0.021794117566810267, 0.29964662047139173, 1.0573900413725292, 0.5686827785003544, 0.2459900541870366, 0.31257193914888415, 0.06361003188831142, 0.33288983298941294, 0.43435711994603377, 0.02990713889543646, 0.05368876863649134, 0.01611110945172651, 0.05871288972543729, 0.22265785557558565, 0.11887118237883065, 0.02506526397407641, 0.21427164642513255, 0.40782102641104817, 0.208021771657744, 0.29852960983470933, 1.385997251050951, 0.14037316592834798, 0.005990623922865362, 0.22770693917650306, 0.0847435724540612, 0.25406613953179474, 0.38709250993767286, 0.2845754353194996, 0.2507610325947577, 0.033735074678214905, 0.03053902064914769, 0.35510760371959554, 1.0371483168075457, 0.3082584694380996, 0.019570570346570372, 0.07576937646037143, 0.18405656726872008, 0.26044515225144654, 0.9398451747008003, 0.29623791406676137, 0.005563983618655505, 0.1600113635472535, 0.0731927214607377, 1.0684956248086257, 0.5208412531595671, 0.3117655988205717, 5.638444003428208E-4, 0.08406650740637331, 0.07447160167303749, 0.056949173877629065, 0.2756274626302878, 0.06066697889697669, 0.012618307145845883, 0.30218011816353196, 0.010121159547320189, 0.3100095543758205, 0.4325428096964606, 0.41803844113847455, 0.02504353638413061, 0.015174332212388075, 0.15331270427236282, 0.2988648292914775, 1.4820221551538577, 5.303463786625438E-4, 0.8379991432045192, 0.019028063893231698, 0.011594954123774875, 0.05849670036037713, 1.1223703901208342, 0.5320567162678728, 0.0012174345974237325, 0.03500214269727873, 0.07083041465996269, 0.42130755516150015, 0.236158230645838, 0.022224545812264077, 0.17585130660289156, 0.08391263336256548, 0.31317344769621236, 2.183326416812985E-5, 0.31824327939597075, 0.01791008446717311, 0.17556905009141563, 0.01935796243758419, 0.05697103649641995, 0.41143432866891666, 0.5796094867504947, 0.13718207024618564, 0.03790519754259051, 0.004052719867143841, 1.143298764386662, 0.05186831320977446, 1.5121750634708062, 0.9925785039967971, 0.22497077541364244, 0.23023472927401623, 0.09837309717865077, 0.8899749303679014, 0.9440263180708696, 0.2788072215584357, 0.0354454567189151, 1.0877630541948193, 8.976699751894546E-4, 0.0743353931332512, 1.0720336611496668, 0.3047146053417372, 0.09703896467228415, 0.0023486995878566, 0.0651984010008401, 0.21742858533139536, 0.15713285896028903, 0.0439868246039941, 0.027528753982794515) 

18 : 

x <- c(0.0702250000000003, 0.0014440000000000195, 1.7134810000000027, 1.0899359999999974, 1.9182250000000043, 0.017688999999999764, 0.12960000000000216, 0.029240999999999785, 0.3237609999999989, 1.089936000000001, 0.5760810000000005, 0.24304900000000032, 0.30360099999999823, 0.07075600000000001, 0.34574399999999905, 0.4408959999999996, 0.029241000000000395, 0.05198399999999989, 0.01768900000000024, 0.061008999999999945, 0.22467600000000018, 0.11696400000000036, 0.02310399999999977, 0.20702500000000007, 0.3918759999999993, 0.19096900000000103, 0.3249000000000003, 1.4280250000000008, 0.14440000000000058, 0.005776000000000078, 0.22562499999999966, 0.0806560000000004, 0.24403599999999978, 0.3684489999999992, 0.2621440000000005, 0.22467600000000018, 0.02310399999999977, 0.04326400000000008, 0.3931289999999986, 1.087849000000002, 0.3237609999999989, 0.017423999999999915, 0.07075600000000001, 0.17388899999999985, 0.24403599999999978, 0.8987040000000007, 0.2631689999999999, 0.0014440000000000195, 0.19096899999999947, 0.0918090000000005, 1.1299690000000013, 0.5475999999999976, 0.32376100000000096, 3.6100000000000487E-4, 0.08122500000000007, 0.0702250000000003, 0.05198399999999989, 0.26214399999999866, 0.0519840000000007, 0.01768900000000024, 0.3237609999999989, 0.012996000000000176, 0.3237609999999989, 0.44089600000000195, 0.41731599999999874, 0.02280099999999994, 0.017423999999999915, 0.15920099999999932, 0.30250000000000077, 1.4762249999999997, 0.0014440000000000195, 0.8648999999999994, 0.01768900000000024, 0.012996000000000176, 0.061008999999999945, 1.1278439999999987, 0.5198410000000027, 3.609999999999374E-4, 0.029240999999999785, 0.08065599999999938, 0.4408959999999996, 0.24403599999999978, 0.023104000000000312, 0.17472400000000088, 0.08065599999999938, 0.3036010000000021, 3.6100000000007236E-4, 0.30250000000000077, 0.012996000000000176, 0.15840399999999974, 0.012996000000000176, 0.0702250000000003, 0.44222499999999887, 0.6052840000000035, 0.14364099999999966, 0.03609999999999981, 0.003249000000000044, 1.1278439999999987, 0.06051599999999934, 1.4737959999999968, 0.937024, 0.19009599999999996, 0.19096900000000103, 0.13032100000000046, 0.9741689999999967, 1.010025000000005, 0.30360099999999823, 0.029240999999999785, 1.1278439999999987, 0.0014440000000000195, 0.0702250000000003, 1.0506250000000008, 0.28196099999999874, 0.08122500000000007, 3.6100000000007236E-4, 0.08122500000000007, 0.24304900000000207, 0.17472399999999938, 0.051529000000000144, 0.02280099999999994) 

19 : 

x <- c(0.0702250000000003, 0.0014440000000000195, 1.7134810000000027, 1.0899359999999974, 1.9182250000000043, 0.017688999999999764, 0.12960000000000216, 0.029240999999999785, 0.3237609999999989, 1.089936000000001, 0.5760810000000005, 0.24304900000000032, 0.30360099999999823, 0.07075600000000001, 0.34574399999999905, 0.4408959999999996, 0.029241000000000395, 0.05198399999999989, 0.01768900000000024, 0.061008999999999945, 0.22467600000000018, 0.11696400000000036, 0.02310399999999977, 0.20702500000000007, 0.3918759999999993, 0.19096900000000103, 0.3249000000000003, 1.4280250000000008, 0.14440000000000058, 0.005776000000000078, 0.22562499999999966, 0.0806560000000004, 0.24403599999999978, 0.3684489999999992, 0.2621440000000005, 0.22467600000000018, 0.02310399999999977, 0.04326400000000008, 0.3931289999999986, 1.087849000000002, 0.3237609999999989, 0.017423999999999915, 0.07075600000000001, 0.17388899999999985, 0.24403599999999978, 0.8987040000000007, 0.2631689999999999, 0.0014440000000000195, 0.19096899999999947, 0.0918090000000005, 1.1299690000000013, 0.5475999999999976, 0.32376100000000096, 3.6100000000000487E-4, 0.08122500000000007, 0.0702250000000003, 0.05198399999999989, 0.26214399999999866, 0.0519840000000007, 0.01768900000000024, 0.3237609999999989, 0.012996000000000176, 0.3237609999999989, 0.44089600000000195, 0.41731599999999874, 0.02280099999999994, 0.017423999999999915, 0.15920099999999932, 0.30250000000000077, 1.4762249999999997, 0.0014440000000000195, 0.8648999999999994, 0.01768900000000024, 0.012996000000000176, 0.061008999999999945, 1.1278439999999987, 0.5198410000000027, 3.609999999999374E-4, 0.029240999999999785, 0.08065599999999938, 0.4408959999999996, 0.24403599999999978, 0.023104000000000312, 0.17472400000000088, 0.08065599999999938, 0.3036010000000021, 3.6100000000007236E-4, 0.30250000000000077, 0.012996000000000176, 0.15840399999999974, 0.012996000000000176, 0.0702250000000003, 0.44222499999999887, 0.6052840000000035, 0.14364099999999966, 0.03609999999999981, 0.003249000000000044, 1.1278439999999987, 0.06051599999999934, 1.4737959999999968, 0.937024, 0.19009599999999996, 0.19096900000000103, 0.13032100000000046, 0.9741689999999967, 1.010025000000005, 0.30360099999999823, 0.029240999999999785, 1.1278439999999987, 0.0014440000000000195, 0.0702250000000003, 1.0506250000000008, 0.28196099999999874, 0.08122500000000007, 3.6100000000007236E-4, 0.08122500000000007, 0.24304900000000207, 0.17472399999999938, 0.051529000000000144, 0.02280099999999994) 

20 : 

x <- c(0.0702250000000003, 0.0014440000000000195, 1.7134810000000027, 1.0899359999999974, 1.9182250000000043, 0.017688999999999764, 0.12960000000000216, 0.029240999999999785, 0.3237609999999989, 1.089936000000001, 0.5760810000000005, 0.24304900000000032, 0.30360099999999823, 0.07075600000000001, 0.34574399999999905, 0.4408959999999996, 0.029241000000000395, 0.05198399999999989, 0.01768900000000024, 0.061008999999999945, 0.22467600000000018, 0.11696400000000036, 0.02310399999999977, 0.20702500000000007, 0.3918759999999993, 0.19096900000000103, 0.3249000000000003, 1.4280250000000008, 0.14440000000000058, 0.005776000000000078, 0.22562499999999966, 0.0806560000000004, 0.24403599999999978, 0.3684489999999992, 0.2621440000000005, 0.22467600000000018, 0.02310399999999977, 0.04326400000000008, 0.3931289999999986, 1.087849000000002, 0.3237609999999989, 0.017423999999999915, 0.07075600000000001, 0.17388899999999985, 0.24403599999999978, 0.8987040000000007, 0.2631689999999999, 0.0014440000000000195, 0.19096899999999947, 0.0918090000000005, 1.1299690000000013, 0.5475999999999976, 0.32376100000000096, 3.6100000000000487E-4, 0.08122500000000007, 0.0702250000000003, 0.05198399999999989, 0.26214399999999866, 0.0519840000000007, 0.01768900000000024, 0.3237609999999989, 0.012996000000000176, 0.3237609999999989, 0.44089600000000195, 0.41731599999999874, 0.02280099999999994, 0.017423999999999915, 0.15920099999999932, 0.30250000000000077, 1.4762249999999997, 0.0014440000000000195, 0.8648999999999994, 0.01768900000000024, 0.012996000000000176, 0.061008999999999945, 1.1278439999999987, 0.5198410000000027, 3.609999999999374E-4, 0.029240999999999785, 0.08065599999999938, 0.4408959999999996, 0.24403599999999978, 0.023104000000000312, 0.17472400000000088, 0.08065599999999938, 0.3036010000000021, 3.6100000000007236E-4, 0.30250000000000077, 0.012996000000000176, 0.15840399999999974, 0.012996000000000176, 0.0702250000000003, 0.44222499999999887, 0.6052840000000035, 0.14364099999999966, 0.03609999999999981, 0.003249000000000044, 1.1278439999999987, 0.06051599999999934, 1.4737959999999968, 0.937024, 0.19009599999999996, 0.19096900000000103, 0.13032100000000046, 0.9741689999999967, 1.010025000000005, 0.30360099999999823, 0.029240999999999785, 1.1278439999999987, 0.0014440000000000195, 0.0702250000000003, 1.0506250000000008, 0.28196099999999874, 0.08122500000000007, 3.6100000000007236E-4, 0.08122500000000007, 0.24304900000000207, 0.17472399999999938, 0.051529000000000144, 0.02280099999999994) 

21 : 

x <- c(0.0702250000000003, 0.0014440000000000195, 1.7134810000000027, 1.0899359999999974, 1.9182250000000043, 0.017688999999999764, 0.12960000000000216, 0.029240999999999785, 0.3237609999999989, 1.089936000000001, 0.5760810000000005, 0.24304900000000032, 0.30360099999999823, 0.07075600000000001, 0.34574399999999905, 0.4408959999999996, 0.029241000000000395, 0.05198399999999989, 0.01768900000000024, 0.061008999999999945, 0.22467600000000018, 0.11696400000000036, 0.02310399999999977, 0.20702500000000007, 0.3918759999999993, 0.19096900000000103, 0.3249000000000003, 1.4280250000000008, 0.14440000000000058, 0.005776000000000078, 0.22562499999999966, 0.0806560000000004, 0.24403599999999978, 0.3684489999999992, 0.2621440000000005, 0.22467600000000018, 0.02310399999999977, 0.04326400000000008, 0.3931289999999986, 1.087849000000002, 0.3237609999999989, 0.017423999999999915, 0.07075600000000001, 0.17388899999999985, 0.24403599999999978, 0.8987040000000007, 0.2631689999999999, 0.0014440000000000195, 0.19096899999999947, 0.0918090000000005, 1.1299690000000013, 0.5475999999999976, 0.32376100000000096, 3.6100000000000487E-4, 0.08122500000000007, 0.0702250000000003, 0.05198399999999989, 0.26214399999999866, 0.0519840000000007, 0.01768900000000024, 0.3237609999999989, 0.012996000000000176, 0.3237609999999989, 0.44089600000000195, 0.41731599999999874, 0.02280099999999994, 0.017423999999999915, 0.15920099999999932, 0.30250000000000077, 1.4762249999999997, 0.0014440000000000195, 0.8648999999999994, 0.01768900000000024, 0.012996000000000176, 0.061008999999999945, 1.1278439999999987, 0.5198410000000027, 3.609999999999374E-4, 0.029240999999999785, 0.08065599999999938, 0.4408959999999996, 0.24403599999999978, 0.023104000000000312, 0.17472400000000088, 0.08065599999999938, 0.3036010000000021, 3.6100000000007236E-4, 0.30250000000000077, 0.012996000000000176, 0.15840399999999974, 0.012996000000000176, 0.0702250000000003, 0.44222499999999887, 0.6052840000000035, 0.14364099999999966, 0.03609999999999981, 0.003249000000000044, 1.1278439999999987, 0.06051599999999934, 1.4737959999999968, 0.937024, 0.19009599999999996, 0.19096900000000103, 0.13032100000000046, 0.9741689999999967, 1.010025000000005, 0.30360099999999823, 0.029240999999999785, 1.1278439999999987, 0.0014440000000000195, 0.0702250000000003, 1.0506250000000008, 0.28196099999999874, 0.08122500000000007, 3.6100000000007236E-4, 0.08122500000000007, 0.24304900000000207, 0.17472399999999938, 0.051529000000000144, 0.02280099999999994) 

22 : 

x <- c(0.0702250000000003, 0.0014440000000000195, 1.7134810000000027, 1.0899359999999974, 1.9182250000000043, 0.017688999999999764, 0.12960000000000216, 0.029240999999999785, 0.3237609999999989, 1.089936000000001, 0.5760810000000005, 0.24304900000000032, 0.30360099999999823, 0.07075600000000001, 0.34574399999999905, 0.4408959999999996, 0.029241000000000395, 0.05198399999999989, 0.01768900000000024, 0.061008999999999945, 0.22467600000000018, 0.11696400000000036, 0.02310399999999977, 0.20702500000000007, 0.3918759999999993, 0.19096900000000103, 0.3249000000000003, 1.4280250000000008, 0.14440000000000058, 0.005776000000000078, 0.22562499999999966, 0.0806560000000004, 0.24403599999999978, 0.3684489999999992, 0.2621440000000005, 0.22467600000000018, 0.02310399999999977, 0.04326400000000008, 0.3931289999999986, 1.087849000000002, 0.3237609999999989, 0.017423999999999915, 0.07075600000000001, 0.17388899999999985, 0.24403599999999978, 0.8987040000000007, 0.2631689999999999, 0.0014440000000000195, 0.19096899999999947, 0.0918090000000005, 1.1299690000000013, 0.5475999999999976, 0.32376100000000096, 3.6100000000000487E-4, 0.08122500000000007, 0.0702250000000003, 0.05198399999999989, 0.26214399999999866, 0.0519840000000007, 0.01768900000000024, 0.3237609999999989, 0.012996000000000176, 0.3237609999999989, 0.44089600000000195, 0.41731599999999874, 0.02280099999999994, 0.017423999999999915, 0.15920099999999932, 0.30250000000000077, 1.4762249999999997, 0.0014440000000000195, 0.8648999999999994, 0.01768900000000024, 0.012996000000000176, 0.061008999999999945, 1.1278439999999987, 0.5198410000000027, 3.609999999999374E-4, 0.029240999999999785, 0.08065599999999938, 0.4408959999999996, 0.24403599999999978, 0.023104000000000312, 0.17472400000000088, 0.08065599999999938, 0.3036010000000021, 3.6100000000007236E-4, 0.30250000000000077, 0.012996000000000176, 0.15840399999999974, 0.012996000000000176, 0.0702250000000003, 0.44222499999999887, 0.6052840000000035, 0.14364099999999966, 0.03609999999999981, 0.003249000000000044, 1.1278439999999987, 0.06051599999999934, 1.4737959999999968, 0.937024, 0.19009599999999996, 0.19096900000000103, 0.13032100000000046, 0.9741689999999967, 1.010025000000005, 0.30360099999999823, 0.029240999999999785, 1.1278439999999987, 0.0014440000000000195, 0.0702250000000003, 1.0506250000000008, 0.28196099999999874, 0.08122500000000007, 3.6100000000007236E-4, 0.08122500000000007, 0.24304900000000207, 0.17472399999999938, 0.051529000000000144, 0.02280099999999994) 

23 : 

x <- c(0.0702250000000003, 0.0014440000000000195, 1.7134810000000027, 1.0899359999999974, 1.9182250000000043, 0.017688999999999764, 0.12960000000000216, 0.029240999999999785, 0.3237609999999989, 1.089936000000001, 0.5760810000000005, 0.24304900000000032, 0.30360099999999823, 0.07075600000000001, 0.34574399999999905, 0.4408959999999996, 0.029241000000000395, 0.05198399999999989, 0.01768900000000024, 0.061008999999999945, 0.22467600000000018, 0.11696400000000036, 0.02310399999999977, 0.20702500000000007, 0.3918759999999993, 0.19096900000000103, 0.3249000000000003, 1.4280250000000008, 0.14440000000000058, 0.005776000000000078, 0.22562499999999966, 0.0806560000000004, 0.24403599999999978, 0.3684489999999992, 0.2621440000000005, 0.22467600000000018, 0.02310399999999977, 0.04326400000000008, 0.3931289999999986, 1.087849000000002, 0.3237609999999989, 0.017423999999999915, 0.07075600000000001, 0.17388899999999985, 0.24403599999999978, 0.8987040000000007, 0.2631689999999999, 0.0014440000000000195, 0.19096899999999947, 0.0918090000000005, 1.1299690000000013, 0.5475999999999976, 0.32376100000000096, 3.6100000000000487E-4, 0.08122500000000007, 0.0702250000000003, 0.05198399999999989, 0.26214399999999866, 0.0519840000000007, 0.01768900000000024, 0.3237609999999989, 0.012996000000000176, 0.3237609999999989, 0.44089600000000195, 0.41731599999999874, 0.02280099999999994, 0.017423999999999915, 0.15920099999999932, 0.30250000000000077, 1.4762249999999997, 0.0014440000000000195, 0.8648999999999994, 0.01768900000000024, 0.012996000000000176, 0.061008999999999945, 1.1278439999999987, 0.5198410000000027, 3.609999999999374E-4, 0.029240999999999785, 0.08065599999999938, 0.4408959999999996, 0.24403599999999978, 0.023104000000000312, 0.17472400000000088, 0.08065599999999938, 0.3036010000000021, 3.6100000000007236E-4, 0.30250000000000077, 0.012996000000000176, 0.15840399999999974, 0.012996000000000176, 0.0702250000000003, 0.44222499999999887, 0.6052840000000035, 0.14364099999999966, 0.03609999999999981, 0.003249000000000044, 1.1278439999999987, 0.06051599999999934, 1.4737959999999968, 0.937024, 0.19009599999999996, 0.19096900000000103, 0.13032100000000046, 0.9741689999999967, 1.010025000000005, 0.30360099999999823, 0.029240999999999785, 1.1278439999999987, 0.0014440000000000195, 0.0702250000000003, 1.0506250000000008, 0.28196099999999874, 0.08122500000000007, 3.6100000000007236E-4, 0.08122500000000007, 0.24304900000000207, 0.17472399999999938, 0.051529000000000144, 0.02280099999999994) 

24 : 

x <- c(0.0702250000000003, 0.0014440000000000195, 1.7134810000000027, 1.0899359999999974, 1.9182250000000043, 0.017688999999999764, 0.12960000000000216, 0.029240999999999785, 0.3237609999999989, 1.089936000000001, 0.5760810000000005, 0.24304900000000032, 0.30360099999999823, 0.07075600000000001, 0.34574399999999905, 0.4408959999999996, 0.029241000000000395, 0.05198399999999989, 0.01768900000000024, 0.061008999999999945, 0.22467600000000018, 0.11696400000000036, 0.02310399999999977, 0.20702500000000007, 0.3918759999999993, 0.19096900000000103, 0.3249000000000003, 1.4280250000000008, 0.14440000000000058, 0.005776000000000078, 0.22562499999999966, 0.0806560000000004, 0.24403599999999978, 0.3684489999999992, 0.2621440000000005, 0.22467600000000018, 0.02310399999999977, 0.04326400000000008, 0.3931289999999986, 1.087849000000002, 0.3237609999999989, 0.017423999999999915, 0.07075600000000001, 0.17388899999999985, 0.24403599999999978, 0.8987040000000007, 0.2631689999999999, 0.0014440000000000195, 0.19096899999999947, 0.0918090000000005, 1.1299690000000013, 0.5475999999999976, 0.32376100000000096, 3.6100000000000487E-4, 0.08122500000000007, 0.0702250000000003, 0.05198399999999989, 0.26214399999999866, 0.0519840000000007, 0.01768900000000024, 0.3237609999999989, 0.012996000000000176, 0.3237609999999989, 0.44089600000000195, 0.41731599999999874, 0.02280099999999994, 0.017423999999999915, 0.15920099999999932, 0.30250000000000077, 1.4762249999999997, 0.0014440000000000195, 0.8648999999999994, 0.01768900000000024, 0.012996000000000176, 0.061008999999999945, 1.1278439999999987, 0.5198410000000027, 3.609999999999374E-4, 0.029240999999999785, 0.08065599999999938, 0.4408959999999996, 0.24403599999999978, 0.023104000000000312, 0.17472400000000088, 0.08065599999999938, 0.3036010000000021, 3.6100000000007236E-4, 0.30250000000000077, 0.012996000000000176, 0.15840399999999974, 0.012996000000000176, 0.0702250000000003, 0.44222499999999887, 0.6052840000000035, 0.14364099999999966, 0.03609999999999981, 0.003249000000000044, 1.1278439999999987, 0.06051599999999934, 1.4737959999999968, 0.937024, 0.19009599999999996, 0.19096900000000103, 0.13032100000000046, 0.9741689999999967, 1.010025000000005, 0.30360099999999823, 0.029240999999999785, 1.1278439999999987, 0.0014440000000000195, 0.0702250000000003, 1.0506250000000008, 0.28196099999999874, 0.08122500000000007, 3.6100000000007236E-4, 0.08122500000000007, 0.24304900000000207, 0.17472399999999938, 0.051529000000000144, 0.02280099999999994) 

25 : 

x <- c(0.0702250000000003, 0.0014440000000000195, 1.7134810000000027, 1.0899359999999974, 1.9182250000000043, 0.017688999999999764, 0.12960000000000216, 0.029240999999999785, 0.3237609999999989, 1.089936000000001, 0.5760810000000005, 0.24304900000000032, 0.30360099999999823, 0.07075600000000001, 0.34574399999999905, 0.4408959999999996, 0.029241000000000395, 0.05198399999999989, 0.01768900000000024, 0.061008999999999945, 0.22467600000000018, 0.11696400000000036, 0.02310399999999977, 0.20702500000000007, 0.3918759999999993, 0.19096900000000103, 0.3249000000000003, 1.4280250000000008, 0.14440000000000058, 0.005776000000000078, 0.22562499999999966, 0.0806560000000004, 0.24403599999999978, 0.3684489999999992, 0.2621440000000005, 0.22467600000000018, 0.02310399999999977, 0.04326400000000008, 0.3931289999999986, 1.087849000000002, 0.3237609999999989, 0.017423999999999915, 0.07075600000000001, 0.17388899999999985, 0.24403599999999978, 0.8987040000000007, 0.2631689999999999, 0.0014440000000000195, 0.19096899999999947, 0.0918090000000005, 1.1299690000000013, 0.5475999999999976, 0.32376100000000096, 3.6100000000000487E-4, 0.08122500000000007, 0.0702250000000003, 0.05198399999999989, 0.26214399999999866, 0.0519840000000007, 0.01768900000000024, 0.3237609999999989, 0.012996000000000176, 0.3237609999999989, 0.44089600000000195, 0.41731599999999874, 0.02280099999999994, 0.017423999999999915, 0.15920099999999932, 0.30250000000000077, 1.4762249999999997, 0.0014440000000000195, 0.8648999999999994, 0.01768900000000024, 0.012996000000000176, 0.061008999999999945, 1.1278439999999987, 0.5198410000000027, 3.609999999999374E-4, 0.029240999999999785, 0.08065599999999938, 0.4408959999999996, 0.24403599999999978, 0.023104000000000312, 0.17472400000000088, 0.08065599999999938, 0.3036010000000021, 3.6100000000007236E-4, 0.30250000000000077, 0.012996000000000176, 0.15840399999999974, 0.012996000000000176, 0.0702250000000003, 0.44222499999999887, 0.6052840000000035, 0.14364099999999966, 0.03609999999999981, 0.003249000000000044, 1.1278439999999987, 0.06051599999999934, 1.4737959999999968, 0.937024, 0.19009599999999996, 0.19096900000000103, 0.13032100000000046, 0.9741689999999967, 1.010025000000005, 0.30360099999999823, 0.029240999999999785, 1.1278439999999987, 0.0014440000000000195, 0.0702250000000003, 1.0506250000000008, 0.28196099999999874, 0.08122500000000007, 3.6100000000007236E-4, 0.08122500000000007, 0.24304900000000207, 0.17472399999999938, 0.051529000000000144, 0.02280099999999994) 

26 : 

x <- c(0.07156102743192655, 0.0011984474380892383, 1.7049666325846877, 1.092136577488848, 1.9306841013749148, 0.015363482264556142, 0.12347310244754983, 0.02675600850875505, 0.31599646699629663, 1.079539646662672, 0.5737247139903551, 0.2439817291397628, 0.3064377429682043, 0.06844383532459862, 0.3416326405316259, 0.4388126940764662, 0.029451881020030584, 0.05252278211719077, 0.01717956821530015, 0.0602745381991941, 0.22403366083026413, 0.11756841732140806, 0.023718616090051665, 0.20931442069142428, 0.3969087513587784, 0.19630921001208385, 0.3163987062435056, 1.4146008295431485, 0.14311412749182512, 0.005843781587262081, 0.2262855892627791, 0.08194404996543382, 0.24720161199064603, 0.374323900952145, 0.26917274594328117, 0.23281038541969754, 0.026265017470072573, 0.03898046399487486, 0.3808364963240447, 1.0716055291821416, 0.31879317816913755, 0.01809265215027757, 0.0723306163288011, 0.17708886806928817, 0.2491928413567822, 0.9116785703849436, 0.2734659787163938, 0.0024630096957355585, 0.18083430724807917, 0.08566446603331218, 1.1102468234576037, 0.5390235998853038, 0.3199244002105921, 4.205804223837008E-4, 0.08212271566620243, 0.07156102743192655, 0.05353735245224067, 0.26639229768337735, 0.0546707326767131, 0.015984952518411782, 0.31682206680202885, 0.01204349015925552, 0.3193585387536081, 0.43823275459255007, 0.4175455190183197, 0.023502262103688904, 0.016692221683566134, 0.15731771315524332, 0.30134238612579356, 1.4780660639234124, 0.0011050571854860807, 0.8563050275150295, 0.01810924961600255, 0.012542097513659898, 0.06020488297424078, 1.1261030817326396, 0.5237076909309495, 5.784163930229715E-4, 0.031015733590251778, 0.07746434142606597, 0.4346226813978716, 0.24151848958408068, 0.022822665798893887, 0.1750818572139863, 0.08168394876193177, 0.3066269514133381, 2.0871161617145356E-4, 0.3074598150675186, 0.014472421788948782, 0.16376323641765012, 0.014880842411579777, 0.06586286521390299, 0.43231951233123334, 0.5970645066875182, 0.14157229167846308, 0.03666890516572555, 0.0034947974177829064, 1.1327440158428659, 0.05769558701591286, 1.4859391230991492, 0.9545054163595867, 0.2008607571999502, 0.20304971405049005, 0.11968200229563247, 0.947000296769497, 0.9888093731837613, 0.2956072421265708, 0.031148074288284918, 1.115027950657831, 0.0012563697747472876, 0.07151858249207699, 1.0574051162090483, 0.2890962402263484, 0.08609819537576711, 8.044743792939092E-4, 0.07594113305544715, 0.2347523680410801, 0.16903250660714514, 0.04906749065632203, 0.024255199474605315) 

27 : 

x <- c(0.0702250000000003, 0.0014440000000000195, 1.7134810000000027, 1.0899359999999974, 1.9182250000000043, 0.017688999999999764, 0.12960000000000216, 0.029240999999999785, 0.3237609999999989, 1.089936000000001, 0.5760810000000005, 0.24304900000000032, 0.30360099999999823, 0.07075600000000001, 0.34574399999999905, 0.4408959999999996, 0.029241000000000395, 0.05198399999999989, 0.01768900000000024, 0.061008999999999945, 0.22467600000000018, 0.11696400000000036, 0.02310399999999977, 0.20702500000000007, 0.3918759999999993, 0.19096900000000103, 0.3249000000000003, 1.4280250000000008, 0.14440000000000058, 0.005776000000000078, 0.22562499999999966, 0.0806560000000004, 0.24403599999999978, 0.3684489999999992, 0.2621440000000005, 0.22467600000000018, 0.02310399999999977, 0.04326400000000008, 0.3931289999999986, 1.087849000000002, 0.3237609999999989, 0.017423999999999915, 0.07075600000000001, 0.17388899999999985, 0.24403599999999978, 0.8987040000000007, 0.2631689999999999, 0.0014440000000000195, 0.19096899999999947, 0.0918090000000005, 1.1299690000000013, 0.5475999999999976, 0.32376100000000096, 3.6100000000000487E-4, 0.08122500000000007, 0.0702250000000003, 0.05198399999999989, 0.26214399999999866, 0.0519840000000007, 0.01768900000000024, 0.3237609999999989, 0.012996000000000176, 0.3237609999999989, 0.44089600000000195, 0.41731599999999874, 0.02280099999999994, 0.017423999999999915, 0.15920099999999932, 0.30250000000000077, 1.4762249999999997, 0.0014440000000000195, 0.8648999999999994, 0.01768900000000024, 0.012996000000000176, 0.061008999999999945, 1.1278439999999987, 0.5198410000000027, 3.609999999999374E-4, 0.029240999999999785, 0.08065599999999938, 0.4408959999999996, 0.24403599999999978, 0.023104000000000312, 0.17472400000000088, 0.08065599999999938, 0.3036010000000021, 3.6100000000007236E-4, 0.30250000000000077, 0.012996000000000176, 0.15840399999999974, 0.012996000000000176, 0.0702250000000003, 0.44222499999999887, 0.6052840000000035, 0.14364099999999966, 0.03609999999999981, 0.003249000000000044, 1.1278439999999987, 0.06051599999999934, 1.4737959999999968, 0.937024, 0.19009599999999996, 0.19096900000000103, 0.13032100000000046, 0.9741689999999967, 1.010025000000005, 0.30360099999999823, 0.029240999999999785, 1.1278439999999987, 0.0014440000000000195, 0.0702250000000003, 1.0506250000000008, 0.28196099999999874, 0.08122500000000007, 3.6100000000007236E-4, 0.08122500000000007, 0.24304900000000207, 0.17472399999999938, 0.051529000000000144, 0.02280099999999994) 

28 : 

x <- c(0.0702250000000003, 0.0014440000000000195, 1.7134810000000027, 1.0899359999999974, 1.9182250000000043, 0.017688999999999764, 0.12960000000000216, 0.029240999999999785, 0.3237609999999989, 1.089936000000001, 0.5760810000000005, 0.24304900000000032, 0.30360099999999823, 0.07075600000000001, 0.34574399999999905, 0.4408959999999996, 0.029241000000000395, 0.05198399999999989, 0.01768900000000024, 0.061008999999999945, 0.22467600000000018, 0.11696400000000036, 0.02310399999999977, 0.20702500000000007, 0.3918759999999993, 0.19096900000000103, 0.3249000000000003, 1.4280250000000008, 0.14440000000000058, 0.005776000000000078, 0.22562499999999966, 0.0806560000000004, 0.24403599999999978, 0.3684489999999992, 0.2621440000000005, 0.22467600000000018, 0.02310399999999977, 0.04326400000000008, 0.3931289999999986, 1.087849000000002, 0.3237609999999989, 0.017423999999999915, 0.07075600000000001, 0.17388899999999985, 0.24403599999999978, 0.8987040000000007, 0.2631689999999999, 0.0014440000000000195, 0.19096899999999947, 0.0918090000000005, 1.1299690000000013, 0.5475999999999976, 0.32376100000000096, 3.6100000000000487E-4, 0.08122500000000007, 0.0702250000000003, 0.05198399999999989, 0.26214399999999866, 0.0519840000000007, 0.01768900000000024, 0.3237609999999989, 0.012996000000000176, 0.3237609999999989, 0.44089600000000195, 0.41731599999999874, 0.02280099999999994, 0.017423999999999915, 0.15920099999999932, 0.30250000000000077, 1.4762249999999997, 0.0014440000000000195, 0.8648999999999994, 0.01768900000000024, 0.012996000000000176, 0.061008999999999945, 1.1278439999999987, 0.5198410000000027, 3.609999999999374E-4, 0.029240999999999785, 0.08065599999999938, 0.4408959999999996, 0.24403599999999978, 0.023104000000000312, 0.17472400000000088, 0.08065599999999938, 0.3036010000000021, 3.6100000000007236E-4, 0.30250000000000077, 0.012996000000000176, 0.15840399999999974, 0.012996000000000176, 0.0702250000000003, 0.44222499999999887, 0.6052840000000035, 0.14364099999999966, 0.03609999999999981, 0.003249000000000044, 1.1278439999999987, 0.06051599999999934, 1.4737959999999968, 0.937024, 0.19009599999999996, 0.19096900000000103, 0.13032100000000046, 0.9741689999999967, 1.010025000000005, 0.30360099999999823, 0.029240999999999785, 1.1278439999999987, 0.0014440000000000195, 0.0702250000000003, 1.0506250000000008, 0.28196099999999874, 0.08122500000000007, 3.6100000000007236E-4, 0.08122500000000007, 0.24304900000000207, 0.17472399999999938, 0.051529000000000144, 0.02280099999999994) 

29 : 

x <- c(0.0702250000000003, 0.0014440000000000195, 1.7134810000000027, 1.0899359999999974, 1.9182250000000043, 0.017688999999999764, 0.12960000000000216, 0.029240999999999785, 0.3237609999999989, 1.089936000000001, 0.5760810000000005, 0.24304900000000032, 0.30360099999999823, 0.07075600000000001, 0.34574399999999905, 0.4408959999999996, 0.029241000000000395, 0.05198399999999989, 0.01768900000000024, 0.061008999999999945, 0.22467600000000018, 0.11696400000000036, 0.02310399999999977, 0.20702500000000007, 0.3918759999999993, 0.19096900000000103, 0.3249000000000003, 1.4280250000000008, 0.14440000000000058, 0.005776000000000078, 0.22562499999999966, 0.0806560000000004, 0.24403599999999978, 0.3684489999999992, 0.2621440000000005, 0.22467600000000018, 0.02310399999999977, 0.04326400000000008, 0.3931289999999986, 1.087849000000002, 0.3237609999999989, 0.017423999999999915, 0.07075600000000001, 0.17388899999999985, 0.24403599999999978, 0.8987040000000007, 0.2631689999999999, 0.0014440000000000195, 0.19096899999999947, 0.0918090000000005, 1.1299690000000013, 0.5475999999999976, 0.32376100000000096, 3.6100000000000487E-4, 0.08122500000000007, 0.0702250000000003, 0.05198399999999989, 0.26214399999999866, 0.0519840000000007, 0.01768900000000024, 0.3237609999999989, 0.012996000000000176, 0.3237609999999989, 0.44089600000000195, 0.41731599999999874, 0.02280099999999994, 0.017423999999999915, 0.15920099999999932, 0.30250000000000077, 1.4762249999999997, 0.0014440000000000195, 0.8648999999999994, 0.01768900000000024, 0.012996000000000176, 0.061008999999999945, 1.1278439999999987, 0.5198410000000027, 3.609999999999374E-4, 0.029240999999999785, 0.08065599999999938, 0.4408959999999996, 0.24403599999999978, 0.023104000000000312, 0.17472400000000088, 0.08065599999999938, 0.3036010000000021, 3.6100000000007236E-4, 0.30250000000000077, 0.012996000000000176, 0.15840399999999974, 0.012996000000000176, 0.0702250000000003, 0.44222499999999887, 0.6052840000000035, 0.14364099999999966, 0.03609999999999981, 0.003249000000000044, 1.1278439999999987, 0.06051599999999934, 1.4737959999999968, 0.937024, 0.19009599999999996, 0.19096900000000103, 0.13032100000000046, 0.9741689999999967, 1.010025000000005, 0.30360099999999823, 0.029240999999999785, 1.1278439999999987, 0.0014440000000000195, 0.0702250000000003, 1.0506250000000008, 0.28196099999999874, 0.08122500000000007, 3.6100000000007236E-4, 0.08122500000000007, 0.24304900000000207, 0.17472399999999938, 0.051529000000000144, 0.02280099999999994) 

30 : 

x <- c(0.0702250000000003, 0.0014440000000000195, 1.7134810000000027, 1.0899359999999974, 1.9182250000000043, 0.017688999999999764, 0.12960000000000216, 0.029240999999999785, 0.3237609999999989, 1.089936000000001, 0.5760810000000005, 0.24304900000000032, 0.30360099999999823, 0.07075600000000001, 0.34574399999999905, 0.4408959999999996, 0.029241000000000395, 0.05198399999999989, 0.01768900000000024, 0.061008999999999945, 0.22467600000000018, 0.11696400000000036, 0.02310399999999977, 0.20702500000000007, 0.3918759999999993, 0.19096900000000103, 0.3249000000000003, 1.4280250000000008, 0.14440000000000058, 0.005776000000000078, 0.22562499999999966, 0.0806560000000004, 0.24403599999999978, 0.3684489999999992, 0.2621440000000005, 0.22467600000000018, 0.02310399999999977, 0.04326400000000008, 0.3931289999999986, 1.087849000000002, 0.3237609999999989, 0.017423999999999915, 0.07075600000000001, 0.17388899999999985, 0.24403599999999978, 0.8987040000000007, 0.2631689999999999, 0.0014440000000000195, 0.19096899999999947, 0.0918090000000005, 1.1299690000000013, 0.5475999999999976, 0.32376100000000096, 3.6100000000000487E-4, 0.08122500000000007, 0.0702250000000003, 0.05198399999999989, 0.26214399999999866, 0.0519840000000007, 0.01768900000000024, 0.3237609999999989, 0.012996000000000176, 0.3237609999999989, 0.44089600000000195, 0.41731599999999874, 0.02280099999999994, 0.017423999999999915, 0.15920099999999932, 0.30250000000000077, 1.4762249999999997, 0.0014440000000000195, 0.8648999999999994, 0.01768900000000024, 0.012996000000000176, 0.061008999999999945, 1.1278439999999987, 0.5198410000000027, 3.609999999999374E-4, 0.029240999999999785, 0.08065599999999938, 0.4408959999999996, 0.24403599999999978, 0.023104000000000312, 0.17472400000000088, 0.08065599999999938, 0.3036010000000021, 3.6100000000007236E-4, 0.30250000000000077, 0.012996000000000176, 0.15840399999999974, 0.012996000000000176, 0.0702250000000003, 0.44222499999999887, 0.6052840000000035, 0.14364099999999966, 0.03609999999999981, 0.003249000000000044, 1.1278439999999987, 0.06051599999999934, 1.4737959999999968, 0.937024, 0.19009599999999996, 0.19096900000000103, 0.13032100000000046, 0.9741689999999967, 1.010025000000005, 0.30360099999999823, 0.029240999999999785, 1.1278439999999987, 0.0014440000000000195, 0.0702250000000003, 1.0506250000000008, 0.28196099999999874, 0.08122500000000007, 3.6100000000007236E-4, 0.08122500000000007, 0.24304900000000207, 0.17472399999999938, 0.051529000000000144, 0.02280099999999994) 



