med: 64.41151919475546/desvio: 108.72436085246895


Funcoes: 

138165 : Expressao: ((0.9992169814340514*(0.957074330138862*X1)))
289933 : Expressao: (X1)
425060 : Expressao: (X0)
533691 : Expressao: (X1)
616904 : Expressao: (((Sin[X1])-0.04073656701373241))
674089 : Expressao: (X1)
712604 : Expressao: (X1)
744483 : Expressao: ((0.776498844720327*(X1/0.7751780172479371)))
769216 : Expressao: (X1)
795775 : Expressao: ((X1*0.9456817212190947))
823051 : Expressao: ((0.49858406785115794*(X0+X0)))
841810 : Expressao: ((0.552115301204482+(X1-0.5629701256092391)))
858243 : Expressao: ((1.0944524653142205*(Sin[X1])))
874128 : Expressao: (((X1-0.9815152875974079)+1.0))
882834 : Expressao: ((0.7451347177998457+(X1-0.7101812771011551)))
890986 : Expressao: (X1)
899488 : Expressao: (X1)
908063 : Expressao: (X1)
916106 : Expressao: (X1)
924367 : Expressao: (X1)
932185 : Expressao: (X1)
940412 : Expressao: (((Sin[X1])/0.9307075137086803))
948035 : Expressao: (((X1+X1)*0.5141724755054928))
956026 : Expressao: (((X1+X0)+(0.03564731101656249-X0)))
962207 : Expressao: ((Sin[(X1/0.934569221461039)]))
965838 : Expressao: (X1)
969469 : Expressao: (((X1*0.7721138822331317)+(0.22273440488937746*X1)))
973100 : Expressao: (X1)
976731 : Expressao: (X1)
980362 : Expressao: (X1)
Erros: 

138165 : 

x <- c(450.859384789319, 40.048580104760006, 726.0601124578723, 894.9557547896212, 21.244240758774787, 806.9263950537978, 187.0769919159912, 1088.590675334369, 327.93378458943147, 0.39481458815355147, 116.61876225263859, 1384.781062165232, 384.88259443108194, 17.859200545690573, 1.1070660172906863, 1219.4831580960504, 181.92833354155695, 25.377675067851953, 0.08769073652292639, 35.57259025006768, 524.3864283261047, 21.83551359265381, 73.00004138418701, 244.09521675111316, 509.99084227120096, 671.0705687304967, 243.61162218167473, 429.81499766706855, 221.97377835666848, 31.065003116340012, 342.6297808436878, 4.035798001222058, 73.59049591459895, 293.0143547847863, 52.40865525633411, 215.29681531202422, 32.651774049831545, 481.91953732736164, 454.395574452892, 686.8382984207345, 893.9803253899668, 662.1131412427422, 906.9013351920329, 907.3508022135485, 526.9622940444639, 1591.4632390012182, 184.75837396520384, 1121.8490666938794, 564.9005590532281, 903.0842170891362, 308.1609079054226, 2320.8808978275765, 256.4018111433674, 48.50904841133792, 357.9086991412154, 687.4961332482302, 1801.7608756091338, 160.16261248324503, 490.83368428858483, 41.036272412015855, 458.8739671406153, 144.76777590666092, 2018.0218691013222, 1.2373892444333354, 233.09494808933158, 96.07823891168188, 0.0545981857522601, 1117.0850639235741, 573.5598547912516, 1488.1062585899438, 1205.176880738117, 1461.801339799417, 1083.794448051337, 747.3298369061645, 323.007610954592, 350.1752134591315, 2250.449476542735, 170.58792418773817, 152.2293810505715, 1741.2501665911648, 607.4918217528759, 4.713471270547079, 722.6522025703489, 512.9656478291855, 11.851146205801838, 735.9117798315418, 2879.5718535284327, 549.6384845630448, 1255.5371884028968, 102.39303864561329, 1.001663951055921, 3946.881030733774, 1318.999725349937, 1708.3607027289966, 691.6002220100264, 192.16634104380236, 2626.4385874793643, 1149.060460393445, 363.9325540942148, 5.34889930407858, 1108.862300561465, 2011.955785044511, 933.2531160778778, 311.9556908849129, 1478.8130287276247, 1533.874657232634, 1569.9989425941121, 1855.8795227020692, 1124.0126509569427, 746.8683146738725, 390.2245948830157, 2664.038758876677, 296.7530210896839, 2918.8157725872234, 1499.2296181576235, 1043.3753866439313, 207.93895566101477, 2530.9726752034276, 1068.0012317148714, 923.4122790144306, 1577.3892417128225, 2374.474313003947, 385.61539159268546, 529.6263355723238, 1739.8405860532957, 3911.8319556285724, 2720.7236390047665, 1528.5891976146277, 1076.5066972794962, 3813.3429290355725, 555.7731989222626, 351.5109271701445, 2211.4611754841494, 505.78012881091496, 687.7855012249487, 232.55106363304446, 946.9182276188047, 0.8085011792724499, 106.49514668718074, 2675.7705983319897, 354.5842360182319, 2912.965561227648, 2127.8888676456636, 1119.3712098631481, 1392.9536428573565, 1790.3955746770303, 282.63279958350864, 1871.2343667101, 2709.2042192780164, 1610.9012738723518, 188.12930614166385, 173.68200224714948, 2387.494627928875, 656.0156347428203, 92.8010135905329, 191.9831684712989, 7117.028223420275, 1613.0085250736377, 925.9743742610344, 750.7439531335538, 52.33357089082993, 4485.089780167678, 3877.258356059472, 1574.0659232884288, 1067.4784733873032) 

289933 : 

x <- c(198.24639999999954, 2.0735999999999937, 370.1776000000003, 456.6769000000002, 23.716900000000045, 366.33959999999945, 565.4884000000014, 572.6449000000003, 64.0, 96.62889999999969, 0.592899999999972, 737.1225000000019, 70.05690000000007, 250.9056000000028, 97.41689999999896, 596.8249000000003, 3.7249000000000265, 278.2224000000002, 125.66409999999954, 19.891600000000324, 160.5289000000004, 37.33210000000017, 363.2836000000001, 35.28359999999997, 159.7696000000011, 237.46809999999903, 19.71359999999998, 87.79690000000008, 711.2888999999979, 261.7924000000002, 807.1281000000014, 44.2224999999997, 0.0440999999999914, 76.38760000000016, 2.3103999999999445, 35.760399999999535, 10.497600000000059, 172.65960000000115, 142.32490000000016, 265.6899999999985, 371.71840000000117, 203.63290000000111, 325.080899999999, 297.5625, 87.04889999999864, 668.7396000000007, 2.4648999999998003, 338.55999999999915, 61.93690000000007, 190.7160999999985, 0.5041000000000516, 979.6899999999971, 4.972899999999574, 630.5121000000007, 3.496900000000017, 82.62809999999851, 621.0064000000036, 35.52160000000043, 1641.0600999999992, 103.63239999999898, 27.87839999999971, 18.835600000000277, 825.9876000000005, 344.1024999999983, 1.8496000000000372, 695.3769000000002, 244.92249999999927, 349.3160999999978, 70.55999999999962, 513.4756000000037, 317.19609999999807, 422.30249999999813, 205.63560000000092, 66.09689999999992, 2.5280999999997396, 0.6084000000001348, 782.880400000001, 58.06440000000007, 64.16009999999986, 472.1929000000008, 13.690000000000337, 541.9584000000041, 46.10410000000105, 5.107599999999959, 572.6449000000031, 2168.764899999994, 5050.944900000007, 83.53959999999975, 429.73290000000077, 30.1401000000001, 267.97690000000017, 2320.3489000000072, 382.5935999999979, 562.6384000000013, 58.52249999999965, 26.214400000000047, 1055.6001000000006, 188.23840000000075, 2.8900000000001547, 338.19209999999947, 179.55999999999938, 593.8969000000002, 81.0, 18.318399999999766, 278.8900000000015, 278.2224000000021, 269.2880999999952, 366.7225000000035, 76.73759999999984, 4.752400000000278, 30.1401000000001, 708.0920999999947, 79.92360000000097, 798.0625, 137.12410000000085, 22.84839999999974, 177.15609999999856, 536.3856000000038, 20.430399999999835, 4.12089999999989, 127.01289999999959, 391.64409999999856, 2444.3136000000054, 21.436899999998904, 203.6328999999995, 1188.8704000000012, 510.30809999999633, 72.93159999999938, 3.5344000000004105, 944.9476000000005, 77.08839999999952, 2572.5184000000027, 298.2528999999994, 2809.0, 3.8809000000001075, 165.37959999999742, 3401.222400000019, 670.8099999999929, 183.60249999999877, 809.4024999999897, 32.37609999999803, 882.0899999999892, 422.7136000000071, 48.86010000000013, 111.30249999999904, 227.4063999999978, 122.76639999999838, 251.22249999999713, 573.6025000000021, 120.7801000000002, 253.1281000000026, 1773.2520999999915, 473.9328999999992, 5.90490000000031, 1411.5048999999951, 154.75360000000137, 3435.132100000015, 140.42249999999785, 2.5600000000004366, 2.25, 466.5600000000059, 1527.2463999999943, 1067.3289000000048, 74.82250000000157, 1.6128999999999538) 

425060 : 

x <- c(162.30760000000024, 159.76959999999966, 316.84000000000043, 1649.1721000000011, 272.25, 203.6328999999995, 21.5296000000004, 0.022499999999993178, 1019.5249000000005, 3.348899999999942, 82.08360000000005, 779.5264000000009, 1261.6704000000027, 55.800900000001256, 661.0041000000019, 211.99360000000172, 694.8496000000007, 217.5625, 777.8520999999993, 245.5489000000005, 67.40409999999966, 43.03360000000003, 633.5289000000008, 172.1344000000001, 345.2164000000015, 786.8025000000007, 394.0224999999987, 190.71610000000007, 299.28999999999843, 1836.122499999997, 1988.2681000000027, 1229.2036, 41.47359999999997, 80.1024999999998, 52.1284000000004, 19.89159999999982, 7.507599999999738, 98.01000000000067, 628.5049000000025, 796.9328999999979, 1265.936399999999, 1125.6025000000045, 1043.2900000000006, 1244.678399999998, 706.4963999999961, 1238.336099999996, 590.0041000000037, 283.24890000000136, 690.1128999999991, 470.02239999999784, 210.83039999999949, 1024.6400999999994, 845.0649000000029, 747.4755999999956, 540.0976000000004, 120.12159999999831, 1156.6800999999994, 359.4816000000014, 2159.4609000000023, 2569.476099999994, 24.009999999999778, 0.8835999999998888, 595.3599999999989, 103.83610000000111, 396.40809999999874, 768.952900000001, 1765.6803999999984, 9.241599999999778, 733.8680999999956, 964.7236000000037, 1637.8209000000022, 1471.4895999999924, 1217.312099999999, 504.90090000000123, 42.77160000000101, 5.6169000000000215, 739.8399999999963, 414.5296000000005, 244.29689999999985, 188.23840000000075, 646.6849000000033, 383.3764000000016, 271.9201000000003, 81.90250000000124, 469.58890000000315, 4970.25, 13839.169599999997, 3835.324900000008, 892.2169000000002, 232.25760000000028, 477.85960000000057, 1011.2400000000043, 4587.352900000003, 1873.1583999999975, 984.0769000000003, 6.400899999999862, 749.1169000000002, 2135.3641000000034, 144.48039999999958, 403.6081000000013, 24.90010000000009, 1426.5728999999985, 1113.5569000000003, 22.278400000000257, 154.2564000000018, 1114.2244000000073, 1094.9480999999946, 1264.5135999999961, 778.9681000000046, 119.68360000000119, 10.956099999999639, 446.0543999999954, 312.22889999999455, 372.8760999999979, 1596.801600000003, 271.9201000000003, 72.76089999999954, 97.0225000000027, 766.1824000000036, 42.90249999999941, 176.8899999999988, 964.7235999999966, 879.1225000000054, 2923.564899999993, 92.92960000000193, 2376.5625, 3256.9848999999926, 969.0768999999926, 108.57640000000151, 1064.0644000000077, 482.2416000000016, 3540.25, 1118.902500000003, 1276.6329000000012, 3021.700900000003, 219.92889999999784, 5066.592400000009, 7093.008400000004, 1556.3024999999857, 222.00999999999593, 518.0175999999996, 576.4800999999995, 2526.067599999999, 759.0025000000101, 307.6515999999987, 656.8968999999939, 16.0, 22.752899999999826, 1584.0399999999963, 1220.8036000000038, 24.206400000000716, 3366.320399999998, 413.7155999999967, 374.03559999999686, 1600.0, 2501.0000999999993, 2131.668900000007, 4964.611600000005, 180.90250000000123, 0.010000000000027286, 533.6100000000063, 305.5503999999927, 5148.0625, 1707.3424000000136, 98.40640000000144) 

533691 : 

x <- c(198.24639999999954, 2.0735999999999937, 370.1776000000003, 456.6769000000002, 23.716900000000045, 366.33959999999945, 565.4884000000014, 572.6449000000003, 64.0, 96.62889999999969, 0.592899999999972, 737.1225000000019, 70.05690000000007, 250.9056000000028, 97.41689999999896, 596.8249000000003, 3.7249000000000265, 278.2224000000002, 125.66409999999954, 19.891600000000324, 160.5289000000004, 37.33210000000017, 363.2836000000001, 35.28359999999997, 159.7696000000011, 237.46809999999903, 19.71359999999998, 87.79690000000008, 711.2888999999979, 261.7924000000002, 807.1281000000014, 44.2224999999997, 0.0440999999999914, 76.38760000000016, 2.3103999999999445, 35.760399999999535, 10.497600000000059, 172.65960000000115, 142.32490000000016, 265.6899999999985, 371.71840000000117, 203.63290000000111, 325.080899999999, 297.5625, 87.04889999999864, 668.7396000000007, 2.4648999999998003, 338.55999999999915, 61.93690000000007, 190.7160999999985, 0.5041000000000516, 979.6899999999971, 4.972899999999574, 630.5121000000007, 3.496900000000017, 82.62809999999851, 621.0064000000036, 35.52160000000043, 1641.0600999999992, 103.63239999999898, 27.87839999999971, 18.835600000000277, 825.9876000000005, 344.1024999999983, 1.8496000000000372, 695.3769000000002, 244.92249999999927, 349.3160999999978, 70.55999999999962, 513.4756000000037, 317.19609999999807, 422.30249999999813, 205.63560000000092, 66.09689999999992, 2.5280999999997396, 0.6084000000001348, 782.880400000001, 58.06440000000007, 64.16009999999986, 472.1929000000008, 13.690000000000337, 541.9584000000041, 46.10410000000105, 5.107599999999959, 572.6449000000031, 2168.764899999994, 5050.944900000007, 83.53959999999975, 429.73290000000077, 30.1401000000001, 267.97690000000017, 2320.3489000000072, 382.5935999999979, 562.6384000000013, 58.52249999999965, 26.214400000000047, 1055.6001000000006, 188.23840000000075, 2.8900000000001547, 338.19209999999947, 179.55999999999938, 593.8969000000002, 81.0, 18.318399999999766, 278.8900000000015, 278.2224000000021, 269.2880999999952, 366.7225000000035, 76.73759999999984, 4.752400000000278, 30.1401000000001, 708.0920999999947, 79.92360000000097, 798.0625, 137.12410000000085, 22.84839999999974, 177.15609999999856, 536.3856000000038, 20.430399999999835, 4.12089999999989, 127.01289999999959, 391.64409999999856, 2444.3136000000054, 21.436899999998904, 203.6328999999995, 1188.8704000000012, 510.30809999999633, 72.93159999999938, 3.5344000000004105, 944.9476000000005, 77.08839999999952, 2572.5184000000027, 298.2528999999994, 2809.0, 3.8809000000001075, 165.37959999999742, 3401.222400000019, 670.8099999999929, 183.60249999999877, 809.4024999999897, 32.37609999999803, 882.0899999999892, 422.7136000000071, 48.86010000000013, 111.30249999999904, 227.4063999999978, 122.76639999999838, 251.22249999999713, 573.6025000000021, 120.7801000000002, 253.1281000000026, 1773.2520999999915, 473.9328999999992, 5.90490000000031, 1411.5048999999951, 154.75360000000137, 3435.132100000015, 140.42249999999785, 2.5600000000004366, 2.25, 466.5600000000059, 1527.2463999999943, 1067.3289000000048, 74.82250000000157, 1.6128999999999538) 

616904 : 

x <- c(1300.3037765259824, 569.2890450661853, 1951.513280934791, 2667.426381927515, 1064.2535258696398, 3010.0802393664867, 373.8599687033385, 3368.4389701011232, 2619.1995741113387, 1354.1973935548451, 1865.273746739037, 4884.185058377287, 4047.0131264519946, 1917.163398782621, 1737.1560000750808, 5097.118023864591, 3705.073503132049, 1874.5541090573251, 1619.8805752116791, 1749.1957493924072, 3250.646579351639, 1928.9946344414973, 792.971434323884, 2043.3874000355875, 2943.4794739674508, 3895.5566587577428, 3452.402446318362, 4349.333009908624, 1219.2057460121002, 1022.56139766106, 163.94629352743073, 596.711903905382, 856.8480717778178, 1433.6552665777456, 917.2030681859256, 1391.490630638521, 901.3128755280859, 2055.515426406396, 2366.2122218645327, 3316.214494138796, 4566.332562185168, 5189.572915035373, 7000.983443832814, 8821.864787478884, 9550.5698933407, 14661.047446362527, 13084.746661527612, 17695.064037695272, 19259.318346119395, 23136.108389597688, 23281.503906202157, 33816.250303364206, 33899.233889250194, 25185.755553781048, 25125.755131920207, 28111.715874799822, 37288.69139437471, 36210.49315101325, 22140.87504897188, 18435.334141736967, 19993.896373658492, 18722.130667012196, 27473.16250015327, 21737.546705506862, 21180.859220463222, 14204.44002093495, 11096.285071189266, 15987.39510890451, 17443.99021570513, 23702.388220869496, 29276.185697988676, 37098.36555665735, 43958.18209157576, 48707.05992500538, 48893.51818270361, 48366.848637239986, 61357.83693561113, 61868.69047784273, 56675.91566414845, 66175.50229610763, 72060.75417324448, 60820.10720427743, 60081.95866745796, 62289.85592612727, 51267.028287951565, 29817.975642385023, 8874.116177740016, 11902.257892582442, 16367.790346312233, 14258.470607497782, 10748.183998654966, 23858.585979826083, 28709.274467801508, 37639.04069396472, 41936.63093518649, 40464.77155201181, 54113.204834875265, 64833.27606250547, 66390.08369842237, 56952.06462404116, 60506.889913808016, 75427.93230532084, 85968.56657468369, 85857.55273067248, 94699.21160922096, 110569.41423920014, 128168.29027000345, 149767.697914171, 166732.60074672618, 173579.87632185893, 170318.75101476035, 189582.06513356493, 199042.86879995363, 218618.47029630025, 251541.94333699878, 266370.3441516985, 256931.61711308674, 269151.17830885615, 294988.27708121494, 301568.3746253548, 316101.32165058935, 350681.3652807253, 314829.7612176697, 262028.15015860027, 272714.23153650685, 323735.1334634818, 387898.6303012282, 426157.8974411231, 439507.8043818968, 483752.68885867443, 514151.3474526356, 432447.63616194745, 391537.6857495581, 347118.2944665041, 289617.37816038245, 274125.08330501715, 206242.3874083046, 146508.3486986543, 123944.01136162972, 138664.7432207118, 147791.12679114568, 168412.400613651, 203946.82640923493, 225004.666410303, 240588.64259550703, 264457.4430274001, 266264.29670609126, 272881.23802561255, 313562.6614284894, 351036.1850352367, 344302.6475694949, 280856.1021605519, 265256.4767468298, 282099.1022522657, 241515.37665655962, 200621.80254142097, 246990.20188336913, 310260.068010855, 324032.56477529247, 323980.4162706314, 298366.4938373975, 320503.9690563314, 402076.1633385542, 454257.2338782599, 467467.9850091084) 

674089 : 

x <- c(198.24639999999954, 2.0735999999999937, 370.1776000000003, 456.6769000000002, 23.716900000000045, 366.33959999999945, 565.4884000000014, 572.6449000000003, 64.0, 96.62889999999969, 0.592899999999972, 737.1225000000019, 70.05690000000007, 250.9056000000028, 97.41689999999896, 596.8249000000003, 3.7249000000000265, 278.2224000000002, 125.66409999999954, 19.891600000000324, 160.5289000000004, 37.33210000000017, 363.2836000000001, 35.28359999999997, 159.7696000000011, 237.46809999999903, 19.71359999999998, 87.79690000000008, 711.2888999999979, 261.7924000000002, 807.1281000000014, 44.2224999999997, 0.0440999999999914, 76.38760000000016, 2.3103999999999445, 35.760399999999535, 10.497600000000059, 172.65960000000115, 142.32490000000016, 265.6899999999985, 371.71840000000117, 203.63290000000111, 325.080899999999, 297.5625, 87.04889999999864, 668.7396000000007, 2.4648999999998003, 338.55999999999915, 61.93690000000007, 190.7160999999985, 0.5041000000000516, 979.6899999999971, 4.972899999999574, 630.5121000000007, 3.496900000000017, 82.62809999999851, 621.0064000000036, 35.52160000000043, 1641.0600999999992, 103.63239999999898, 27.87839999999971, 18.835600000000277, 825.9876000000005, 344.1024999999983, 1.8496000000000372, 695.3769000000002, 244.92249999999927, 349.3160999999978, 70.55999999999962, 513.4756000000037, 317.19609999999807, 422.30249999999813, 205.63560000000092, 66.09689999999992, 2.5280999999997396, 0.6084000000001348, 782.880400000001, 58.06440000000007, 64.16009999999986, 472.1929000000008, 13.690000000000337, 541.9584000000041, 46.10410000000105, 5.107599999999959, 572.6449000000031, 2168.764899999994, 5050.944900000007, 83.53959999999975, 429.73290000000077, 30.1401000000001, 267.97690000000017, 2320.3489000000072, 382.5935999999979, 562.6384000000013, 58.52249999999965, 26.214400000000047, 1055.6001000000006, 188.23840000000075, 2.8900000000001547, 338.19209999999947, 179.55999999999938, 593.8969000000002, 81.0, 18.318399999999766, 278.8900000000015, 278.2224000000021, 269.2880999999952, 366.7225000000035, 76.73759999999984, 4.752400000000278, 30.1401000000001, 708.0920999999947, 79.92360000000097, 798.0625, 137.12410000000085, 22.84839999999974, 177.15609999999856, 536.3856000000038, 20.430399999999835, 4.12089999999989, 127.01289999999959, 391.64409999999856, 2444.3136000000054, 21.436899999998904, 203.6328999999995, 1188.8704000000012, 510.30809999999633, 72.93159999999938, 3.5344000000004105, 944.9476000000005, 77.08839999999952, 2572.5184000000027, 298.2528999999994, 2809.0, 3.8809000000001075, 165.37959999999742, 3401.222400000019, 670.8099999999929, 183.60249999999877, 809.4024999999897, 32.37609999999803, 882.0899999999892, 422.7136000000071, 48.86010000000013, 111.30249999999904, 227.4063999999978, 122.76639999999838, 251.22249999999713, 573.6025000000021, 120.7801000000002, 253.1281000000026, 1773.2520999999915, 473.9328999999992, 5.90490000000031, 1411.5048999999951, 154.75360000000137, 3435.132100000015, 140.42249999999785, 2.5600000000004366, 2.25, 466.5600000000059, 1527.2463999999943, 1067.3289000000048, 74.82250000000157, 1.6128999999999538) 

712604 : 

x <- c(198.24639999999954, 2.0735999999999937, 370.1776000000003, 456.6769000000002, 23.716900000000045, 366.33959999999945, 565.4884000000014, 572.6449000000003, 64.0, 96.62889999999969, 0.592899999999972, 737.1225000000019, 70.05690000000007, 250.9056000000028, 97.41689999999896, 596.8249000000003, 3.7249000000000265, 278.2224000000002, 125.66409999999954, 19.891600000000324, 160.5289000000004, 37.33210000000017, 363.2836000000001, 35.28359999999997, 159.7696000000011, 237.46809999999903, 19.71359999999998, 87.79690000000008, 711.2888999999979, 261.7924000000002, 807.1281000000014, 44.2224999999997, 0.0440999999999914, 76.38760000000016, 2.3103999999999445, 35.760399999999535, 10.497600000000059, 172.65960000000115, 142.32490000000016, 265.6899999999985, 371.71840000000117, 203.63290000000111, 325.080899999999, 297.5625, 87.04889999999864, 668.7396000000007, 2.4648999999998003, 338.55999999999915, 61.93690000000007, 190.7160999999985, 0.5041000000000516, 979.6899999999971, 4.972899999999574, 630.5121000000007, 3.496900000000017, 82.62809999999851, 621.0064000000036, 35.52160000000043, 1641.0600999999992, 103.63239999999898, 27.87839999999971, 18.835600000000277, 825.9876000000005, 344.1024999999983, 1.8496000000000372, 695.3769000000002, 244.92249999999927, 349.3160999999978, 70.55999999999962, 513.4756000000037, 317.19609999999807, 422.30249999999813, 205.63560000000092, 66.09689999999992, 2.5280999999997396, 0.6084000000001348, 782.880400000001, 58.06440000000007, 64.16009999999986, 472.1929000000008, 13.690000000000337, 541.9584000000041, 46.10410000000105, 5.107599999999959, 572.6449000000031, 2168.764899999994, 5050.944900000007, 83.53959999999975, 429.73290000000077, 30.1401000000001, 267.97690000000017, 2320.3489000000072, 382.5935999999979, 562.6384000000013, 58.52249999999965, 26.214400000000047, 1055.6001000000006, 188.23840000000075, 2.8900000000001547, 338.19209999999947, 179.55999999999938, 593.8969000000002, 81.0, 18.318399999999766, 278.8900000000015, 278.2224000000021, 269.2880999999952, 366.7225000000035, 76.73759999999984, 4.752400000000278, 30.1401000000001, 708.0920999999947, 79.92360000000097, 798.0625, 137.12410000000085, 22.84839999999974, 177.15609999999856, 536.3856000000038, 20.430399999999835, 4.12089999999989, 127.01289999999959, 391.64409999999856, 2444.3136000000054, 21.436899999998904, 203.6328999999995, 1188.8704000000012, 510.30809999999633, 72.93159999999938, 3.5344000000004105, 944.9476000000005, 77.08839999999952, 2572.5184000000027, 298.2528999999994, 2809.0, 3.8809000000001075, 165.37959999999742, 3401.222400000019, 670.8099999999929, 183.60249999999877, 809.4024999999897, 32.37609999999803, 882.0899999999892, 422.7136000000071, 48.86010000000013, 111.30249999999904, 227.4063999999978, 122.76639999999838, 251.22249999999713, 573.6025000000021, 120.7801000000002, 253.1281000000026, 1773.2520999999915, 473.9328999999992, 5.90490000000031, 1411.5048999999951, 154.75360000000137, 3435.132100000015, 140.42249999999785, 2.5600000000004366, 2.25, 466.5600000000059, 1527.2463999999943, 1067.3289000000048, 74.82250000000157, 1.6128999999999538) 

744483 : 

x <- c(190.46543224273293, 3.038291332867369, 358.7002702548652, 442.5385827901907, 27.455623098387754, 352.6315605789435, 584.3883700060311, 555.8462950208308, 57.84543079577354, 104.81690704800184, 0.14344134496639183, 715.959766227943, 62.903355477031766, 265.4650455959268, 106.00984586237503, 576.994471756698, 2.1876862185658683, 293.5810026843687, 135.3914819968904, 23.684611238214906, 150.5753696746854, 42.649687735869115, 379.09110224932334, 30.938228776719512, 150.1137877436729, 225.01667657614541, 16.03440842955461, 79.68656952229905, 735.9952367544689, 275.35383586068696, 829.2222827428656, 48.82951765155069, 0.013567853614615596, 70.7812788648206, 3.4660425170614313, 31.819288873968745, 12.883293132332957, 163.7424832635766, 133.72149152207513, 253.23863435332038, 355.9146272273054, 191.07114124836673, 308.3021105454176, 280.4892229590006, 77.41219750736774, 640.7238086913618, 4.672255797324594, 317.2365293327324, 52.559356192710645, 173.61681789266825, 0.0027923387206610357, 938.9096614981007, 8.653594905387362, 666.5639408396817, 1.4517487341537865, 70.9250151319583, 587.3939039617545, 44.70594771318311, 1699.590941123851, 117.22545160723956, 21.62506137576866, 24.78766473392927, 790.0975394551642, 369.80429988322317, 4.034831587424844, 729.884340653175, 264.1092960962669, 328.1614221679982, 60.73677683453643, 485.7204981899911, 294.1381794719815, 394.4239940169469, 185.37082372538052, 54.47416387170048, 5.537509035611287, 2.373084917510825, 740.9745115621895, 71.0114331497363, 77.50767699905985, 438.8942797511638, 8.310409104170658, 580.9799858473953, 36.07372277100886, 2.1449679994605813, 611.5372839800478, 2239.9874342043404, 5147.941213382284, 73.64972045960853, 406.2791655742742, 37.19724019270147, 287.9673106454546, 2265.597522789789, 357.4450151816897, 530.513928927536, 47.92061065076103, 34.34620365572547, 1008.5807617814204, 167.25733586039956, 6.302995683749641, 368.5509223565236, 159.35665623179233, 555.5836658811243, 66.57414788722872, 26.378874749662785, 251.26231136240818, 249.72850881564, 240.38578604258083, 331.8379045077482, 60.743144117043286, 1.437271615014066, 41.92370677360269, 657.127720983997, 99.2182993526211, 742.2570370866163, 113.55586363902334, 13.73670913492647, 207.125000493913, 488.44717094148035, 11.705831403182389, 0.8531790980800027, 103.23003028166683, 348.233482560552, 2560.633771203179, 32.586564157144934, 174.22481534851656, 1114.5655782535687, 459.5175121538569, 53.99117051655072, 0.45335592977209976, 872.0276194683229, 100.84706982097228, 2700.600676436817, 259.5036826910429, 2936.589523532105, 9.424909691731848, 194.78793662094006, 3527.7342736821847, 722.2850362908086, 209.70602442074568, 758.5539311328149, 44.177533688933195, 826.7394363141772, 382.69027536071957, 35.491077862725774, 90.35507381068874, 196.49177597140255, 148.06368994497834, 218.4701808212953, 522.2929734137172, 97.08006230702946, 291.2416789014946, 1869.5847704053494, 429.03069003114183, 12.41884326873856, 1494.5876699819664, 181.32997361931731, 3318.3722824379893, 115.46467427313641, 0.22586994096709637, 6.903590617306915, 516.4216539299829, 1443.3838317827522, 993.2143334725513, 55.348193941960496, 0.00201582388284805) 

769216 : 

x <- c(198.24639999999954, 2.0735999999999937, 370.1776000000003, 456.6769000000002, 23.716900000000045, 366.33959999999945, 565.4884000000014, 572.6449000000003, 64.0, 96.62889999999969, 0.592899999999972, 737.1225000000019, 70.05690000000007, 250.9056000000028, 97.41689999999896, 596.8249000000003, 3.7249000000000265, 278.2224000000002, 125.66409999999954, 19.891600000000324, 160.5289000000004, 37.33210000000017, 363.2836000000001, 35.28359999999997, 159.7696000000011, 237.46809999999903, 19.71359999999998, 87.79690000000008, 711.2888999999979, 261.7924000000002, 807.1281000000014, 44.2224999999997, 0.0440999999999914, 76.38760000000016, 2.3103999999999445, 35.760399999999535, 10.497600000000059, 172.65960000000115, 142.32490000000016, 265.6899999999985, 371.71840000000117, 203.63290000000111, 325.080899999999, 297.5625, 87.04889999999864, 668.7396000000007, 2.4648999999998003, 338.55999999999915, 61.93690000000007, 190.7160999999985, 0.5041000000000516, 979.6899999999971, 4.972899999999574, 630.5121000000007, 3.496900000000017, 82.62809999999851, 621.0064000000036, 35.52160000000043, 1641.0600999999992, 103.63239999999898, 27.87839999999971, 18.835600000000277, 825.9876000000005, 344.1024999999983, 1.8496000000000372, 695.3769000000002, 244.92249999999927, 349.3160999999978, 70.55999999999962, 513.4756000000037, 317.19609999999807, 422.30249999999813, 205.63560000000092, 66.09689999999992, 2.5280999999997396, 0.6084000000001348, 782.880400000001, 58.06440000000007, 64.16009999999986, 472.1929000000008, 13.690000000000337, 541.9584000000041, 46.10410000000105, 5.107599999999959, 572.6449000000031, 2168.764899999994, 5050.944900000007, 83.53959999999975, 429.73290000000077, 30.1401000000001, 267.97690000000017, 2320.3489000000072, 382.5935999999979, 562.6384000000013, 58.52249999999965, 26.214400000000047, 1055.6001000000006, 188.23840000000075, 2.8900000000001547, 338.19209999999947, 179.55999999999938, 593.8969000000002, 81.0, 18.318399999999766, 278.8900000000015, 278.2224000000021, 269.2880999999952, 366.7225000000035, 76.73759999999984, 4.752400000000278, 30.1401000000001, 708.0920999999947, 79.92360000000097, 798.0625, 137.12410000000085, 22.84839999999974, 177.15609999999856, 536.3856000000038, 20.430399999999835, 4.12089999999989, 127.01289999999959, 391.64409999999856, 2444.3136000000054, 21.436899999998904, 203.6328999999995, 1188.8704000000012, 510.30809999999633, 72.93159999999938, 3.5344000000004105, 944.9476000000005, 77.08839999999952, 2572.5184000000027, 298.2528999999994, 2809.0, 3.8809000000001075, 165.37959999999742, 3401.222400000019, 670.8099999999929, 183.60249999999877, 809.4024999999897, 32.37609999999803, 882.0899999999892, 422.7136000000071, 48.86010000000013, 111.30249999999904, 227.4063999999978, 122.76639999999838, 251.22249999999713, 573.6025000000021, 120.7801000000002, 253.1281000000026, 1773.2520999999915, 473.9328999999992, 5.90490000000031, 1411.5048999999951, 154.75360000000137, 3435.132100000015, 140.42249999999785, 2.5600000000004366, 2.25, 466.5600000000059, 1527.2463999999943, 1067.3289000000048, 74.82250000000157, 1.6128999999999538) 

795775 : 

x <- c(527.927708879705, 67.59271471028937, 830.780348300851, 1023.8940332212537, 47.87430244224082, 940.3174371798943, 125.79310005880653, 1239.2201610346274, 423.2234534737369, 10.092958273305745, 175.3768628999932, 1573.2977908051957, 499.9498928597092, 1.94824839813068, 13.79232362186801, 1404.5765254021621, 265.8424566528727, 4.84215539594362, 5.5860438637007785, 72.32776865835264, 644.7696038375825, 53.29768667204686, 35.77664613142036, 323.4003516948224, 625.2993340540695, 810.1178345486297, 335.9747378138586, 552.2869821948902, 144.72693637493612, 8.93363906535297, 259.1388149237588, 16.966396346367553, 112.73793197301723, 367.0756670547862, 87.87113750814729, 281.95100735935233, 62.35029238636604, 580.8210334949356, 557.1474513486623, 819.2182061529522, 1055.4296060423244, 813.654660267439, 1092.9473580699082, 1106.168592377063, 690.4336010194011, 1876.0066803028337, 298.8598504371896, 1381.778680221372, 764.0657953929949, 1156.6273815255968, 469.12789195828907, 2734.027242541365, 418.5333843038537, 6.46705895432711, 532.3645629129809, 923.8318259136726, 2182.604700890449, 295.56371495558716, 312.64500304835144, 109.15644474763555, 642.8677131016798, 256.69283937435205, 2387.875720644751, 9.840785332793956, 373.2391596329695, 33.22916426985217, 12.412604674607, 1369.9674691444275, 769.4121900493822, 1802.3891358542026, 1508.188756675902, 1809.891066669294, 1402.4317310085905, 1025.150995858675, 517.0888108336542, 550.5227304352508, 2722.8413723469985, 327.63454353546604, 299.17834587728373, 2171.71688529126, 885.182663500255, 8.83871186109239, 1009.8710022131419, 762.7146351653904, 2.4026488349168815, 501.3026246284365, 2442.2761715782076, 725.2361720534926, 1522.3011895894558, 193.8414714459623, 7.532219433021693, 4408.335689003062, 1632.306266258579, 2081.5745348261134, 951.2724696709377, 341.8150228726981, 3115.886973097579, 1506.5989006706777, 582.7482034716227, 54.137767156700804, 1455.3404006890576, 2484.70236501624, 1281.6776166021716, 529.4320224985377, 1914.6669665243928, 1993.0887806216924, 2050.2830900359186, 2392.326492262629, 1565.120968597462, 1119.4001511539532, 671.1131550250158, 3330.172222432422, 557.1041487046281, 3636.9883310833247, 2052.2657463503115, 1521.6245951473875, 448.4927824679463, 3240.4182698050868, 1563.6237967710508, 1391.1558610075606, 2176.0795623400827, 3111.47923594115, 153.12593148291654, 885.0683303414976, 2342.4249038037406, 4814.101460871944, 3524.3956234863335, 2166.313251161727, 1627.9246672997049, 4803.829916243978, 989.6945229042461, 120.06688880006564, 2946.044089747379, 226.63647058491807, 1095.3902953711456, 488.3955919389321, 578.8286983912277, 26.970353877491362, 260.38519672677853, 3294.810838438402, 615.3276081235236, 3586.4200548289195, 2741.5674790725952, 1592.5497777071425, 1922.511030900373, 2396.054154113661, 557.3672127426872, 2493.6819251944457, 3468.9418926195053, 2231.489749495485, 438.2995425902063, 37.559727575302425, 3076.2617440004906, 1052.7797137732896, 7.983034119222054, 410.62304560877925, 8215.26816585047, 2214.804626896647, 1402.9056737611852, 1186.2714566186576, 203.3708235960516, 5441.649876016193, 4827.511779796054, 2231.133505936435, 1626.083773815311) 

823051 : 

x <- c(174.44122184597998, 171.71023335590132, 335.0253528409529, 1690.000848887109, 290.8424965308853, 221.55196958215797, 16.31488833624186, 0.6480775184980606, 1057.4002205916152, 1.379550321166958, 70.25604118825642, 816.2606185756615, 1308.4465457988722, 45.436487277012056, 622.8496805946195, 233.11752548445955, 731.1743743885163, 196.0162779541096, 736.3145119399886, 223.87195767620597, 78.95928028974402, 52.1756778112505, 598.8223497023888, 154.70756610823307, 368.9424635871952, 823.3855966007635, 421.50106396791, 211.24093800754267, 274.3427881023461, 1771.2955226534045, 1927.4108623504062, 1184.6061053520166, 34.55747349941941, 90.10959917869408, 60.26730992601923, 25.28030928230587, 10.914092477531083, 109.84261807339679, 657.4817871357312, 831.665909126282, 1312.0624432165962, 1172.279120487705, 1091.8504384129149, 1300.581148944132, 751.5619080608272, 1301.2958952740905, 635.0349804882412, 317.3076865074968, 742.490909986376, 515.7801047527787, 242.52080402964492, 1095.754818023852, 909.8788491160284, 684.1972553430535, 486.79713073833193, 145.57417438954087, 1233.4641236545328, 403.86728452094496, 2048.7373939277595, 2450.235971995817, 14.627390188778811, 3.9465576913986333, 648.2903623655443, 126.32088551301213, 352.6642031993182, 710.3230728998307, 1676.5534759114596, 16.318251404647416, 786.5369939421548, 1028.3690931080525, 1722.4145162523173, 1556.7879402092594, 1298.6356476050203, 560.4953233745894, 60.61231877881587, 1.2134907759578908, 810.1942728045559, 467.4980366425569, 204.17727937765147, 226.1823391367786, 714.3152331058304, 332.0335271847266, 228.65399370076602, 107.17974190980057, 414.0413767074121, 4784.7111717678945, 13544.15850652171, 3696.792381054625, 948.4851613888064, 262.225216517667, 434.6360155754131, 1075.6121921287388, 4716.9656848328805, 1968.3934581508695, 1057.0283028794736, 13.981194163338657, 818.0061764115621, 2249.254702208599, 177.64399125145357, 351.29372991888664, 13.305318399743943, 1525.7051939115502, 1203.9667071419615, 37.42057546370933, 191.62097208086612, 1210.3860106782975, 1193.557012072608, 1373.823859177494, 867.9859250083426, 157.39787692262365, 2.8202560931869423, 517.8724766050302, 372.1528944158584, 441.2781101606295, 1733.165452760233, 332.74516893689525, 45.50224166224541, 135.67593588553555, 866.7318090247699, 70.15562093818981, 229.18009413488952, 1082.7024312108335, 771.3751314068066, 2718.329161885186, 130.69963891400414, 2553.2084147953915, 3467.9959945446285, 1092.1264253035454, 153.7924387393236, 1198.9247007990634, 574.6000183003794, 3295.00481793614, 984.5158961412142, 1142.4824833795449, 2808.122616433065, 169.04708818428946, 4810.447510234083, 6795.332619838796, 1431.0303532301273, 270.52660118796746, 588.9999477327906, 655.3542482801812, 2686.7401637421963, 853.1002963443767, 370.79753560612977, 748.8924053461226, 33.24415850238943, 43.27638946127116, 1728.6554281970675, 1351.4437072539708, 9.182048955930034, 3147.105363388164, 340.923814639569, 445.067705853365, 1457.8439317624154, 2323.105419177618, 2292.0159070006753, 5202.704377111848, 233.654156724987, 3.8781728634735817, 450.54992376267495, 374.4066679260745, 5410.841539714849, 1869.619067133038, 142.36329076804466) 

841810 : 

x <- c(279.7547730396757, 1.4541257576615043, 478.9913655638517, 576.7620775941796, 4.946748168917118, 474.62419129012636, 446.65139300764895, 706.2769390015254, 113.33457719723741, 51.611704192190466, 11.668177206969155, 887.7939506154506, 121.3494220100175, 174.08503034135975, 52.18803448270021, 733.102810370144, 20.938598782171614, 196.95676644207478, 73.34429921479372, 3.291062691186952, 234.57591578016377, 12.000187174735197, 269.4236187274339, 73.71718715851632, 233.65786349804904, 326.01449088020854, 50.2095730526515, 144.38116474726212, 577.1587564970101, 183.17263781069485, 663.7903241342128, 16.03304609662352, 8.156001274112892, 129.6380668227976, 1.2675863386819446, 74.40565686800544, 0.3529888306234987, 249.19373486667075, 212.45602615460348, 358.9460419163566, 480.7438352733448, 286.14670415975377, 427.4916568517882, 395.8456975167395, 143.4214950377705, 812.5847024844054, 1.1574992018197572, 442.9287016645636, 110.58355064139708, 270.7957025006206, 11.261872642734923, 1152.3221829750053, 0.17294899523924556, 504.63707516711224, 20.393094217936994, 137.73067678083194, 759.8772643113999, 10.983448585321845, 1433.6922370135635, 56.76309423415396, 62.81943695193631, 2.8700718196559225, 985.0729215676661, 252.9413075234265, 1.653465176640931, 562.8342793181906, 169.10736146143304, 455.2194070583674, 122.01127429213545, 640.3871257252301, 418.4426734495982, 538.0484485496352, 288.5198261513586, 116.11940375308016, 1.114864347075411, 3.481475964242205, 937.9439970873617, 24.741955641497707, 28.77387597397266, 594.183104979585, 40.2700834270914, 425.76726437627053, 89.03566848517565, 24.067573885461766, 453.0141315970567, 1929.329076025864, 4681.86137896343, 138.9067639176957, 546.4313622423418, 8.089067671826026, 188.35170669062168, 2582.252782952311, 493.1007232397692, 695.1591730267054, 106.00496723920298, 6.121312484606032, 1234.5294568323286, 267.8417456542714, 0.8946726459781446, 247.87758636138648, 257.4699879783483, 729.8573058059123, 135.6263199344793, 2.670376383890326, 374.26273901125745, 373.48930415650887, 363.1262336174539, 475.06000871751075, 130.09390167754594, 23.2890344664841, 8.08906767182538, 855.9060095373246, 39.61605522833571, 954.5548676264233, 206.09104275241572, 55.14356558331298, 113.72363946657947, 665.9429970938577, 51.34971247163317, 21.863773055896694, 193.65147594802067, 503.36832406933087, 2189.6904743699756, 3.9367664258543256, 286.1467041597576, 1378.330324879452, 636.8492037336206, 125.12371827534668, 20.483511645309346, 1114.6164070421453, 37.62753406629645, 2311.1218436663016, 396.64193237148817, 2535.5382702253833, 0.4568021069226457, 104.3284236983382, 3099.6085988632913, 540.7544984046883, 118.90002120964118, 966.9532161738607, 9.266719124375562, 1046.2553945954146, 538.5124659770282, 92.85001703262522, 174.13102117721093, 314.2065157769229, 71.1345257706364, 342.0972576845997, 707.3403738562663, 185.93698798159335, 175.93710834975556, 1557.417448633958, 596.1347746890841, 0.046600447790614404, 1219.6947606610472, 95.92495564798361, 3752.2817771291534, 210.13028673562613, 18.027423678883373, 1.313021193427159, 359.25899217483664, 1741.048341470746, 1247.210770525045, 127.59670997645142, 15.334048575589916) 

858243 : 

x <- c(139.19639340163988, 2.0110009589351185, 360.9887797451995, 632.9313234845971, 23.011108290328306, 746.9952714752773, 86.62439013734317, 948.0795233908601, 507.47406930300764, 59.58071624492243, 214.30073584208188, 1705.232730754024, 1131.7032573670706, 180.44952752259434, 145.44932441694286, 1787.1172259706939, 934.7165954291888, 166.8121307854486, 113.1687652744763, 163.42580536795688, 795.9724850320304, 209.06836407638974, 0.9795801410968703, 292.51828549239747, 666.3668192221273, 1108.2177908127971, 833.3529793179251, 1285.5446029262919, 19.44908250530826, 7.404307423255115, 242.73183921080638, 4.974404478788192, 9.312640811538865, 135.24120520696323, 12.102230046941827, 112.23565206569621, 8.594582476400694, 340.51660269773225, 438.6705197562462, 852.1972334442038, 1467.106993614271, 1750.642688038184, 2795.2027367270084, 3901.4623183021918, 4321.9856270072205, 7896.291033112581, 6672.087279502945, 10067.952208909546, 11213.66294331579, 14203.07642478163, 14311.783286739808, 22783.45956289355, 22921.756640542884, 15864.175718082319, 15767.681252801816, 18152.15805749694, 25669.204581932023, 24869.662255294963, 13482.911055679866, 10573.237103132962, 11768.26584070502, 10792.90099102461, 17643.14263939691, 13118.516673243346, 12675.369700012174, 7436.022829958728, 5264.885692280221, 8815.285443593346, 9853.135985212417, 14657.799899416736, 19086.48232466222, 25520.282667362466, 31350.108087422777, 35482.75452295136, 35713.71813918929, 35249.113794319645, 46444.18427107463, 47243.23339481115, 42616.22541054502, 50793.88152492921, 56300.98226596186, 46479.81955346331, 45500.11432004234, 47514.75451422711, 37983.93254076182, 19732.86364761728, 3757.4293594650117, 5888.472743502577, 9100.585566798058, 7496.482847768496, 5027.771884139828, 14870.079143177398, 18628.37836557167, 25964.745578265007, 29655.464818968172, 28467.442286790672, 40035.981432033914, 49672.58293856495, 51238.85512626742, 42966.83503552081, 45816.01443702805, 59103.41301087289, 68947.01890978884, 69050.51175259419, 76898.16838900346, 91723.19920117897, 108373.856245145, 128969.90729596789, 145650.50731178853, 152505.92414767056, 149563.9153269294, 167346.60315276484, 177805.79073325964, 195761.88964540418, 228986.84818416496, 244057.4604847664, 235400.45652323586, 246047.93786175814, 272728.0886327623, 279455.1656952571, 293636.415973773, 328096.446447599, 295331.303347698, 240122.69408057208, 249984.98578422226, 300195.88543923, 365650.7157842963, 405398.9439132963, 419432.86539057107, 462915.09191316395, 496687.6719809893, 415382.19325990847, 369641.6154326172, 328296.8121987778, 267634.4233113216, 252585.50988736746, 186709.6050522572, 127041.45615880715, 105041.42405637918, 118097.66024158125, 127726.75307197898, 146672.74862085085, 181607.62906605625, 202845.84736483896, 218149.72147982364, 241710.2488446161, 244635.41949466305, 250083.4625889113, 290475.44709563296, 328910.70335290884, 323488.84660894115, 260668.88781750554, 242224.59887957867, 260113.05783667968, 221017.40098473162, 179482.79343776676, 222619.89077046834, 287730.9479535621, 302102.0757716364, 302202.7171218669, 277347.01686604833, 296727.8861150834, 379486.825887253, 434105.9339832273, 448091.6405750244) 

874128 : 

x <- c(91.66794555205088, 35.3508982242699, 217.100712318247, 284.4058916228974, 87.90304047077113, 214.16384474525805, 800.0786824186879, 377.3049014913954, 12.21039711436342, 205.5112088505516, 13.955171587310925, 512.7660373416192, 14.933107134419673, 413.9459677139597, 206.6596618213569, 396.979239356339, 6.634035433974737, 448.8322801008548, 246.9820363433149, 80.38309752002367, 66.65641277291662, 112.6922825657178, 555.3404318637361, 2.057325110804729, 66.16745250101965, 118.90458427279346, 0.004311515980457847, 23.661782864303532, 971.9219095593257, 427.8966179657962, 1083.4408137893302, 124.44879767158032, 18.45271317857663, 17.929617154476812, 36.3086041658784, 2.173672139999936, 59.99528191048113, 74.55179036596107, 55.12079273280315, 139.10640567238872, 218.28105934744124, 95.34229394072969, 182.9077146850862, 162.4181476157813, 23.27423583510747, 456.00774565007424, 36.9136703793844, 193.05262470514293, 11.318769269479063, 86.57070310498075, 14.40705104351755, 717.9365416206285, 45.36914439766127, 877.0874436979462, 6.9467148901817835, 21.016153659934464, 416.745190463982, 109.53008392519831, 2026.4098374577504, 215.66867234509328, 0.5995991290819197, 78.24573860761053, 587.3031317521371, 531.5635564859689, 34.40599228265937, 953.3065122782934, 406.25071610263524, 201.19544066680788, 15.165867406315945, 329.579983314447, 177.00540602451127, 257.42077752439, 96.71420124182025, 13.135824959247747, 37.15709686478652, 27.93822420599345, 551.0445381974264, 147.03168221359192, 156.64179867894006, 296.67781488565373, 0.6490914758671542, 772.0430202836357, 5.218199481205257, 5.042998424836118, 808.5868810592107, 2608.723262534655, 5711.680707152542, 21.477087446429223, 263.22913915577095, 99.913261518245, 435.7932695771208, 1906.5744011837592, 226.63308855180588, 369.19077958812517, 9.886860608903921, 92.65337153830151, 783.1231657391983, 84.90402228929281, 38.510242534500975, 524.2113446027568, 79.10924605572943, 394.5919188125437, 20.199072844245766, 77.18785915140046, 148.70187596434678, 148.2145024497468, 141.71326000267885, 214.45663150256493, 18.099390669075767, 5.408704366444104, 99.91326151824045, 488.60175244747643, 180.7858302501447, 563.7935806444885, 51.9024840722318, 0.07526126414057531, 317.3978173105517, 347.98432117939694, 2.0557437107649303E-4, 6.128903006962055, 45.75626675107935, 233.61098396967947, 2910.134463189904, 83.46032264593767, 95.3422939407319, 898.4609304416728, 327.04327601334927, 16.275882008499412, 6.894101647480062, 688.2404832118971, 176.50881836692986, 3049.8737582556264, 162.9283211303814, 3306.9011775914896, 41.93420008742948, 301.56622138900553, 3947.06382270856, 924.5042898713298, 326.00693513538005, 573.3313157904564, 103.9515263722601, 634.7546604528209, 257.7417642817031, 6.171934627181498, 36.53402022556347, 111.81662128193612, 242.912864188198, 128.69400159394564, 378.0822750059946, 42.046637546712546, 416.79926041286996, 2173.0199562899084, 298.0573619148478, 48.10340925168689, 1770.3613441035818, 287.1554651955539, 2927.279375803767, 53.93929867441359, 8.442872443112673, 36.06797768047423, 681.505595509829, 1195.3848387991136, 793.2299273705872, 17.17553633878756, 10.469509452252279) 

882834 : 

x <- c(30.91441539889244, 99.2001393364168, 114.91997213100461, 165.12438450298092, 179.29013631487754, 112.78595746565311, 1043.2852630970044, 237.47035993596668, 0.27032374555159366, 336.71980891346914, 60.061363440674306, 347.0796321602701, 0.022478007350306067, 593.4060275258738, 338.1894030473253, 253.1304332627217, 43.42713355874558, 635.0363043369271, 389.270006531623, 168.4784964428175, 17.2231086174436, 214.03475446452538, 760.6523553015701, 6.656021639320929, 16.97500421783852, 47.47311044806053, 16.64580165905588, 0.7226246608603523, 1238.3309392683557, 610.0863776636793, 1363.819484091253, 230.12667527162887, 69.05488131470875, 0.048432269149025174, 100.80012760413568, 6.451227505461515, 138.295875360099, 21.345077544593583, 11.628600093846087, 60.52954096968419, 115.77917799714545, 33.063343263060624, 90.44149468025675, 76.21418029051944, 0.6562187947198252, 300.67814297724135, 101.80662027145925, 97.61584894205554, 0.42240468059528297, 27.984875802444332, 60.994954641462854, 518.9317407723333, 115.56092348014187, 1130.9719680478352, 44.22152475953501, 0.32498359787744086, 268.96240512294384, 209.66827646255254, 2403.9337095837786, 349.68725758473727, 10.49712484800447, 165.37771404123856, 408.85136533935014, 732.7809300948577, 97.61295106869791, 1217.3069832644119, 584.1853553900381, 103.43039147157269, 0.014382406955613998, 199.94167368601106, 86.30546241648405, 144.72266424710148, 33.8732535288056, 0.15204281050790205, 102.21061733838869, 86.48863612773508, 378.69445388268286, 260.49723301772497, 273.2384758228556, 174.50603729824488, 23.231693135457995, 1011.2353364237631, 2.992646294804181, 39.186681954404094, 1052.9977410989802, 3034.900020863502, 6334.556427852521, 0.3844909305530191, 149.0858906447348, 196.27804538970145, 619.5084497995122, 1572.1283148170555, 121.88321906012642, 231.04222913873022, 0.7567724168231202, 186.04759965150004, 574.5644152900128, 27.04076260362929, 104.44690120650516, 724.1441535594209, 23.815115674505574, 251.22482446351106, 0.23047039906163083, 163.83812284044765, 66.91359963108967, 66.58679669801975, 62.25325710156871, 112.99845893219045, 0.05763520221921755, 40.19467022212237, 196.27804538970145, 327.25075296736975, 304.84903943509346, 389.27579347912985, 10.176567830074063, 13.987051521249478, 476.5456985592503, 214.33174701276616, 15.99941339133681, 42.119148224097025, 7.562903302529315, 127.01455279043411, 3359.353099967915, 172.9205715117167, 33.063343263059316, 673.9254071304983, 197.96696342026073, 4.0293844701228383E-4, 44.0886262260657, 493.73165864638037, 299.28746289964437, 3509.3689122514184, 76.5637832235933, 3784.7013778814394, 110.0385616100571, 457.10126455332795, 4467.575797684788, 1184.7313521915519, 487.0816633624083, 397.2078228098246, 201.92201605899427, 448.5955061267117, 144.96336571364182, 2.3406756255064285, 4.121197712002004, 43.034562052401704, 384.15712559657726, 53.72997497560405, 238.08716286903808, 6.101262239547773, 596.8213172601306, 2563.3894749381534, 175.56444316438433, 119.9008941494433, 2124.2813407450935, 439.3185261478087, 2509.0154458797074, 11.08938836156463, 47.885385163085466, 100.39893053720168, 907.2099828016627, 933.9180817366391, 583.2260416876587, 0.016919070333200642, 52.56143676742601) 

890986 : 

x <- c(198.24639999999954, 2.0735999999999937, 370.1776000000003, 456.6769000000002, 23.716900000000045, 366.33959999999945, 565.4884000000014, 572.6449000000003, 64.0, 96.62889999999969, 0.592899999999972, 737.1225000000019, 70.05690000000007, 250.9056000000028, 97.41689999999896, 596.8249000000003, 3.7249000000000265, 278.2224000000002, 125.66409999999954, 19.891600000000324, 160.5289000000004, 37.33210000000017, 363.2836000000001, 35.28359999999997, 159.7696000000011, 237.46809999999903, 19.71359999999998, 87.79690000000008, 711.2888999999979, 261.7924000000002, 807.1281000000014, 44.2224999999997, 0.0440999999999914, 76.38760000000016, 2.3103999999999445, 35.760399999999535, 10.497600000000059, 172.65960000000115, 142.32490000000016, 265.6899999999985, 371.71840000000117, 203.63290000000111, 325.080899999999, 297.5625, 87.04889999999864, 668.7396000000007, 2.4648999999998003, 338.55999999999915, 61.93690000000007, 190.7160999999985, 0.5041000000000516, 979.6899999999971, 4.972899999999574, 630.5121000000007, 3.496900000000017, 82.62809999999851, 621.0064000000036, 35.52160000000043, 1641.0600999999992, 103.63239999999898, 27.87839999999971, 18.835600000000277, 825.9876000000005, 344.1024999999983, 1.8496000000000372, 695.3769000000002, 244.92249999999927, 349.3160999999978, 70.55999999999962, 513.4756000000037, 317.19609999999807, 422.30249999999813, 205.63560000000092, 66.09689999999992, 2.5280999999997396, 0.6084000000001348, 782.880400000001, 58.06440000000007, 64.16009999999986, 472.1929000000008, 13.690000000000337, 541.9584000000041, 46.10410000000105, 5.107599999999959, 572.6449000000031, 2168.764899999994, 5050.944900000007, 83.53959999999975, 429.73290000000077, 30.1401000000001, 267.97690000000017, 2320.3489000000072, 382.5935999999979, 562.6384000000013, 58.52249999999965, 26.214400000000047, 1055.6001000000006, 188.23840000000075, 2.8900000000001547, 338.19209999999947, 179.55999999999938, 593.8969000000002, 81.0, 18.318399999999766, 278.8900000000015, 278.2224000000021, 269.2880999999952, 366.7225000000035, 76.73759999999984, 4.752400000000278, 30.1401000000001, 708.0920999999947, 79.92360000000097, 798.0625, 137.12410000000085, 22.84839999999974, 177.15609999999856, 536.3856000000038, 20.430399999999835, 4.12089999999989, 127.01289999999959, 391.64409999999856, 2444.3136000000054, 21.436899999998904, 203.6328999999995, 1188.8704000000012, 510.30809999999633, 72.93159999999938, 3.5344000000004105, 944.9476000000005, 77.08839999999952, 2572.5184000000027, 298.2528999999994, 2809.0, 3.8809000000001075, 165.37959999999742, 3401.222400000019, 670.8099999999929, 183.60249999999877, 809.4024999999897, 32.37609999999803, 882.0899999999892, 422.7136000000071, 48.86010000000013, 111.30249999999904, 227.4063999999978, 122.76639999999838, 251.22249999999713, 573.6025000000021, 120.7801000000002, 253.1281000000026, 1773.2520999999915, 473.9328999999992, 5.90490000000031, 1411.5048999999951, 154.75360000000137, 3435.132100000015, 140.42249999999785, 2.5600000000004366, 2.25, 466.5600000000059, 1527.2463999999943, 1067.3289000000048, 74.82250000000157, 1.6128999999999538) 

899488 : 

x <- c(198.24639999999954, 2.0735999999999937, 370.1776000000003, 456.6769000000002, 23.716900000000045, 366.33959999999945, 565.4884000000014, 572.6449000000003, 64.0, 96.62889999999969, 0.592899999999972, 737.1225000000019, 70.05690000000007, 250.9056000000028, 97.41689999999896, 596.8249000000003, 3.7249000000000265, 278.2224000000002, 125.66409999999954, 19.891600000000324, 160.5289000000004, 37.33210000000017, 363.2836000000001, 35.28359999999997, 159.7696000000011, 237.46809999999903, 19.71359999999998, 87.79690000000008, 711.2888999999979, 261.7924000000002, 807.1281000000014, 44.2224999999997, 0.0440999999999914, 76.38760000000016, 2.3103999999999445, 35.760399999999535, 10.497600000000059, 172.65960000000115, 142.32490000000016, 265.6899999999985, 371.71840000000117, 203.63290000000111, 325.080899999999, 297.5625, 87.04889999999864, 668.7396000000007, 2.4648999999998003, 338.55999999999915, 61.93690000000007, 190.7160999999985, 0.5041000000000516, 979.6899999999971, 4.972899999999574, 630.5121000000007, 3.496900000000017, 82.62809999999851, 621.0064000000036, 35.52160000000043, 1641.0600999999992, 103.63239999999898, 27.87839999999971, 18.835600000000277, 825.9876000000005, 344.1024999999983, 1.8496000000000372, 695.3769000000002, 244.92249999999927, 349.3160999999978, 70.55999999999962, 513.4756000000037, 317.19609999999807, 422.30249999999813, 205.63560000000092, 66.09689999999992, 2.5280999999997396, 0.6084000000001348, 782.880400000001, 58.06440000000007, 64.16009999999986, 472.1929000000008, 13.690000000000337, 541.9584000000041, 46.10410000000105, 5.107599999999959, 572.6449000000031, 2168.764899999994, 5050.944900000007, 83.53959999999975, 429.73290000000077, 30.1401000000001, 267.97690000000017, 2320.3489000000072, 382.5935999999979, 562.6384000000013, 58.52249999999965, 26.214400000000047, 1055.6001000000006, 188.23840000000075, 2.8900000000001547, 338.19209999999947, 179.55999999999938, 593.8969000000002, 81.0, 18.318399999999766, 278.8900000000015, 278.2224000000021, 269.2880999999952, 366.7225000000035, 76.73759999999984, 4.752400000000278, 30.1401000000001, 708.0920999999947, 79.92360000000097, 798.0625, 137.12410000000085, 22.84839999999974, 177.15609999999856, 536.3856000000038, 20.430399999999835, 4.12089999999989, 127.01289999999959, 391.64409999999856, 2444.3136000000054, 21.436899999998904, 203.6328999999995, 1188.8704000000012, 510.30809999999633, 72.93159999999938, 3.5344000000004105, 944.9476000000005, 77.08839999999952, 2572.5184000000027, 298.2528999999994, 2809.0, 3.8809000000001075, 165.37959999999742, 3401.222400000019, 670.8099999999929, 183.60249999999877, 809.4024999999897, 32.37609999999803, 882.0899999999892, 422.7136000000071, 48.86010000000013, 111.30249999999904, 227.4063999999978, 122.76639999999838, 251.22249999999713, 573.6025000000021, 120.7801000000002, 253.1281000000026, 1773.2520999999915, 473.9328999999992, 5.90490000000031, 1411.5048999999951, 154.75360000000137, 3435.132100000015, 140.42249999999785, 2.5600000000004366, 2.25, 466.5600000000059, 1527.2463999999943, 1067.3289000000048, 74.82250000000157, 1.6128999999999538) 

908063 : 

x <- c(198.24639999999954, 2.0735999999999937, 370.1776000000003, 456.6769000000002, 23.716900000000045, 366.33959999999945, 565.4884000000014, 572.6449000000003, 64.0, 96.62889999999969, 0.592899999999972, 737.1225000000019, 70.05690000000007, 250.9056000000028, 97.41689999999896, 596.8249000000003, 3.7249000000000265, 278.2224000000002, 125.66409999999954, 19.891600000000324, 160.5289000000004, 37.33210000000017, 363.2836000000001, 35.28359999999997, 159.7696000000011, 237.46809999999903, 19.71359999999998, 87.79690000000008, 711.2888999999979, 261.7924000000002, 807.1281000000014, 44.2224999999997, 0.0440999999999914, 76.38760000000016, 2.3103999999999445, 35.760399999999535, 10.497600000000059, 172.65960000000115, 142.32490000000016, 265.6899999999985, 371.71840000000117, 203.63290000000111, 325.080899999999, 297.5625, 87.04889999999864, 668.7396000000007, 2.4648999999998003, 338.55999999999915, 61.93690000000007, 190.7160999999985, 0.5041000000000516, 979.6899999999971, 4.972899999999574, 630.5121000000007, 3.496900000000017, 82.62809999999851, 621.0064000000036, 35.52160000000043, 1641.0600999999992, 103.63239999999898, 27.87839999999971, 18.835600000000277, 825.9876000000005, 344.1024999999983, 1.8496000000000372, 695.3769000000002, 244.92249999999927, 349.3160999999978, 70.55999999999962, 513.4756000000037, 317.19609999999807, 422.30249999999813, 205.63560000000092, 66.09689999999992, 2.5280999999997396, 0.6084000000001348, 782.880400000001, 58.06440000000007, 64.16009999999986, 472.1929000000008, 13.690000000000337, 541.9584000000041, 46.10410000000105, 5.107599999999959, 572.6449000000031, 2168.764899999994, 5050.944900000007, 83.53959999999975, 429.73290000000077, 30.1401000000001, 267.97690000000017, 2320.3489000000072, 382.5935999999979, 562.6384000000013, 58.52249999999965, 26.214400000000047, 1055.6001000000006, 188.23840000000075, 2.8900000000001547, 338.19209999999947, 179.55999999999938, 593.8969000000002, 81.0, 18.318399999999766, 278.8900000000015, 278.2224000000021, 269.2880999999952, 366.7225000000035, 76.73759999999984, 4.752400000000278, 30.1401000000001, 708.0920999999947, 79.92360000000097, 798.0625, 137.12410000000085, 22.84839999999974, 177.15609999999856, 536.3856000000038, 20.430399999999835, 4.12089999999989, 127.01289999999959, 391.64409999999856, 2444.3136000000054, 21.436899999998904, 203.6328999999995, 1188.8704000000012, 510.30809999999633, 72.93159999999938, 3.5344000000004105, 944.9476000000005, 77.08839999999952, 2572.5184000000027, 298.2528999999994, 2809.0, 3.8809000000001075, 165.37959999999742, 3401.222400000019, 670.8099999999929, 183.60249999999877, 809.4024999999897, 32.37609999999803, 882.0899999999892, 422.7136000000071, 48.86010000000013, 111.30249999999904, 227.4063999999978, 122.76639999999838, 251.22249999999713, 573.6025000000021, 120.7801000000002, 253.1281000000026, 1773.2520999999915, 473.9328999999992, 5.90490000000031, 1411.5048999999951, 154.75360000000137, 3435.132100000015, 140.42249999999785, 2.5600000000004366, 2.25, 466.5600000000059, 1527.2463999999943, 1067.3289000000048, 74.82250000000157, 1.6128999999999538) 

916106 : 

x <- c(198.24639999999954, 2.0735999999999937, 370.1776000000003, 456.6769000000002, 23.716900000000045, 366.33959999999945, 565.4884000000014, 572.6449000000003, 64.0, 96.62889999999969, 0.592899999999972, 737.1225000000019, 70.05690000000007, 250.9056000000028, 97.41689999999896, 596.8249000000003, 3.7249000000000265, 278.2224000000002, 125.66409999999954, 19.891600000000324, 160.5289000000004, 37.33210000000017, 363.2836000000001, 35.28359999999997, 159.7696000000011, 237.46809999999903, 19.71359999999998, 87.79690000000008, 711.2888999999979, 261.7924000000002, 807.1281000000014, 44.2224999999997, 0.0440999999999914, 76.38760000000016, 2.3103999999999445, 35.760399999999535, 10.497600000000059, 172.65960000000115, 142.32490000000016, 265.6899999999985, 371.71840000000117, 203.63290000000111, 325.080899999999, 297.5625, 87.04889999999864, 668.7396000000007, 2.4648999999998003, 338.55999999999915, 61.93690000000007, 190.7160999999985, 0.5041000000000516, 979.6899999999971, 4.972899999999574, 630.5121000000007, 3.496900000000017, 82.62809999999851, 621.0064000000036, 35.52160000000043, 1641.0600999999992, 103.63239999999898, 27.87839999999971, 18.835600000000277, 825.9876000000005, 344.1024999999983, 1.8496000000000372, 695.3769000000002, 244.92249999999927, 349.3160999999978, 70.55999999999962, 513.4756000000037, 317.19609999999807, 422.30249999999813, 205.63560000000092, 66.09689999999992, 2.5280999999997396, 0.6084000000001348, 782.880400000001, 58.06440000000007, 64.16009999999986, 472.1929000000008, 13.690000000000337, 541.9584000000041, 46.10410000000105, 5.107599999999959, 572.6449000000031, 2168.764899999994, 5050.944900000007, 83.53959999999975, 429.73290000000077, 30.1401000000001, 267.97690000000017, 2320.3489000000072, 382.5935999999979, 562.6384000000013, 58.52249999999965, 26.214400000000047, 1055.6001000000006, 188.23840000000075, 2.8900000000001547, 338.19209999999947, 179.55999999999938, 593.8969000000002, 81.0, 18.318399999999766, 278.8900000000015, 278.2224000000021, 269.2880999999952, 366.7225000000035, 76.73759999999984, 4.752400000000278, 30.1401000000001, 708.0920999999947, 79.92360000000097, 798.0625, 137.12410000000085, 22.84839999999974, 177.15609999999856, 536.3856000000038, 20.430399999999835, 4.12089999999989, 127.01289999999959, 391.64409999999856, 2444.3136000000054, 21.436899999998904, 203.6328999999995, 1188.8704000000012, 510.30809999999633, 72.93159999999938, 3.5344000000004105, 944.9476000000005, 77.08839999999952, 2572.5184000000027, 298.2528999999994, 2809.0, 3.8809000000001075, 165.37959999999742, 3401.222400000019, 670.8099999999929, 183.60249999999877, 809.4024999999897, 32.37609999999803, 882.0899999999892, 422.7136000000071, 48.86010000000013, 111.30249999999904, 227.4063999999978, 122.76639999999838, 251.22249999999713, 573.6025000000021, 120.7801000000002, 253.1281000000026, 1773.2520999999915, 473.9328999999992, 5.90490000000031, 1411.5048999999951, 154.75360000000137, 3435.132100000015, 140.42249999999785, 2.5600000000004366, 2.25, 466.5600000000059, 1527.2463999999943, 1067.3289000000048, 74.82250000000157, 1.6128999999999538) 

924367 : 

x <- c(198.24639999999954, 2.0735999999999937, 370.1776000000003, 456.6769000000002, 23.716900000000045, 366.33959999999945, 565.4884000000014, 572.6449000000003, 64.0, 96.62889999999969, 0.592899999999972, 737.1225000000019, 70.05690000000007, 250.9056000000028, 97.41689999999896, 596.8249000000003, 3.7249000000000265, 278.2224000000002, 125.66409999999954, 19.891600000000324, 160.5289000000004, 37.33210000000017, 363.2836000000001, 35.28359999999997, 159.7696000000011, 237.46809999999903, 19.71359999999998, 87.79690000000008, 711.2888999999979, 261.7924000000002, 807.1281000000014, 44.2224999999997, 0.0440999999999914, 76.38760000000016, 2.3103999999999445, 35.760399999999535, 10.497600000000059, 172.65960000000115, 142.32490000000016, 265.6899999999985, 371.71840000000117, 203.63290000000111, 325.080899999999, 297.5625, 87.04889999999864, 668.7396000000007, 2.4648999999998003, 338.55999999999915, 61.93690000000007, 190.7160999999985, 0.5041000000000516, 979.6899999999971, 4.972899999999574, 630.5121000000007, 3.496900000000017, 82.62809999999851, 621.0064000000036, 35.52160000000043, 1641.0600999999992, 103.63239999999898, 27.87839999999971, 18.835600000000277, 825.9876000000005, 344.1024999999983, 1.8496000000000372, 695.3769000000002, 244.92249999999927, 349.3160999999978, 70.55999999999962, 513.4756000000037, 317.19609999999807, 422.30249999999813, 205.63560000000092, 66.09689999999992, 2.5280999999997396, 0.6084000000001348, 782.880400000001, 58.06440000000007, 64.16009999999986, 472.1929000000008, 13.690000000000337, 541.9584000000041, 46.10410000000105, 5.107599999999959, 572.6449000000031, 2168.764899999994, 5050.944900000007, 83.53959999999975, 429.73290000000077, 30.1401000000001, 267.97690000000017, 2320.3489000000072, 382.5935999999979, 562.6384000000013, 58.52249999999965, 26.214400000000047, 1055.6001000000006, 188.23840000000075, 2.8900000000001547, 338.19209999999947, 179.55999999999938, 593.8969000000002, 81.0, 18.318399999999766, 278.8900000000015, 278.2224000000021, 269.2880999999952, 366.7225000000035, 76.73759999999984, 4.752400000000278, 30.1401000000001, 708.0920999999947, 79.92360000000097, 798.0625, 137.12410000000085, 22.84839999999974, 177.15609999999856, 536.3856000000038, 20.430399999999835, 4.12089999999989, 127.01289999999959, 391.64409999999856, 2444.3136000000054, 21.436899999998904, 203.6328999999995, 1188.8704000000012, 510.30809999999633, 72.93159999999938, 3.5344000000004105, 944.9476000000005, 77.08839999999952, 2572.5184000000027, 298.2528999999994, 2809.0, 3.8809000000001075, 165.37959999999742, 3401.222400000019, 670.8099999999929, 183.60249999999877, 809.4024999999897, 32.37609999999803, 882.0899999999892, 422.7136000000071, 48.86010000000013, 111.30249999999904, 227.4063999999978, 122.76639999999838, 251.22249999999713, 573.6025000000021, 120.7801000000002, 253.1281000000026, 1773.2520999999915, 473.9328999999992, 5.90490000000031, 1411.5048999999951, 154.75360000000137, 3435.132100000015, 140.42249999999785, 2.5600000000004366, 2.25, 466.5600000000059, 1527.2463999999943, 1067.3289000000048, 74.82250000000157, 1.6128999999999538) 

932185 : 

x <- c(198.24639999999954, 2.0735999999999937, 370.1776000000003, 456.6769000000002, 23.716900000000045, 366.33959999999945, 565.4884000000014, 572.6449000000003, 64.0, 96.62889999999969, 0.592899999999972, 737.1225000000019, 70.05690000000007, 250.9056000000028, 97.41689999999896, 596.8249000000003, 3.7249000000000265, 278.2224000000002, 125.66409999999954, 19.891600000000324, 160.5289000000004, 37.33210000000017, 363.2836000000001, 35.28359999999997, 159.7696000000011, 237.46809999999903, 19.71359999999998, 87.79690000000008, 711.2888999999979, 261.7924000000002, 807.1281000000014, 44.2224999999997, 0.0440999999999914, 76.38760000000016, 2.3103999999999445, 35.760399999999535, 10.497600000000059, 172.65960000000115, 142.32490000000016, 265.6899999999985, 371.71840000000117, 203.63290000000111, 325.080899999999, 297.5625, 87.04889999999864, 668.7396000000007, 2.4648999999998003, 338.55999999999915, 61.93690000000007, 190.7160999999985, 0.5041000000000516, 979.6899999999971, 4.972899999999574, 630.5121000000007, 3.496900000000017, 82.62809999999851, 621.0064000000036, 35.52160000000043, 1641.0600999999992, 103.63239999999898, 27.87839999999971, 18.835600000000277, 825.9876000000005, 344.1024999999983, 1.8496000000000372, 695.3769000000002, 244.92249999999927, 349.3160999999978, 70.55999999999962, 513.4756000000037, 317.19609999999807, 422.30249999999813, 205.63560000000092, 66.09689999999992, 2.5280999999997396, 0.6084000000001348, 782.880400000001, 58.06440000000007, 64.16009999999986, 472.1929000000008, 13.690000000000337, 541.9584000000041, 46.10410000000105, 5.107599999999959, 572.6449000000031, 2168.764899999994, 5050.944900000007, 83.53959999999975, 429.73290000000077, 30.1401000000001, 267.97690000000017, 2320.3489000000072, 382.5935999999979, 562.6384000000013, 58.52249999999965, 26.214400000000047, 1055.6001000000006, 188.23840000000075, 2.8900000000001547, 338.19209999999947, 179.55999999999938, 593.8969000000002, 81.0, 18.318399999999766, 278.8900000000015, 278.2224000000021, 269.2880999999952, 366.7225000000035, 76.73759999999984, 4.752400000000278, 30.1401000000001, 708.0920999999947, 79.92360000000097, 798.0625, 137.12410000000085, 22.84839999999974, 177.15609999999856, 536.3856000000038, 20.430399999999835, 4.12089999999989, 127.01289999999959, 391.64409999999856, 2444.3136000000054, 21.436899999998904, 203.6328999999995, 1188.8704000000012, 510.30809999999633, 72.93159999999938, 3.5344000000004105, 944.9476000000005, 77.08839999999952, 2572.5184000000027, 298.2528999999994, 2809.0, 3.8809000000001075, 165.37959999999742, 3401.222400000019, 670.8099999999929, 183.60249999999877, 809.4024999999897, 32.37609999999803, 882.0899999999892, 422.7136000000071, 48.86010000000013, 111.30249999999904, 227.4063999999978, 122.76639999999838, 251.22249999999713, 573.6025000000021, 120.7801000000002, 253.1281000000026, 1773.2520999999915, 473.9328999999992, 5.90490000000031, 1411.5048999999951, 154.75360000000137, 3435.132100000015, 140.42249999999785, 2.5600000000004366, 2.25, 466.5600000000059, 1527.2463999999943, 1067.3289000000048, 74.82250000000157, 1.6128999999999538) 

940412 : 

x <- c(220.01988917740178, 3.356326358833346, 494.0975897743506, 821.6660825950948, 73.73109360139948, 964.6538184026538, 28.5644591729142, 1187.3591465769157, 701.8038990444351, 138.63248842210953, 345.2905607456806, 2047.2442239984491, 1435.322355418203, 315.34016109155607, 263.4006610824951, 2147.2094404562545, 1217.0278434758864, 297.4325471297382, 219.20270256350202, 283.26592365895704, 1037.4361752544912, 345.7799017780094, 9.48782956012689, 438.946153074058, 884.0965700541944, 1395.3647597143731, 1095.2448372508777, 1609.989755400564, 76.8699062340922, 46.426522213159004, 136.23513520342954, 1.7214635191128904, 42.267608123872314, 227.46624967710574, 49.7399707544888, 200.1437284759296, 43.10652287537865, 485.914800355705, 610.4524734698425, 1095.7716494431897, 1797.6502392960901, 2128.2245853704, 3282.1008157469573, 4491.8923805946615, 4957.887222445953, 8757.51954388655, 7483.266985549128, 11058.106925645057, 12266.721274035961, 15387.647192952041, 15501.947497213116, 24278.836449679926, 24406.245567869675, 17104.682229035636, 17015.223294786672, 19488.61842628913, 27250.570630277336, 26406.110954013886, 14625.02749157554, 11599.530919318095, 12848.143003603867, 11829.067750871307, 18960.32407910257, 14256.447874494848, 13796.856827058431, 8300.51027023308, 5990.475009881823, 9737.76777610773, 10838.61209312032, 15858.539033843617, 20457.1190899567, 27095.170725191227, 33073.342951313156, 37292.14075783259, 37513.320226400305, 37040.30458935915, 48498.70871246244, 49238.36372965576, 44534.60134442054, 52909.77764136486, 58454.97670676241, 48425.975796783634, 47498.11729827853, 49536.42488727779, 39787.56947684163, 21080.349164408457, 4377.546523926749, 6640.039201447612, 10037.005837657747, 8359.60225024615, 5736.959475143263, 16059.60355044217, 19982.94988400095, 27554.023931563082, 31330.181295716375, 30098.365353495912, 41974.29280734356, 51753.60470867525, 53308.32009167643, 44868.93804506198, 47832.5434268889, 61348.30355528791, 71267.82590002709, 71329.3362440055, 79324.31232678503, 94271.56934300052, 111021.36569302365, 131713.67648191718, 148371.65473811133, 155193.620792971, 152201.3640669996, 170200.07681715145, 180412.3138912002, 198618.05967067523, 231646.23152754264, 246608.17364771888, 237825.97515915756, 248751.89273412793, 275158.63682463043, 281830.61333204317, 296031.94552616804, 330394.6053573154, 297111.58046870516, 242605.80061637214, 252597.57565679983, 302787.91125235765, 367752.41414576356, 407064.07217967516, 420911.98636879586, 464419.05221657397, 497390.29381660034, 416249.6741526966, 371657.5569709828, 329819.09180955956, 270027.39920286427, 254945.3590683287, 188932.4191739652, 129530.02865537508, 107530.32085817955, 120848.85423671837, 130330.8315356769, 149520.42664832072, 184419.65392534243, 205531.3780492189, 220829.07431614, 244358.5616209673, 247044.43225003537, 252709.6389406978, 293009.89234977815, 331111.58208826423, 325438.73345325846, 262720.9440846514, 244928.84699753235, 262535.18667309615, 223290.56632721855, 182062.17241464747, 225672.71293113191, 290161.1153685481, 304357.4621234116, 304426.3819363883, 279506.278314671, 299380.798102395, 381613.53779964714, 435555.18139105284, 449337.1439803441) 

948035 : 

x <- c(89.06526696913603, 42.01188096157863, 202.75366212096006, 250.39272879737183, 121.48291889821402, 172.29478763853945, 920.2978597671851, 325.7170021582815, 2.0716904400772713, 276.1387405952282, 32.93373286182834, 425.15893277253684, 1.1445084857357921, 546.5042430455643, 287.5888969139633, 310.5108651250083, 31.037697491007552, 587.3766396784403, 334.6360676332264, 126.00766857617744, 36.3742243951304, 171.82034007085187, 670.0248454190601, 0.11873769992151068, 38.279558245767795, 73.93880146494037, 7.885022688593697, 3.9844956976990216, 1177.13987096606, 531.9255943709537, 1213.469622552871, 150.5433496937121, 27.260061647644992, 10.9093509693292, 51.90920367731472, 0.11443343784078408, 81.92463217721804, 55.06552626063142, 34.084138987013006, 97.41703876836384, 153.46215571880583, 46.669305801948845, 103.7751976352296, 79.13795763044601, 0.23717031513359682, 280.64769553636734, 130.19853980791837, 74.02957482739977, 5.990270941634024, 10.689121745415672, 104.48972434933299, 414.0351439095432, 197.94642430178158, 1360.5868947729095, 84.53685271756775, 4.110340699574987, 183.4655858852216, 325.4924496299746, 2748.1157168223895, 438.66032750210115, 26.99496417886061, 223.96107714648625, 332.6132605963663, 892.0344618138774, 147.65037664166664, 1378.087282222989, 658.1862926306688, 83.32872431825523, 2.860530504791994, 152.04350201062084, 46.762285746221785, 82.32789326023338, 5.202884397602894, 18.796416215999596, 204.08773426926422, 180.3879833785167, 235.66086714330393, 442.75911627119854, 450.11244013117005, 76.58331850896347, 97.90600309944573, 1367.4924843830622, 39.05940126706175, 120.38948694824471, 1385.7954687084746, 3503.216884786974, 6784.479987295719, 0.020586277524791648, 125.15899184175102, 243.98886344074953, 694.0342131909616, 1494.555220206555, 75.41361823236004, 151.0360924817911, 19.826252460935816, 304.13640061028354, 412.72438583264255, 0.3902398444499716, 230.55995783101122, 1012.8951996914354, 0.23546672545407077, 122.66507866842481, 24.853611547254797, 343.0068541533185, 6.660901152993558, 4.357704209066192, 1.8082657042747428, 13.101338080365307, 53.48331480312721, 199.98288557537202, 478.4422379635104, 107.79197187694872, 671.9484189302059, 132.7434870177763, 33.86435592323055, 171.11853287962467, 980.1105374108498, 30.697740496372624, 189.22519464547207, 268.1089918983471, 51.718741283934826, 1.0180367584064953, 4730.959191317045, 509.4317192118161, 12.527047995158886, 264.58797890844795, 11.552022495786824, 127.49765175657487, 331.00532309031655, 112.63916098862214, 886.7390507227135, 5107.860173812736, 4.168291466782939, 5300.008418402667, 410.8272656740537, 967.3987708796051, 5806.214249564891, 1774.5527912878804, 843.3975070053018, 178.02943593455714, 466.71754985060346, 194.53655254928694, 15.727498626674855, 103.77458486920256, 46.58215863897379, 6.729622455009533, 851.5653961637893, 3.7540278902918383, 32.64066721681881, 62.81609342644305, 1234.620817691989, 3707.1297501033123, 17.53434057653397, 425.58315964333184, 3102.5778670971354, 870.5963017893209, 1755.337011374759, 42.5698222049862, 292.7672595093073, 410.29722773268, 1625.1603420508404, 440.11732705901267, 181.20532601724244, 131.90009777849644, 365.190594525438) 

956026 : 

x <- c(29.06225489810878, 102.59781737514166, 111.32237562095135, 160.80628824491376, 183.84805573185872, 109.22218723484809, 1054.2397319200513, 232.28631092911607, 0.4748010231321678, 342.95551178121747, 62.7114807079872, 340.8063769615884, 0.1017980517080173, 601.6746897765195, 344.4386364267776, 247.77725285962583, 45.684865986765296, 643.5891073332622, 395.97251205301296, 172.89772811487603, 15.847898654076161, 219.01211974419772, 770.0102237440411, 7.557320269439597, 15.60994213824635, 45.171060433258944, 18.054494477915394, 0.4636819127240759, 1250.262987561707, 618.4700492637672, 1376.3401096435439, 235.286702459248, 71.8944257458193, 0.0025950802838793107, 104.22486666626122, 7.338995623880426, 142.30242642531323, 19.81088406875436, 10.503704596924742, 57.926437069563626, 112.16805097539121, 31.146912831701773, 87.25319614912137, 73.28972673752945, 0.4108065582831844, 294.8412467808771, 105.24827247320832, 94.30239317769512, 0.6708561212001972, 26.224046255635255, 63.665367676327186, 511.25469498479606, 119.22582912493951, 1142.3763263848955, 46.49955295510592, 0.16075443163938857, 263.443475951524, 214.59490232335077, 2420.5473149252484, 356.0413524298606, 11.621676921169719, 169.75635417819632, 402.04027230060285, 741.9662845131567, 100.98356808402325, 1229.1375527200228, 592.3897477101042, 100.01883949738894, 0.083554567538475, 195.18721842562474, 83.19158169969946, 140.68194347887825, 31.933144701972168, 0.3125459250642927, 105.65903479598762, 89.66306072341385, 372.14044056623106, 265.9853751140634, 278.8585404082667, 170.06616643487834, 24.89070042076427, 1022.0206738505593, 3.6064215513025193, 41.33278766090223, 1064.0029493408977, 3053.5634987274984, 6361.5073441326285, 0.20334862469013593, 144.9842825738626, 201.04568773802742, 627.9563913301798, 1558.7447757201478, 118.17737845647507, 225.92921531829992, 1.079641671776561, 190.69008476660005, 566.4848367794127, 25.31037670814349, 107.9325275712785, 733.275385930921, 22.1929738726179, 245.89193982796303, 0.09668488414802043, 168.19646720985574, 64.17519061396959, 63.85515293674957, 59.61294429427909, 109.43130607345924, 0.005032757504179582, 42.367836952017065, 201.04568773803067, 321.16015967663907, 310.7836884175201, 382.63044920870914, 9.126090147500726, 15.280734990661895, 483.9585559448852, 209.40816035613267, 17.38104518679775, 44.343054372868856, 6.661261248653503, 123.23091174451163, 3378.98739204637, 177.39730785850077, 31.14691283170304, 665.1726856628408, 193.2361865553491, 0.02221830808073693, 46.363271793711554, 486.24404002263975, 305.16798983527985, 3529.4361807042665, 73.63256441475141, 3805.5398855011745, 113.61551892880627, 464.36190368234037, 4490.213863360593, 1196.4029381346747, 494.5757038182317, 390.4948259809052, 206.75731096582228, 441.45968080717495, 140.91926231750438, 2.886798323506355, 3.463104868722121, 40.84413875912541, 390.81565695494976, 51.27908933210421, 232.89634860634104, 5.294333767569242, 605.1136579062396, 2580.544300747625, 171.11104178931802, 123.63345235273988, 2139.9004534766195, 446.43709490397356, 2492.1004432291725, 9.991553888043567, 50.254744312626585, 103.81690434348306, 917.4270387370619, 923.6093514235097, 575.0855758744041, 0.0015255327924286123, 55.042422638493456) 

962207 : 

x <- c(300.22838376614277, 23.661815508172115, 635.1549753675638, 1055.0872254841674, 182.47585587937166, 1275.4177977708655, 0.17322598016857738, 1510.570824982315, 1040.8120269924948, 325.8549459095871, 587.5626407799679, 2596.0330867732814, 2061.7664642529926, 670.8041307809817, 539.2018449444028, 2773.508247915976, 1843.0842577382678, 647.0781779834874, 474.5171049753621, 531.6309784110335, 1455.5226021852773, 643.4821458447057, 89.18275321366171, 683.2382367983186, 1244.1173428880466, 1908.5173333396785, 1638.8611312656801, 2288.239024199854, 295.3436170502747, 177.25622056117146, 38.35456384779181, 27.601637021357256, 102.598840049595, 350.4156409874922, 123.36313456328135, 328.58225768651994, 117.59125963610192, 684.2543582483828, 870.9212148238181, 1489.3493193482802, 2393.0404424171725, 2917.3289895469907, 4392.217184839847, 6009.245441810151, 6802.664591710345, 11351.454747230464, 10427.297634900398, 14544.003975456013, 16436.909580757467, 20274.861304723658, 20867.587941505735, 30923.22031100851, 32426.489318309283, 23825.485595819857, 22784.78594813349, 25705.413605181922, 34932.79870266966, 35126.98576900625, 21055.66852352852, 16117.706915645122, 17274.16550866716, 16242.94044511607, 24300.176084493178, 19874.448233072475, 18721.172511067176, 12169.125890831405, 8767.041741762363, 12826.409792459124, 14562.43113190062, 20571.904210381006, 26615.77412385711, 34920.1634684155, 42718.002538935616, 48294.1554316096, 49007.44739601432, 48376.41930344716, 61311.514144938556, 63963.24391692748, 58107.25129913145, 67083.16160888447, 74845.79938794517, 63677.68005619851, 61108.96026819198, 63862.76228590749, 52856.249807299224, 29766.333047504326, 7683.950270520784, 9036.778147202373, 13153.618647066849, 11695.912665344706, 8438.22935125091, 19913.281885376677, 25945.79245910839, 35365.719800755716, 40812.30520120142, 39791.446705162576, 52998.50990743898, 66054.1851856366, 68740.56405873616, 59000.52623446371, 61205.13368286441, 77347.81699583895, 90331.08685374321, 91098.9671983661, 99758.51717101833, 117904.88476634111, 138105.65800218255, 162690.51193011817, 183056.2842160064, 191482.38329911395, 188364.79668594617, 207778.10698437548, 221694.64732444347, 240931.28394157262, 280082.2301624741, 297615.9807893775, 288379.3823947623, 299170.76377600094, 330222.77034684404, 337908.12579147203, 353610.9810675556, 392003.1824252942, 356948.090055036, 293467.01418440545, 304023.2983161103, 360231.45354010165, 433674.542108455, 477574.93816489686, 492906.7731539052, 539966.28975355, 575900.2630362384, 488329.5152301626, 438189.73091237637, 393525.460769196, 324667.1126487214, 307946.7599078367, 233926.4939106962, 162544.11339250806, 135555.1252156772, 149183.7358690859, 162432.5597282967, 183211.33381712023, 224793.3763713829, 250127.1872181443, 267659.9246702317, 294534.28601724334, 298841.1028629879, 304074.5231532614, 349630.745774874, 393139.8982762497, 387692.75634441216, 317932.01366531575, 294851.73237080534, 316153.5398081779, 272738.9147007019, 223801.2039708511, 270582.5876441045, 346936.8761860834, 363407.19372192683, 363603.4827389982, 336210.3450490414, 356150.4535764041, 448757.650349085, 508816.15354081156, 523942.11777185573) 

965838 : 

x <- c(198.24639999999954, 2.0735999999999937, 370.1776000000003, 456.6769000000002, 23.716900000000045, 366.33959999999945, 565.4884000000014, 572.6449000000003, 64.0, 96.62889999999969, 0.592899999999972, 737.1225000000019, 70.05690000000007, 250.9056000000028, 97.41689999999896, 596.8249000000003, 3.7249000000000265, 278.2224000000002, 125.66409999999954, 19.891600000000324, 160.5289000000004, 37.33210000000017, 363.2836000000001, 35.28359999999997, 159.7696000000011, 237.46809999999903, 19.71359999999998, 87.79690000000008, 711.2888999999979, 261.7924000000002, 807.1281000000014, 44.2224999999997, 0.0440999999999914, 76.38760000000016, 2.3103999999999445, 35.760399999999535, 10.497600000000059, 172.65960000000115, 142.32490000000016, 265.6899999999985, 371.71840000000117, 203.63290000000111, 325.080899999999, 297.5625, 87.04889999999864, 668.7396000000007, 2.4648999999998003, 338.55999999999915, 61.93690000000007, 190.7160999999985, 0.5041000000000516, 979.6899999999971, 4.972899999999574, 630.5121000000007, 3.496900000000017, 82.62809999999851, 621.0064000000036, 35.52160000000043, 1641.0600999999992, 103.63239999999898, 27.87839999999971, 18.835600000000277, 825.9876000000005, 344.1024999999983, 1.8496000000000372, 695.3769000000002, 244.92249999999927, 349.3160999999978, 70.55999999999962, 513.4756000000037, 317.19609999999807, 422.30249999999813, 205.63560000000092, 66.09689999999992, 2.5280999999997396, 0.6084000000001348, 782.880400000001, 58.06440000000007, 64.16009999999986, 472.1929000000008, 13.690000000000337, 541.9584000000041, 46.10410000000105, 5.107599999999959, 572.6449000000031, 2168.764899999994, 5050.944900000007, 83.53959999999975, 429.73290000000077, 30.1401000000001, 267.97690000000017, 2320.3489000000072, 382.5935999999979, 562.6384000000013, 58.52249999999965, 26.214400000000047, 1055.6001000000006, 188.23840000000075, 2.8900000000001547, 338.19209999999947, 179.55999999999938, 593.8969000000002, 81.0, 18.318399999999766, 278.8900000000015, 278.2224000000021, 269.2880999999952, 366.7225000000035, 76.73759999999984, 4.752400000000278, 30.1401000000001, 708.0920999999947, 79.92360000000097, 798.0625, 137.12410000000085, 22.84839999999974, 177.15609999999856, 536.3856000000038, 20.430399999999835, 4.12089999999989, 127.01289999999959, 391.64409999999856, 2444.3136000000054, 21.436899999998904, 203.6328999999995, 1188.8704000000012, 510.30809999999633, 72.93159999999938, 3.5344000000004105, 944.9476000000005, 77.08839999999952, 2572.5184000000027, 298.2528999999994, 2809.0, 3.8809000000001075, 165.37959999999742, 3401.222400000019, 670.8099999999929, 183.60249999999877, 809.4024999999897, 32.37609999999803, 882.0899999999892, 422.7136000000071, 48.86010000000013, 111.30249999999904, 227.4063999999978, 122.76639999999838, 251.22249999999713, 573.6025000000021, 120.7801000000002, 253.1281000000026, 1773.2520999999915, 473.9328999999992, 5.90490000000031, 1411.5048999999951, 154.75360000000137, 3435.132100000015, 140.42249999999785, 2.5600000000004366, 2.25, 466.5600000000059, 1527.2463999999943, 1067.3289000000048, 74.82250000000157, 1.6128999999999538) 

969469 : 

x <- c(222.71945718228926, 0.2742361173364903, 405.9784109577777, 500.7759986561051, 14.076625975489677, 409.3754288325867, 510.2343710666227, 624.9562117615025, 84.50030433493919, 73.89777640532654, 3.8141194534552403, 802.9823892176169, 94.02818037925276, 209.38284665921316, 73.64506680570685, 658.8196423192804, 10.84607875435542, 234.29563588605626, 98.45896759514568, 10.435483668823744, 192.5606780009321, 23.407253810362533, 317.53747866718396, 50.15793964244808, 190.7942228858704, 277.15410105401924, 33.14689186660411, 114.70854151220628, 639.1553090707882, 222.8725711912058, 742.1413834841377, 31.68149997552068, 1.4330698402784277, 94.63769644714777, 0.23695790216935897, 49.07543549675366, 4.769011176371617, 201.05827330528885, 169.96846332557575, 305.15391843333936, 421.5888221376078, 244.04542355965984, 378.51524286666785, 352.2510962092807, 119.62279510807561, 757.0909697752082, 0.04774636055551496, 407.24940049091407, 94.96917122762761, 247.29942423348686, 7.273279691098099, 1108.2613574929708, 0.006113957864999594, 527.6062048837191, 15.061853379174805, 123.44530061574021, 728.3210078070615, 14.169172834870047, 1470.3313853478583, 67.6275356320142, 51.609271104625215, 5.802508528397997, 939.3490580153245, 272.0235968024038, 0.3615591116471184, 596.1268202629059, 191.31202830082174, 417.29568905717974, 104.73684507824511, 602.0828432080099, 392.2029419021239, 512.3824419468763, 273.2982281548421, 108.06869761847743, 0.5147961496321307, 2.3082777708047257, 916.5927850630537, 26.838322846924726, 31.470167092425356, 580.2754431477338, 38.07943633374273, 432.22762955156367, 83.90529293116698, 21.76188323433158, 462.8261110673571, 1960.423882554853, 4763.289628659722, 117.22995426092055, 504.6476905293166, 13.31403398990513, 211.90982980381835, 2489.864640248757, 463.8295105317172, 665.5094058463723, 97.01595204433544, 8.299710334926683, 1204.2774875416449, 259.21259519207274, 0.56364372554775, 254.3385705276086, 247.97632930574792, 717.5057143306212, 133.2141716962614, 2.8621540940933072, 371.184939061604, 373.73372756070637, 366.6506772600303, 482.79797420502774, 136.45322644637307, 26.485932734833987, 6.311755351832736, 873.7579146997435, 34.26365581864725, 979.0908313835401, 221.88971492632191, 64.42132472776282, 100.78323192188084, 694.9732596393113, 61.4916183572145, 28.89003268503085, 213.90240933772316, 538.4006804313055, 2109.067500095711, 1.8749430677761625, 306.4902158433917, 1428.1125867914636, 680.0624995403912, 147.4860909426257, 30.562994149675504, 1183.226945183211, 24.637030488375434, 2204.1900445280858, 431.80435817427946, 2440.4713658263618, 1.8382805366218704, 91.09398372266408, 3032.767443993122, 526.7491240078425, 115.22831191922428, 973.1747666437578, 7.827039080597815, 1060.3491097347576, 555.8281547920269, 102.25107271301741, 187.9075566230631, 334.6078110328288, 60.68447198478641, 364.15688713663167, 743.35567550623, 208.1652598312326, 154.14338274584526, 1497.4897813493237, 623.2835931149884, 0.7705346847926237, 1174.756267347267, 87.20323923472492, 3800.432162096754, 230.7235568535292, 25.00634957168539, 3.6438139111514274, 331.1981381142643, 1795.2061456618824, 1307.6325321997106, 151.52399923953985, 24.74138037654058) 

973100 : 

x <- c(198.24639999999954, 2.0735999999999937, 370.1776000000003, 456.6769000000002, 23.716900000000045, 366.33959999999945, 565.4884000000014, 572.6449000000003, 64.0, 96.62889999999969, 0.592899999999972, 737.1225000000019, 70.05690000000007, 250.9056000000028, 97.41689999999896, 596.8249000000003, 3.7249000000000265, 278.2224000000002, 125.66409999999954, 19.891600000000324, 160.5289000000004, 37.33210000000017, 363.2836000000001, 35.28359999999997, 159.7696000000011, 237.46809999999903, 19.71359999999998, 87.79690000000008, 711.2888999999979, 261.7924000000002, 807.1281000000014, 44.2224999999997, 0.0440999999999914, 76.38760000000016, 2.3103999999999445, 35.760399999999535, 10.497600000000059, 172.65960000000115, 142.32490000000016, 265.6899999999985, 371.71840000000117, 203.63290000000111, 325.080899999999, 297.5625, 87.04889999999864, 668.7396000000007, 2.4648999999998003, 338.55999999999915, 61.93690000000007, 190.7160999999985, 0.5041000000000516, 979.6899999999971, 4.972899999999574, 630.5121000000007, 3.496900000000017, 82.62809999999851, 621.0064000000036, 35.52160000000043, 1641.0600999999992, 103.63239999999898, 27.87839999999971, 18.835600000000277, 825.9876000000005, 344.1024999999983, 1.8496000000000372, 695.3769000000002, 244.92249999999927, 349.3160999999978, 70.55999999999962, 513.4756000000037, 317.19609999999807, 422.30249999999813, 205.63560000000092, 66.09689999999992, 2.5280999999997396, 0.6084000000001348, 782.880400000001, 58.06440000000007, 64.16009999999986, 472.1929000000008, 13.690000000000337, 541.9584000000041, 46.10410000000105, 5.107599999999959, 572.6449000000031, 2168.764899999994, 5050.944900000007, 83.53959999999975, 429.73290000000077, 30.1401000000001, 267.97690000000017, 2320.3489000000072, 382.5935999999979, 562.6384000000013, 58.52249999999965, 26.214400000000047, 1055.6001000000006, 188.23840000000075, 2.8900000000001547, 338.19209999999947, 179.55999999999938, 593.8969000000002, 81.0, 18.318399999999766, 278.8900000000015, 278.2224000000021, 269.2880999999952, 366.7225000000035, 76.73759999999984, 4.752400000000278, 30.1401000000001, 708.0920999999947, 79.92360000000097, 798.0625, 137.12410000000085, 22.84839999999974, 177.15609999999856, 536.3856000000038, 20.430399999999835, 4.12089999999989, 127.01289999999959, 391.64409999999856, 2444.3136000000054, 21.436899999998904, 203.6328999999995, 1188.8704000000012, 510.30809999999633, 72.93159999999938, 3.5344000000004105, 944.9476000000005, 77.08839999999952, 2572.5184000000027, 298.2528999999994, 2809.0, 3.8809000000001075, 165.37959999999742, 3401.222400000019, 670.8099999999929, 183.60249999999877, 809.4024999999897, 32.37609999999803, 882.0899999999892, 422.7136000000071, 48.86010000000013, 111.30249999999904, 227.4063999999978, 122.76639999999838, 251.22249999999713, 573.6025000000021, 120.7801000000002, 253.1281000000026, 1773.2520999999915, 473.9328999999992, 5.90490000000031, 1411.5048999999951, 154.75360000000137, 3435.132100000015, 140.42249999999785, 2.5600000000004366, 2.25, 466.5600000000059, 1527.2463999999943, 1067.3289000000048, 74.82250000000157, 1.6128999999999538) 

976731 : 

x <- c(198.24639999999954, 2.0735999999999937, 370.1776000000003, 456.6769000000002, 23.716900000000045, 366.33959999999945, 565.4884000000014, 572.6449000000003, 64.0, 96.62889999999969, 0.592899999999972, 737.1225000000019, 70.05690000000007, 250.9056000000028, 97.41689999999896, 596.8249000000003, 3.7249000000000265, 278.2224000000002, 125.66409999999954, 19.891600000000324, 160.5289000000004, 37.33210000000017, 363.2836000000001, 35.28359999999997, 159.7696000000011, 237.46809999999903, 19.71359999999998, 87.79690000000008, 711.2888999999979, 261.7924000000002, 807.1281000000014, 44.2224999999997, 0.0440999999999914, 76.38760000000016, 2.3103999999999445, 35.760399999999535, 10.497600000000059, 172.65960000000115, 142.32490000000016, 265.6899999999985, 371.71840000000117, 203.63290000000111, 325.080899999999, 297.5625, 87.04889999999864, 668.7396000000007, 2.4648999999998003, 338.55999999999915, 61.93690000000007, 190.7160999999985, 0.5041000000000516, 979.6899999999971, 4.972899999999574, 630.5121000000007, 3.496900000000017, 82.62809999999851, 621.0064000000036, 35.52160000000043, 1641.0600999999992, 103.63239999999898, 27.87839999999971, 18.835600000000277, 825.9876000000005, 344.1024999999983, 1.8496000000000372, 695.3769000000002, 244.92249999999927, 349.3160999999978, 70.55999999999962, 513.4756000000037, 317.19609999999807, 422.30249999999813, 205.63560000000092, 66.09689999999992, 2.5280999999997396, 0.6084000000001348, 782.880400000001, 58.06440000000007, 64.16009999999986, 472.1929000000008, 13.690000000000337, 541.9584000000041, 46.10410000000105, 5.107599999999959, 572.6449000000031, 2168.764899999994, 5050.944900000007, 83.53959999999975, 429.73290000000077, 30.1401000000001, 267.97690000000017, 2320.3489000000072, 382.5935999999979, 562.6384000000013, 58.52249999999965, 26.214400000000047, 1055.6001000000006, 188.23840000000075, 2.8900000000001547, 338.19209999999947, 179.55999999999938, 593.8969000000002, 81.0, 18.318399999999766, 278.8900000000015, 278.2224000000021, 269.2880999999952, 366.7225000000035, 76.73759999999984, 4.752400000000278, 30.1401000000001, 708.0920999999947, 79.92360000000097, 798.0625, 137.12410000000085, 22.84839999999974, 177.15609999999856, 536.3856000000038, 20.430399999999835, 4.12089999999989, 127.01289999999959, 391.64409999999856, 2444.3136000000054, 21.436899999998904, 203.6328999999995, 1188.8704000000012, 510.30809999999633, 72.93159999999938, 3.5344000000004105, 944.9476000000005, 77.08839999999952, 2572.5184000000027, 298.2528999999994, 2809.0, 3.8809000000001075, 165.37959999999742, 3401.222400000019, 670.8099999999929, 183.60249999999877, 809.4024999999897, 32.37609999999803, 882.0899999999892, 422.7136000000071, 48.86010000000013, 111.30249999999904, 227.4063999999978, 122.76639999999838, 251.22249999999713, 573.6025000000021, 120.7801000000002, 253.1281000000026, 1773.2520999999915, 473.9328999999992, 5.90490000000031, 1411.5048999999951, 154.75360000000137, 3435.132100000015, 140.42249999999785, 2.5600000000004366, 2.25, 466.5600000000059, 1527.2463999999943, 1067.3289000000048, 74.82250000000157, 1.6128999999999538) 

980362 : 

x <- c(198.24639999999954, 2.0735999999999937, 370.1776000000003, 456.6769000000002, 23.716900000000045, 366.33959999999945, 565.4884000000014, 572.6449000000003, 64.0, 96.62889999999969, 0.592899999999972, 737.1225000000019, 70.05690000000007, 250.9056000000028, 97.41689999999896, 596.8249000000003, 3.7249000000000265, 278.2224000000002, 125.66409999999954, 19.891600000000324, 160.5289000000004, 37.33210000000017, 363.2836000000001, 35.28359999999997, 159.7696000000011, 237.46809999999903, 19.71359999999998, 87.79690000000008, 711.2888999999979, 261.7924000000002, 807.1281000000014, 44.2224999999997, 0.0440999999999914, 76.38760000000016, 2.3103999999999445, 35.760399999999535, 10.497600000000059, 172.65960000000115, 142.32490000000016, 265.6899999999985, 371.71840000000117, 203.63290000000111, 325.080899999999, 297.5625, 87.04889999999864, 668.7396000000007, 2.4648999999998003, 338.55999999999915, 61.93690000000007, 190.7160999999985, 0.5041000000000516, 979.6899999999971, 4.972899999999574, 630.5121000000007, 3.496900000000017, 82.62809999999851, 621.0064000000036, 35.52160000000043, 1641.0600999999992, 103.63239999999898, 27.87839999999971, 18.835600000000277, 825.9876000000005, 344.1024999999983, 1.8496000000000372, 695.3769000000002, 244.92249999999927, 349.3160999999978, 70.55999999999962, 513.4756000000037, 317.19609999999807, 422.30249999999813, 205.63560000000092, 66.09689999999992, 2.5280999999997396, 0.6084000000001348, 782.880400000001, 58.06440000000007, 64.16009999999986, 472.1929000000008, 13.690000000000337, 541.9584000000041, 46.10410000000105, 5.107599999999959, 572.6449000000031, 2168.764899999994, 5050.944900000007, 83.53959999999975, 429.73290000000077, 30.1401000000001, 267.97690000000017, 2320.3489000000072, 382.5935999999979, 562.6384000000013, 58.52249999999965, 26.214400000000047, 1055.6001000000006, 188.23840000000075, 2.8900000000001547, 338.19209999999947, 179.55999999999938, 593.8969000000002, 81.0, 18.318399999999766, 278.8900000000015, 278.2224000000021, 269.2880999999952, 366.7225000000035, 76.73759999999984, 4.752400000000278, 30.1401000000001, 708.0920999999947, 79.92360000000097, 798.0625, 137.12410000000085, 22.84839999999974, 177.15609999999856, 536.3856000000038, 20.430399999999835, 4.12089999999989, 127.01289999999959, 391.64409999999856, 2444.3136000000054, 21.436899999998904, 203.6328999999995, 1188.8704000000012, 510.30809999999633, 72.93159999999938, 3.5344000000004105, 944.9476000000005, 77.08839999999952, 2572.5184000000027, 298.2528999999994, 2809.0, 3.8809000000001075, 165.37959999999742, 3401.222400000019, 670.8099999999929, 183.60249999999877, 809.4024999999897, 32.37609999999803, 882.0899999999892, 422.7136000000071, 48.86010000000013, 111.30249999999904, 227.4063999999978, 122.76639999999838, 251.22249999999713, 573.6025000000021, 120.7801000000002, 253.1281000000026, 1773.2520999999915, 473.9328999999992, 5.90490000000031, 1411.5048999999951, 154.75360000000137, 3435.132100000015, 140.42249999999785, 2.5600000000004366, 2.25, 466.5600000000059, 1527.2463999999943, 1067.3289000000048, 74.82250000000157, 1.6128999999999538) 



