med: 26621.766296411635/desvio: 777.662303687171


Funcoes: 

140479 : Expressao: (X1)
146991 : Expressao: (X1)
153555 : Expressao: ((0.4963491424436769-(0.5503513459221434-X1)))
160393 : Expressao: (((X1-0.04175591761731212)+0.1222453985573658))
166784 : Expressao: ((0.812080002568613*(X1/0.8836963717294551)))
173345 : Expressao: ((0.30086254550493885-(0.29614020935522445-X1)))
179999 : Expressao: (X1)
186651 : Expressao: (X1)
193228 : Expressao: ((X1*0.9388034092118785))
199722 : Expressao: (X1)
206189 : Expressao: (((Sin[X0])+(X1-X0)))
212701 : Expressao: (((X1+0.629114367952974)-0.6189766042265998))
219045 : Expressao: (((X1*0.9520470687758165)/0.9999302332377095))
225612 : Expressao: (X1)
232500 : Expressao: (X1)
238962 : Expressao: (((0.901426862671215*X1)/0.9200087402481064))
245468 : Expressao: (((X1/0.8630285177377877)*0.8177345371977615))
252131 : Expressao: (X1)
258681 : Expressao: ((0.6918341110247459/(0.7576395396824636/X1)))
265208 : Expressao: (((X1-0.05544837862031504)+0.1472773482392197))
271897 : Expressao: (X1)
278455 : Expressao: (X1)
284865 : Expressao: (X1)
291405 : Expressao: (X1)
297841 : Expressao: (X1)
304496 : Expressao: (X1)
311308 : Expressao: (((0.9855590750558638*X1)-(X0*0.06749307480790878)))
317846 : Expressao: (X1)
324293 : Expressao: ((0.998583261955944*(X1*0.9487651265405006)))
330503 : Expressao: (X1)
Erros: 

140479 : 

x <- c(8.70489E7, 2.1049744E9, 1.3053769E9, 4.94209E7, 9.998244E8, 1.1082241E9, 5.308416E8, 1.0725625E9, 6100900.0, 5.673924E8, 7.95664E7, 4.734976E8, 3.606201E8, 1.1999296E9, 1.6443025E9, 3.89376E7, 2.6368225E9, 6.806881E8, 1.962801E8, 5.262436E8, 2.244004E8, 1.896129E8, 9.35089E7, 2.663424E8, 3.048516E8, 9.126441E8, 8.779369E8, 4.293184E8, 1.2845056E9, 8.844676E8, 4.613904E8, 4.5796E8, 3.444736E8, 4.511376E8, 1.075369E8, 2.742336E8, 1.014049E8, 1.6008001E9, 1.0297681E9, 6.98896E7, 8.667136E8, 9.431041E8, 1.879641E8, 9.096256E8, 1.737124E8, 1.1909401E9, 9610000.0, 3.24E8, 8.87364E7, 8.862529E8, 1.0923025E9, 4.95616E7, 1.1553201E9, 5.621641E8, 3.790809E8, 1.7397241E9, 4.950625E8, 1.11556E9, 3.51649E7, 6.492304E8, 2.782224E8, 2.2259524E9, 1.4531344E9, 7398400.0, 1.9377604E9, 1.59201E9, 1.674436E8, 1.9421649E9, 2.292196E8, 1.38384E9, 2.34256E7, 2.839225E8, 1.648656E8, 1.6573041E9, 1.7598025E9, 4243600.0, 2.1613201E9, 1.4531344E9, 1.669264E8, 7.080921E8, 8.06404E7, 6.066369E8, 1.27449E7, 1.503076E8, 6.285049E8, 8.433216E8, 2.0930625E9, 3.88129E7, 2.1261321E9, 7.745089E8, 1.179396E8, 2.719201E8, 4.756761E8, 8.2944E8, 3.38724E7, 3.790809E8, 1.183744E8, 9.928801E8) 

146991 : 

x <- c(8.70489E7, 2.1049744E9, 1.3053769E9, 4.94209E7, 9.998244E8, 1.1082241E9, 5.308416E8, 1.0725625E9, 6100900.0, 5.673924E8, 7.95664E7, 4.734976E8, 3.606201E8, 1.1999296E9, 1.6443025E9, 3.89376E7, 2.6368225E9, 6.806881E8, 1.962801E8, 5.262436E8, 2.244004E8, 1.896129E8, 9.35089E7, 2.663424E8, 3.048516E8, 9.126441E8, 8.779369E8, 4.293184E8, 1.2845056E9, 8.844676E8, 4.613904E8, 4.5796E8, 3.444736E8, 4.511376E8, 1.075369E8, 2.742336E8, 1.014049E8, 1.6008001E9, 1.0297681E9, 6.98896E7, 8.667136E8, 9.431041E8, 1.879641E8, 9.096256E8, 1.737124E8, 1.1909401E9, 9610000.0, 3.24E8, 8.87364E7, 8.862529E8, 1.0923025E9, 4.95616E7, 1.1553201E9, 5.621641E8, 3.790809E8, 1.7397241E9, 4.950625E8, 1.11556E9, 3.51649E7, 6.492304E8, 2.782224E8, 2.2259524E9, 1.4531344E9, 7398400.0, 1.9377604E9, 1.59201E9, 1.674436E8, 1.9421649E9, 2.292196E8, 1.38384E9, 2.34256E7, 2.839225E8, 1.648656E8, 1.6573041E9, 1.7598025E9, 4243600.0, 2.1613201E9, 1.4531344E9, 1.669264E8, 7.080921E8, 8.06404E7, 6.066369E8, 1.27449E7, 1.503076E8, 6.285049E8, 8.433216E8, 2.0930625E9, 3.88129E7, 2.1261321E9, 7.745089E8, 1.179396E8, 2.719201E8, 4.756761E8, 8.2944E8, 3.38724E7, 3.790809E8, 1.183744E8, 9.928801E8) 

153555 : 

x <- c(1.5827623107212526E8, 2.4138343465713806E9, 1.550846477183754E9, 1.0569460547299214E8, 8.048121796440903E8, 9.02354247143854E8, 3.916129047052025E8, 1.296056749129377E9, 609630.1722279331, 4.230924751541923E8, 1.481280847696719E8, 3.425909224299372E8, 4.946526585884831E8, 1.4357118284260552E9, 1.9185090446394832E9, 9.007506015850863E7, 2.313534178308922E9, 5.216295968454858E8, 1.157606391226668E8, 6.859573851609036E8, 3.3236163743521273E8, 1.1065381744605578E8, 4.120628047059612E7, 1.7080429776006117E8, 4.2893674677688617E8, 1.1196243452068567E9, 1.0811462309253364E9, 5.745986856695698E8, 1.0620567274578594E9, 7.016783431772975E8, 3.3230416380722505E8, 6.076613575858352E8, 4.7571048075908005E8, 3.236117421306128E8, 5.068317702738191E7, 1.771351194366719E8, 1.7744339756923822E8, 1.8714957934118607E9, 1.2489713087400606E9, 2.610404548575413E7, 6.858748160815321E8, 7.54008314120272E8, 1.093951120269015E8, 1.1162807663894844E9, 2.6997080000980264E8, 9.771383239999664E8, 22737.0733351669, 2.1753924949634537E8, 1.605488729433964E8, 1.0903724516139832E9, 1.3177472220336115E9, 1.0590032123646662E8, 9.448991437006397E8, 4.1857934855241406E8, 2.6306283226559725E8, 2.0214724732025187E9, 6.502901974811668E8, 9.089749737456311E8, 7178176.010054867, 4.9413785841742957E8, 3.97236317225876E8, 2.54326439582307E9, 1.7115421141151822E9, 3.565031141548823E7, 1.6621286329357276E9, 1.3431647274872127E9, 9.388082581443721E7, 2.239256993382498E9, 3.382210896508046E8, 1.152548983625329E9, 2525594.2287739427, 1.849385622959117E8, 2.589134640516719E8, 1.932550896855075E9, 2.0431112515259118E9, 2.82044710261719E7, 1.869629439357524E9, 1.215861933385676E9, 9.349365734138732E7, 8.916666703560443E8, 1.4959217935051885E8, 4.570706983127611E8, 101896.1900341837, 8.116589773070252E7, 8.02067042780973E8, 1.0426950008803453E9, 2.401077241646212E9, 8875703.105820209, 1.8369120383695545E9, 6.041376540009218E8, 5.7900104617131084E7, 3.896987177198607E8, 6.280431038882892E8, 6.527622249438964E8, 8.227919809258007E7, 2.6306283226559538E8, 1.9967917441067025E8, 1.2083123944585402E9) 

160393 : 

x <- c(2.0112969881955985E7, 1.6838505915375159E9, 9.787354941054616E8, 4773126.385162591, 1.3297145606673083E9, 1.4542974003892019E9, 7.775872464075203E8, 7.786749936623478E8, 5.351290324623337E7, 8.216966386129556E8, 1.6603576041223248E7, 7.078394027883444E8, 2.0007391256848824E8, 8.877270433184085E8, 1.274829071607995E9, 1945323.6188726872, 3.157906281453511E9, 9.569897800313377E8, 3.555205058753657E8, 3.2741992639993566E8, 1.0271312890668757E8, 3.465275851967702E8, 2.1069252360409752E8, 4.4796786740684706E8, 1.5913188189453438E8, 6.4337047084415E8, 6.14283762484089E8, 2.5200764267694587E8, 1.6552896825992787E9, 1.1961396153516438E9, 6.930188619966497E8, 2.740597007542587E8, 1.8809432878430513E8, 6.804403413180542E8, 2.3150387558333433E8, 4.5818478808544254E8, 2.7297997789619945E7, 1.2365595431348348E9, 7.422763255284854E8, 1.7437866490009725E8, 1.1754784645033996E9, 1.2641759030943005E9, 3.442973550271213E8, 6.40836495985521E8, 6.946803399615362E7, 1.548835813838729E9, 6.312702002754648E7, 5.219055121570154E8, 2.0928324627482682E7, 6.212430920882416E8, 7.955078428141035E8, 4816921.35688778, 1.5081767523684387E9, 8.154023833019327E8, 5.912314513134127E8, 1.3590096883281126E9, 3.0292527335089976E8, 1.4626992557002249E9, 1.1610604302931808E8, 9.196208733065742E8, 1.4006127409996966E8, 1.792230937861795E9, 1.107208893478774E9, 4516693.571606278, 2.3878127957280746E9, 2.0021375240788522E9, 3.1631516784996086E8, 1.5385809016552567E9, 1.059818484542906E8, 1.767803166444653E9, 9.380409494736364E7, 4.706839339054121E8, 6.39160049574972E7, 1.286280191155598E9, 1.3767623676495214E9, 7757625.437743827, 2.6353080377119527E9, 1.8460128290459359E9, 3.156041577934112E8, 4.73704281023082E8, 1.709614587157438E7, 8.687904459032153E8, 7.08164563564636E7, 2.925896259272737E8, 4.0904045537740296E8, 5.853858591523029E8, 1.6731984569050932E9, 1.2266119387756243E8, 2.59643764663751E9, 1.067672054951155E9, 2.4665492196880007E8, 1.3560016963719106E8, 2.8780269459499145E8, 1.1320029426938117E9, 950134.8064147634, 5.912314513134127E8, 3.6418190499360226E7, 7.110088171684245E8) 

166784 : 

x <- c(1.345103682042485E8, 2.391599333614197E9, 1.8380238018729436E9, 2.7889738311522144E8, 4.5710674756415886E8, 6.560051504426094E8, 3.261809357201686E8, 1.2861057337395856E9, 1.0866491660832752E7, 3.3319891842645645E8, 1.576492826864372E8, 3.0280386150105155E8, 4.6592385875542307E8, 1.5034427573400342E9, 2.25544662886105E9, 2.711880687836579E8, 1.6497008983681445E9, 3.809526372971471E8, 9.124814157629126E7, 6.897039199233326E8, 4.0647859065719706E8, 5.4385893456217185E7, 1.9277589460894186E7, 1.3981406229293072E8, 4.2572472141467214E8, 1.210906930563134E9, 1.3444220764495776E9, 9.094827077845212E8, 6.112357442440767E8, 4.6344279004240626E8, 2.457967174080183E8, 6.482786200779958E8, 5.931958000474617E8, 1.943306373229115E8, 2.2959246892017324E7, 1.397593196069646E8, 1.813321526159945E8, 1.9555900555050673E9, 1.5637704443957684E9, 2873600.4196451497, 4.024974842038672E8, 5.625535500222245E8, 8.476895743788595E7, 1.1257307084238708E9, 3.616132830102572E8, 7.620766894732583E8, 1015076.3831528444, 2.000448062309799E8, 1.3965395445459038E8, 1.0844469043359497E9, 1.491779128758727E9, 2.3384492952961007E8, 6.334018717979851E8, 3.112432758658583E8, 2.348124083758839E8, 1.9605878365884185E9, 7.951712114555241E8, 6.578219052371509E8, 782934.8549930048, 4.374545469650142E8, 3.67858595461994E8, 2.6042056042936726E9, 2.0971793918005192E9, 1.8182596150855896E8, 1.0913297579541662E9, 1.0551285123886881E9, 7.667297690513675E7, 2.2283127857860703E9, 4.772704976412236E8, 8.565283336030202E8, 6199.780923688539, 1.5186874489381868E8, 2.560301270689497E8, 2.0170444950362647E9, 2.4453748281245966E9, 1.6797290119285035E8, 1.254761854589937E9, 9.498879587673366E8, 7.58565553615541E7, 8.864537218164237E8, 2.0448701803374645E8, 3.453036814073083E8, 231930.01690558894, 7.221138447135696E7, 7.749931618338013E8, 1.1451738646313088E9, 2.798819704076134E9, 2.145112496107672E7, 1.278302370078461E9, 4.49872301836817E8, 4.219265585774432E7, 3.989725940163093E8, 7.091930147868656E8, 4.93364044149105E8, 1.01489418999033E8, 2.173896897734363E8, 1.9678407560806492E8, 1.263070975293041E9) 

173345 : 

x <- c(8.182519500957704E7, 2.0789704116463094E9, 1.2849162156898623E9, 4.5504846219851054E7, 1.0178825719924957E9, 1.1272317404799592E9, 5.440216644341727E8, 1.0540234944249607E9, 7586014.262287241, 5.810159287576569E8, 7.457579805140848E7, 4.85949928108455E8, 3.499042599264261E8, 1.1803160462565181E9, 1.6213288511901183E9, 3.547069598338065E7, 2.6660980452006326E9, 6.95602223647797E8, 2.0432621207383603E8, 5.1328201110878164E8, 2.1596442138433868E8, 1.9752256151276398E8, 9.90875310944494E7, 2.757018487241547E8, 2.950056322532606E8, 8.955491961963068E8, 8.611717517188976E8, 4.176189787986983E8, 1.30496302769135E9, 9.014569092641014E8, 4.7368353578720427E8, 4.458739688756607E8, 3.3400223384834695E8, 4.632942852261322E8, 1.1351351189757627E8, 2.837294992852268E8, 9.576047244627148E7, 1.5781334649525304E9, 1.0116043334679089E9, 7.472343844859767E7, 8.835323460627613E8, 9.606448969484344E8, 1.9583964887249595E8, 8.925591233965302E8, 1.662998005923792E8, 1.2106413641654088E9, 1.145329698510143E7, 3.3431460265165925E8, 8.346152604917501E7, 8.694081555582722E8, 1.0735929312236205E9, 4.563986077980639E7, 1.174725721283086E9, 5.757250889171656E8, 3.9023126233822566E8, 1.7160909401449366E9, 4.824932064718638E8, 1.1346301803204505E9, 3.861717651774295E7, 6.637977118050722E8, 2.6881989657674485E8, 2.199209304440502E9, 1.431542313120973E9, 5932770.879103968, 1.9628685176478896E9, 1.6147757163494859E9, 1.7488136998905638E8, 1.9171899762943945E9, 2.2069265434362397E8, 1.405070647537425E9, 2.6258163552873954E7, 2.935832770465222E8, 1.5764630555389798E8, 1.6342394841494036E9, 1.7360328895838647E9, 3153209.9220520887, 2.1878325213389177E9, 1.4748881080215347E9, 1.7435279910896704E8, 6.930439546123879E8, 7.561568541114047E7, 6.207209494012753E8, 1.4855412667200904E7, 1.5735876006601885E8, 6.14332312379267E8, 8.268918926815331E8, 2.0671324223668902E9, 4.243573971908303E7, 2.1524284746172204E9, 7.904122902155695E8, 1.2419479845976509E8, 2.6262561993759355E8, 4.633569658338293E8, 8.458948778999025E8, 3.0644284465256087E7, 3.9023126233822566E8, 1.1226945180265324E8, 9.750460889904997E8) 

179999 : 

x <- c(8.70489E7, 2.1049744E9, 1.3053769E9, 4.94209E7, 9.998244E8, 1.1082241E9, 5.308416E8, 1.0725625E9, 6100900.0, 5.673924E8, 7.95664E7, 4.734976E8, 3.606201E8, 1.1999296E9, 1.6443025E9, 3.89376E7, 2.6368225E9, 6.806881E8, 1.962801E8, 5.262436E8, 2.244004E8, 1.896129E8, 9.35089E7, 2.663424E8, 3.048516E8, 9.126441E8, 8.779369E8, 4.293184E8, 1.2845056E9, 8.844676E8, 4.613904E8, 4.5796E8, 3.444736E8, 4.511376E8, 1.075369E8, 2.742336E8, 1.014049E8, 1.6008001E9, 1.0297681E9, 6.98896E7, 8.667136E8, 9.431041E8, 1.879641E8, 9.096256E8, 1.737124E8, 1.1909401E9, 9610000.0, 3.24E8, 8.87364E7, 8.862529E8, 1.0923025E9, 4.95616E7, 1.1553201E9, 5.621641E8, 3.790809E8, 1.7397241E9, 4.950625E8, 1.11556E9, 3.51649E7, 6.492304E8, 2.782224E8, 2.2259524E9, 1.4531344E9, 7398400.0, 1.9377604E9, 1.59201E9, 1.674436E8, 1.9421649E9, 2.292196E8, 1.38384E9, 2.34256E7, 2.839225E8, 1.648656E8, 1.6573041E9, 1.7598025E9, 4243600.0, 2.1613201E9, 1.4531344E9, 1.669264E8, 7.080921E8, 8.06404E7, 6.066369E8, 1.27449E7, 1.503076E8, 6.285049E8, 8.433216E8, 2.0930625E9, 3.88129E7, 2.1261321E9, 7.745089E8, 1.179396E8, 2.719201E8, 4.756761E8, 8.2944E8, 3.38724E7, 3.790809E8, 1.183744E8, 9.928801E8) 

186651 : 

x <- c(8.70489E7, 2.1049744E9, 1.3053769E9, 4.94209E7, 9.998244E8, 1.1082241E9, 5.308416E8, 1.0725625E9, 6100900.0, 5.673924E8, 7.95664E7, 4.734976E8, 3.606201E8, 1.1999296E9, 1.6443025E9, 3.89376E7, 2.6368225E9, 6.806881E8, 1.962801E8, 5.262436E8, 2.244004E8, 1.896129E8, 9.35089E7, 2.663424E8, 3.048516E8, 9.126441E8, 8.779369E8, 4.293184E8, 1.2845056E9, 8.844676E8, 4.613904E8, 4.5796E8, 3.444736E8, 4.511376E8, 1.075369E8, 2.742336E8, 1.014049E8, 1.6008001E9, 1.0297681E9, 6.98896E7, 8.667136E8, 9.431041E8, 1.879641E8, 9.096256E8, 1.737124E8, 1.1909401E9, 9610000.0, 3.24E8, 8.87364E7, 8.862529E8, 1.0923025E9, 4.95616E7, 1.1553201E9, 5.621641E8, 3.790809E8, 1.7397241E9, 4.950625E8, 1.11556E9, 3.51649E7, 6.492304E8, 2.782224E8, 2.2259524E9, 1.4531344E9, 7398400.0, 1.9377604E9, 1.59201E9, 1.674436E8, 1.9421649E9, 2.292196E8, 1.38384E9, 2.34256E7, 2.839225E8, 1.648656E8, 1.6573041E9, 1.7598025E9, 4243600.0, 2.1613201E9, 1.4531344E9, 1.669264E8, 7.080921E8, 8.06404E7, 6.066369E8, 1.27449E7, 1.503076E8, 6.285049E8, 8.433216E8, 2.0930625E9, 3.88129E7, 2.1261321E9, 7.745089E8, 1.179396E8, 2.719201E8, 4.756761E8, 8.2944E8, 3.38724E7, 3.790809E8, 1.183744E8, 9.928801E8) 

193228 : 

x <- c(1.2193713353724788E8, 2.319720710489218E9, 1.699185564912451E9, 2.0541228424528664E8, 5.706163131811104E8, 7.558437555721948E8, 3.7171251009142363E8, 1.232022867373378E9, 3550856.491766872, 3.8481821197198194E8, 1.3608419989756924E8, 3.410896712499799E8, 4.388919850991876E8, 1.4259590000000224E9, 2.0968818229740376E9, 1.9497218207178408E8, 1.8701204511614153E9, 4.463642522499462E8, 1.1329374179890831E8, 6.476354392339042E8, 3.5692777512936413E8, 7.993688202558625E7, 3.2301261383327596E7, 1.6706055979648754E8, 3.942639422950047E8, 1.1339768811241772E9, 1.221035767868537E9, 7.754318621148547E8, 7.53251596729879E8, 5.54071115444751E8, 2.9236560517076653E8, 5.986240758520181E8, 5.260785558085631E8, 2.473633423787932E8, 3.791609252422411E7, 1.6853785680119506E8, 1.5962733974316916E8, 1.8654297451672692E9, 1.4227302505731723E9, 588449.7308311552, 4.9991183553569275E8, 6.467019841665777E8, 1.0628956782122101E8, 1.0706842284826664E9, 3.093025940378101E8, 8.582807065425023E8, 2.8137724669582247, 2.2764870966701907E8, 1.2612254371522942E8, 1.0340662979965498E9, 1.3882124960506382E9, 1.7612663616434136E8, 7.468143871870524E8, 3.658795055861009E8, 2.669612284817849E8, 1.9052835793489058E9, 7.151379855372409E8, 7.587992982971952E8, 4495578.857774794, 4.8546074759693885E8, 3.4475343281167036E8, 2.508837416562154E9, 1.9285756509725885E9, 1.1768703180099282E8, 1.2762884771299288E9, 1.176425091705392E9, 9.566400510258491E7, 2.156424534690293E9, 4.082118027947501E8, 9.740161319800873E8, 1267301.1203341584, 1.8041690995484686E8, 2.318585216745517E8, 1.925688329246123E9, 2.2670909663694506E9, 1.0590829667444256E8, 1.4541073358585181E9, 1.0632678942430803E9, 9.487934484345824E7, 8.409267561576241E8, 1.6892664710244474E8, 4.02535051324372E8, 260659.48221599977, 8.871793863525304E7, 7.377041541507342E8, 1.0669962330424037E9, 2.6165329637760973E9, 3888000.392704124, 1.466082245806902E9, 5.2126498364340156E8, 5.7219078922005825E7, 3.656155339042595E8, 6.477130581919588E8, 5.676351482166628E8, 8.158503123867206E7, 2.5285428604593128E8, 1.7575096012690017E8, 1.1939048819656599E9) 

199722 : 

x <- c(8.70489E7, 2.1049744E9, 1.3053769E9, 4.94209E7, 9.998244E8, 1.1082241E9, 5.308416E8, 1.0725625E9, 6100900.0, 5.673924E8, 7.95664E7, 4.734976E8, 3.606201E8, 1.1999296E9, 1.6443025E9, 3.89376E7, 2.6368225E9, 6.806881E8, 1.962801E8, 5.262436E8, 2.244004E8, 1.896129E8, 9.35089E7, 2.663424E8, 3.048516E8, 9.126441E8, 8.779369E8, 4.293184E8, 1.2845056E9, 8.844676E8, 4.613904E8, 4.5796E8, 3.444736E8, 4.511376E8, 1.075369E8, 2.742336E8, 1.014049E8, 1.6008001E9, 1.0297681E9, 6.98896E7, 8.667136E8, 9.431041E8, 1.879641E8, 9.096256E8, 1.737124E8, 1.1909401E9, 9610000.0, 3.24E8, 8.87364E7, 8.862529E8, 1.0923025E9, 4.95616E7, 1.1553201E9, 5.621641E8, 3.790809E8, 1.7397241E9, 4.950625E8, 1.11556E9, 3.51649E7, 6.492304E8, 2.782224E8, 2.2259524E9, 1.4531344E9, 7398400.0, 1.9377604E9, 1.59201E9, 1.674436E8, 1.9421649E9, 2.292196E8, 1.38384E9, 2.34256E7, 2.839225E8, 1.648656E8, 1.6573041E9, 1.7598025E9, 4243600.0, 2.1613201E9, 1.4531344E9, 1.669264E8, 7.080921E8, 8.06404E7, 6.066369E8, 1.27449E7, 1.503076E8, 6.285049E8, 8.433216E8, 2.0930625E9, 3.88129E7, 2.1261321E9, 7.745089E8, 1.179396E8, 2.719201E8, 4.756761E8, 8.2944E8, 3.38724E7, 3.790809E8, 1.183744E8, 9.928801E8) 

206189 : 

x <- c(2.2749384849280322E8, 2.197458882693716E9, 1.4802482743716218E9, 9.669579135066409E8, 1.0581761200685776E9, 1.6867767907259376E9, 1.321754923195976E8, 1.8384323594099534E9, 6815.94868271474, 7.007287973769078E7, 5.2358414120427465E8, 3.1402054393458295E8, 6.690198589297649E8, 1.305322471552468E9, 2.1567177188971605E9, 1.0467684104164222E9, 5.191540883709119E8, 3.328161875919522E9, 7.032373383274975E7, 9.169089633090776E8, 3.26734854157331E8, 5810368.710081129, 1.2249697633163278E8, 1.8741612932777006E7, 6.242444401762393E8, 1.0832573486659515E9, 1.4148340330937603E9, 2.288917269872905E9, 5.931668269521043E8, 3.807104016383783E9, 4.0150037004731053E8, 1.378172519820393E9, 5.832808184985261E8, 3.098504587244017E7, 3.870435124749225E8, 6301981.862461882, 3.548329367749596E8, 1.8760282514772995E9, 1.4677184833785062E9, 5.513818557040263E8, 1.7246481501197288E9, 8.114523957141166E8, 1.673294542353355E8, 1.422837921010797E9, 2.713110465065497E8, 3.430369034615117E8, 5.1181505877477217E8, 1.4933867737741232E8, 2.0228801971035945E8, 9.576891238575583E8, 1.2760871586609056E9, 4.432927582314468E8, 6.519747677595174E7, 7.101404854124978E8, 2572341.067179516, 2.2706492454377036E9, 5.614103490893861E8, 2.727368832063207E8, 8.724037230871695E8, 2.2385652588780668E8, 6.02494900002997E8, 2.353411866647454E9, 1.8408417252312632E9, 1.3858256887820432E9, 1.629322850593531E9, 2.388148649640706E9, 3.4088015172309566E8, 2.5169324343991632E9, 3.14992245129617E8, 1.8197752805912852E8, 1.0856313751308477E9, 5.0084075513131626E7, 4.2091008083825105E8, 1.8820293470315967E9, 2.316054424795342E9, 1.186792407761764E9, 1.6476340742359638E9, 2.737112884395747E9, 2.9321156295995015E8, 1.0774027645868773E9, 1.359193791202415E8, 1.530670845769791E8, 1.9957037388350183E8, 4.499646015740612E7, 8.724207538095084E8, 9.513934976401337E8, 3.0092433810178523E9, 4.9169464776600045E8, 1.6157920432376416E9, 2.3727539271769485E9, 1.4394918405026612E8, 5.471659910682245E8, 6.437947375563399E8, 3.834320691515795E8, 8.049640420207826E8, 1.7070477686003548E8, 3.834472816270285E8, 1.1662268466377573E9) 

212701 : 

x <- c(7.603375659946409E7, 2.0493487934250762E9, 1.2616514853799403E9, 4.121298136830382E7, 1.0387900628098933E9, 1.1492280520985684E9, 5.5933509388961E8, 1.0329624852576302E9, 9488040.1961201, 5.96837909246002E8, 6.905167492782345E7, 5.004288122791281E8, 3.378146125703394E8, 1.158022778817145E9, 1.5951823316937351E9, 3.1693902049775515E7, 2.6998692691964993E9, 7.12904218039596E8, 2.137521853406464E8, 4.9861700916298205E8, 2.0648924792818388E8, 2.0679205753868052E8, 1.0568387425509664E8, 2.8663391543456805E8, 2.839135273078717E8, 8.761442378284321E8, 8.42144946683183E8, 4.0440139133116883E8, 1.3286219099944558E9, 9.211386616944938E8, 4.879798631768346E8, 4.322130292255989E8, 3.221929415488594E8, 4.774341353748687E8, 1.2056624701083048E8, 2.9481804323653394E8, 8.948656254340371E7, 1.5523390192481585E9, 9.909736367130327E8, 8.04656766693662E7, 9.030185019420364E8, 9.809590782274392E8, 2.0507002558818904E8, 8.731867644538417E8, 1.5799820644292802E8, 1.2334331017585657E9, 1.3766075676280547E7, 3.4634201004832923E8, 7.761140867372791E7, 8.502900721320397E8, 1.0523363255051692E9, 4.134147604322191E7, 1.1971784248543062E9, 5.914753506701009E8, 4.032170928353703E8, 1.6891881139842334E9, 4.6827807659363395E8, 1.1566982106744695E9, 4.27750826744616E7, 6.807019932095993E8, 2.5823634266425887E8, 2.1687401011644278E9, 1.4069801256886442E9, 4450976.478608085, 1.991860665911464E9, 1.6410816719777114E9, 1.8360971555688182E8, 1.8887484572649074E9, 2.1111316272687498E8, 1.4296162342056E9, 2.9705402240533214E7, 3.0486089766390735E8, 1.4956638749571446E8, 1.6079886464924247E9, 1.7089735861822724E9, 2101727.934014191, 2.218435081206691E9, 1.5000335241131358E9, 1.8306810490671802E8, 6.759861548579204E8, 7.005244297733198E7, 6.370710405776368E8, 1.7474625955130406E7, 1.6564375345131183E8, 5.982785749205348E8, 8.082497608630158E8, 2.0375955626511412E9, 4.678924242691896E7, 2.182783278853578E9, 8.088487446038486E8, 1.3156700793984282E8, 2.5216594384081703E8, 4.494287108972405E8, 8.649637611367941E8, 2.7141325703215767E7, 4.032170928353703E8, 1.0546743121176775E8, 9.547935455677836E8) 

219045 : 

x <- c(1.138499176852715E8, 2.272126566312451E9, 1.6091218964166853E9, 1.6240956371830395E8, 6.537920061376767E8, 8.267653769904947E8, 4.0391633308033633E8, 1.196400655619418E9, 878546.5209567065, 4.215207925132462E8, 1.225088565004941E8, 3.6804429101989555E8, 4.212144286754936E8, 1.375139537214303E9, 1.9937709597653728E9, 1.5088339557331195E8, 2.0256955763307335E9, 4.931375254212979E8, 1.2941471692673188E8, 6.201619552631125E8, 3.254981598870969E8, 9.982193121432695E7, 4.290891625659363E7, 1.866926608806049E8, 3.738399030142875E8, 1.0837947651934867E9, 1.1416079728093712E9, 6.915094263690603E8, 8.568046008254529E8, 6.1938651857881E8, 3.2586105007133555E8, 5.664293401418326E8, 4.8332031852618194E8, 2.8651246853437847E8, 5.0038484698161654E7, 1.8934782734053743E8, 1.4584494006886417E8, 1.806151822279132E9, 1.3318692614898226E9, 5849326.115931116, 5.711559488859196E8, 7.064245249501039E8, 1.2208575968028577E8, 1.0345379178113042E9, 2.76506696956257E8, 9.260071347279717E8, 452832.95400102914, 2.4716168868205345E8, 1.1743333210968132E8, 1.0009476665943205E9, 1.3208382345830328E9, 1.4199075199698493E8, 8.281094992769455E8, 4.0499767672682476E8, 2.896784637072111E8, 1.8686346199559126E9, 6.63837943823941E8, 8.305619948376623E8, 8695903.709510246, 5.190581971398911E8, 3.296767613658359E8, 2.4458712084080997E9, 1.8194520386476502E9, 8.245491562014553E7, 1.4084468419873953E9, 1.2614746043910444E9, 1.0957725124253136E8, 2.1088698798452966E9, 3.649166464131339E8, 1.0570435859412591E9, 3738749.873549558, 2.0094070091347188E8, 2.1631811532173803E8, 1.8656023971188679E9, 2.151297283839835E9, 7.226561090092011E7, 1.5960373014569492E9, 1.1428915581216106E9, 1.088289770090066E8, 8.110644665733427E8, 1.4697812429156187E8, 4.433772746207201E8, 1382906.2130316691, 1.0073986651466212E8, 7.132097038306457E8, 1.0161113147995327E9, 2.497713032905052E9, 35318.7057899162, 1.5992321091315775E9, 5.720921056388202E8, 6.857708786962783E7, 3.440588767639333E8, 6.080402713328575E8, 6.203647617354784E8, 6.945132131038272E7, 2.7814082756264716E8, 1.623100241016078E8, 1.1486066805790403E9) 

225612 : 

x <- c(8.70489E7, 2.1049744E9, 1.3053769E9, 4.94209E7, 9.998244E8, 1.1082241E9, 5.308416E8, 1.0725625E9, 6100900.0, 5.673924E8, 7.95664E7, 4.734976E8, 3.606201E8, 1.1999296E9, 1.6443025E9, 3.89376E7, 2.6368225E9, 6.806881E8, 1.962801E8, 5.262436E8, 2.244004E8, 1.896129E8, 9.35089E7, 2.663424E8, 3.048516E8, 9.126441E8, 8.779369E8, 4.293184E8, 1.2845056E9, 8.844676E8, 4.613904E8, 4.5796E8, 3.444736E8, 4.511376E8, 1.075369E8, 2.742336E8, 1.014049E8, 1.6008001E9, 1.0297681E9, 6.98896E7, 8.667136E8, 9.431041E8, 1.879641E8, 9.096256E8, 1.737124E8, 1.1909401E9, 9610000.0, 3.24E8, 8.87364E7, 8.862529E8, 1.0923025E9, 4.95616E7, 1.1553201E9, 5.621641E8, 3.790809E8, 1.7397241E9, 4.950625E8, 1.11556E9, 3.51649E7, 6.492304E8, 2.782224E8, 2.2259524E9, 1.4531344E9, 7398400.0, 1.9377604E9, 1.59201E9, 1.674436E8, 1.9421649E9, 2.292196E8, 1.38384E9, 2.34256E7, 2.839225E8, 1.648656E8, 1.6573041E9, 1.7598025E9, 4243600.0, 2.1613201E9, 1.4531344E9, 1.669264E8, 7.080921E8, 8.06404E7, 6.066369E8, 1.27449E7, 1.503076E8, 6.285049E8, 8.433216E8, 2.0930625E9, 3.88129E7, 2.1261321E9, 7.745089E8, 1.179396E8, 2.719201E8, 4.756761E8, 8.2944E8, 3.38724E7, 3.790809E8, 1.183744E8, 9.928801E8) 

232500 : 

x <- c(8.70489E7, 2.1049744E9, 1.3053769E9, 4.94209E7, 9.998244E8, 1.1082241E9, 5.308416E8, 1.0725625E9, 6100900.0, 5.673924E8, 7.95664E7, 4.734976E8, 3.606201E8, 1.1999296E9, 1.6443025E9, 3.89376E7, 2.6368225E9, 6.806881E8, 1.962801E8, 5.262436E8, 2.244004E8, 1.896129E8, 9.35089E7, 2.663424E8, 3.048516E8, 9.126441E8, 8.779369E8, 4.293184E8, 1.2845056E9, 8.844676E8, 4.613904E8, 4.5796E8, 3.444736E8, 4.511376E8, 1.075369E8, 2.742336E8, 1.014049E8, 1.6008001E9, 1.0297681E9, 6.98896E7, 8.667136E8, 9.431041E8, 1.879641E8, 9.096256E8, 1.737124E8, 1.1909401E9, 9610000.0, 3.24E8, 8.87364E7, 8.862529E8, 1.0923025E9, 4.95616E7, 1.1553201E9, 5.621641E8, 3.790809E8, 1.7397241E9, 4.950625E8, 1.11556E9, 3.51649E7, 6.492304E8, 2.782224E8, 2.2259524E9, 1.4531344E9, 7398400.0, 1.9377604E9, 1.59201E9, 1.674436E8, 1.9421649E9, 2.292196E8, 1.38384E9, 2.34256E7, 2.839225E8, 1.648656E8, 1.6573041E9, 1.7598025E9, 4243600.0, 2.1613201E9, 1.4531344E9, 1.669264E8, 7.080921E8, 8.06404E7, 6.066369E8, 1.27449E7, 1.503076E8, 6.285049E8, 8.433216E8, 2.0930625E9, 3.88129E7, 2.1261321E9, 7.745089E8, 1.179396E8, 2.719201E8, 4.756761E8, 8.2944E8, 3.38724E7, 3.790809E8, 1.183744E8, 9.928801E8) 

238962 : 

x <- c(9.791504994901824E7, 2.174696945454374E9, 1.4296193470918036E9, 8.911441438506882E7, 8.449467887815089E8, 9.844918695980829E8, 4.751958878990106E8, 1.1239699684671428E9, 1066821.4595422687, 5.0322864597167736E8, 9.655297227457361E7, 4.274019167500843E8, 3.856039647251948E8, 1.2723739998228817E9, 1.7875978310323944E9, 7.724655514569044E7, 2.3692522810659966E9, 5.979055530612532E8, 1.663857524542071E8, 5.649165343808953E8, 2.6475531911030442E8, 1.4825833382444492E8, 6.979361799000606E7, 2.310268464985104E8, 3.3309204625834996E8, 9.830393184258506E8, 9.849318772014782E8, 5.32320705090265E8, 1.0935872977494853E9, 7.669194138125421E8, 4.013604986666447E8, 5.0230554703866476E8, 4.0017604357974565E8, 3.771649003028441E8, 8.06355274840422E7, 2.3651907856806988E8, 1.1916675401556943E8, 1.6859023665571554E9, 1.1524560751520145E9, 3.4269535348526E7, 7.345655538024603E8, 8.391151453882164E8, 1.5845143842560825E8, 9.613312772868103E8, 2.141685713986787E8, 1.0751380357301247E9, 4311077.099632172, 2.9032498549463683E8, 1.003506945827825E8, 9.337779089581835E8, 1.1860488159553347E9, 8.274789258907779E7, 1.010681842489521E9, 4.927394742390709E8, 3.399089032916271E8, 1.793534028543904E9, 5.632350630887356E8, 9.902370201547532E8, 2.1833454810965836E7, 5.925524103458465E8, 2.993927097114088E8, 2.317446366630607E9, 1.6026235271090074E9, 2.9189268861373458E7, 1.704232701983215E9, 1.4479126489986787E9, 1.415464062167211E8, 2.0116406046146064E9, 2.826238598376178E8, 1.2406448871045501E9, 1.3061981606541848E7, 2.471778963117561E8, 1.857163834603935E8, 1.7436567164272208E9, 1.9201359628204145E9, 2.2816301172244456E7, 1.9124661282402587E9, 1.3177432724976647E9, 1.409126285894821E8, 7.506715427163624E8, 1.0621036435845736E8, 5.3466319383782494E8, 6554878.112103237, 1.2819571591090417E8, 6.635788332815152E8, 9.142383907625257E8, 2.2593776019348006E9, 1.2411906658519637E7, 1.894763744955405E9, 6.854023907474654E8, 9.549759838406903E7, 3.0131293521242356E8, 5.2952566519058824E8, 7.375606484502416E8, 4.733775933988162E7, 3.346048153329971E8, 1.3606168571854717E8, 1.057179513019328E9) 

245468 : 

x <- c(1.166111443817925E8, 2.2885054983666596E9, 1.6399445112747357E9, 1.7668855437693322E8, 6.244312605754205E8, 8.019160583359255E8, 3.926448535506442E8, 1.2086422640385892E9, 1598550.2087234594, 4.0865811831047785E8, 1.271159354088845E8, 3.5862075973369265E8, 4.272775785921278E8, 1.3925837369446497E9, 2.0290822552438154E9, 1.6546976056025583E8, 1.9712715196273038E9, 4.767229054124605E8, 1.2372682709289615E8, 6.29581497211068E8, 3.36187387534193E8, 9.27060320562833E7, 3.907603332840156E7, 1.7979026742185345E8, 3.8083111327196944E8, 1.1009947442754521E9, 1.1687332052880561E9, 7.199454717469639E8, 8.202931843538344E8, 5.964212515881588E8, 3.140894803904476E8, 5.774458957770165E8, 4.9788030398410517E8, 2.7266897571700543E8, 4.566274908957122E7, 1.8202506065527353E8, 1.5053380362676674E8, 1.8265128462466846E9, 1.3629055285108275E9, 3416149.8660680884, 5.460184409325188E8, 6.855036817253146E8, 1.1650754065972644E8, 1.0469494129077175E9, 2.8762372070402616E8, 9.023298924141182E8, 193583.25346635547, 2.4033299508514562E8, 1.2039874450204623E8, 1.0123229056090888E9, 1.3439137540880558E9, 1.5336294077210212E8, 7.99562900868329E8, 3.9126528731350714E8, 2.8172915256398445E8, 1.8812496116442842E9, 6.813365232237344E8, 8.05415230139931E8, 7090276.367869983, 5.073296347259525E8, 3.3484477290503246E8, 2.467523564009121E9, 1.8567742199889462E9, 9.391431420331365E7, 1.3620755353534086E9, 1.2317707407322438E9, 1.046661446962372E8, 2.1252310059593418E9, 3.795925889636868E8, 1.0279896333844796E9, 2737800.9094578717, 1.9372870444417444E8, 2.2162343182389584E8, 1.8862429746268446E9, 2.190938826087315E9, 8.315817754968105E7, 1.5462806554039197E9, 1.1150718357917957E9, 1.0390393708874093E8, 8.213151670956767E8, 1.543845694039876E8, 4.2905105102531445E8, 895283.016527107, 9.650226910085753E7, 7.216211170107741E8, 1.0335418218636315E9, 2.5384305631362042E9, 646285.6297325115, 1.5526001663559062E9, 5.542738080226818E8, 6.453890774362645E7, 3.51428556613105E8, 6.215979378102777E8, 6.018920619778948E8, 7.35308400041978E7, 2.692729613625589E8, 1.6689087307419965E8, 1.1641495426551213E9) 

252131 : 

x <- c(8.70489E7, 2.1049744E9, 1.3053769E9, 4.94209E7, 9.998244E8, 1.1082241E9, 5.308416E8, 1.0725625E9, 6100900.0, 5.673924E8, 7.95664E7, 4.734976E8, 3.606201E8, 1.1999296E9, 1.6443025E9, 3.89376E7, 2.6368225E9, 6.806881E8, 1.962801E8, 5.262436E8, 2.244004E8, 1.896129E8, 9.35089E7, 2.663424E8, 3.048516E8, 9.126441E8, 8.779369E8, 4.293184E8, 1.2845056E9, 8.844676E8, 4.613904E8, 4.5796E8, 3.444736E8, 4.511376E8, 1.075369E8, 2.742336E8, 1.014049E8, 1.6008001E9, 1.0297681E9, 6.98896E7, 8.667136E8, 9.431041E8, 1.879641E8, 9.096256E8, 1.737124E8, 1.1909401E9, 9610000.0, 3.24E8, 8.87364E7, 8.862529E8, 1.0923025E9, 4.95616E7, 1.1553201E9, 5.621641E8, 3.790809E8, 1.7397241E9, 4.950625E8, 1.11556E9, 3.51649E7, 6.492304E8, 2.782224E8, 2.2259524E9, 1.4531344E9, 7398400.0, 1.9377604E9, 1.59201E9, 1.674436E8, 1.9421649E9, 2.292196E8, 1.38384E9, 2.34256E7, 2.839225E8, 1.648656E8, 1.6573041E9, 1.7598025E9, 4243600.0, 2.1613201E9, 1.4531344E9, 1.669264E8, 7.080921E8, 8.06404E7, 6.066369E8, 1.27449E7, 1.503076E8, 6.285049E8, 8.433216E8, 2.0930625E9, 3.88129E7, 2.1261321E9, 7.745089E8, 1.179396E8, 2.719201E8, 4.756761E8, 8.2944E8, 3.38724E7, 3.790809E8, 1.183744E8, 9.928801E8) 

258681 : 

x <- c(1.3831075233412042E8, 2.4128652036141496E9, 1.8797315364034698E9, 3.0255029040547276E8, 4.262338019120928E8, 6.280944514243375E8, 3.1340484693515515E8, 1.3021703234916134E9, 1.376503766949093E7, 3.1877987035670394E8, 1.642674396908588E8, 2.9201887611185396E8, 4.7399633257119274E8, 1.5265312794330406E9, 2.302995588548736E9, 2.9589301582113606E8, 1.5877418398704414E9, 3.627701698304834E8, 8.524082264355409E7, 7.022793535654151E8, 4.2160520222194594E8, 4.7829288432773754E7, 1.6095159546446921E7, 1.322907915796285E8, 4.351704343435068E8, 1.2339231489667501E9, 1.3816949564667258E9, 9.507785094550567E8, 5.724367375667757E8, 4.384234615950784E8, 2.3291817610047555E8, 6.632004868279911E8, 6.136219842638533E8, 1.8000410607600433E8, 1.928421137557333E7, 1.3183803273502627E8, 1.879529309444232E8, 1.9824071553581622E9, 1.6063529971400118E9, 5839656.491106729, 3.759556889407153E8, 5.39011125265552E8, 7.892468102235761E7, 1.1421189136976552E9, 3.777123218040648E8, 7.349747344375446E8, 1695691.120584626, 1.9229552200444034E8, 1.4374879484522533E8, 1.0994337780125763E9, 1.5228264841438317E9, 2.5230130945025894E8, 6.019436238845057E8, 2.9607292893227106E8, 2.2578434649439737E8, 1.9769400858617659E9, 8.194222294894181E8, 6.29603707947674E8, 273414.7106278381, 4.238635178207896E8, 3.747696003960531E8, 2.6324823939494066E9, 2.1479129442141905E9, 2.032485574516859E8, 1.0398835358280782E9, 1.0208421120814689E9, 7.150678477235022E7, 2.2495970089938536E9, 4.985241450146031E8, 8.23537788908552E8, 186290.76899318647, 1.4397043798078048E8, 2.6333859414576155E8, 2.0442099292090898E9, 2.498884287255223E9, 1.8885478551726955E8, 1.1991421730304613E9, 9.178816016732444E8, 7.068615736807093E7, 9.000189818647442E8, 2.155479285229933E8, 3.2936746499756736E8, 596380.1235907542, 6.769700355346976E7, 7.860917814278613E8, 1.168600865398795E9, 2.8533864202404313E9, 2.927625734203049E7, 1.2257251746275327E9, 4.299518987647774E8, 3.822305762029926E7, 4.090209166940627E8, 7.2773255368486E8, 4.7259087228264004E8, 1.077318643801216E8, 2.0750698630509868E8, 2.031712064376824E8, 1.283703298808953E9) 

265208 : 

x <- c(1.4456281545502847E7, 1.628295340186795E9, 9.3649107693775E8, 2256429.7021385324, 1.3799633758995132E9, 1.5068261226045487E9, 8.16122527558673E8, 7.410449990114143E8, 6.396573730563285E7, 8.612967864987494E8, 1.1506625347338269E7, 7.446272103236759E8, 1.8122925928763372E8, 8.475167946566138E8, 1.2265504096106503E9, 507145.8081132459, 3.23509076421708E9, 9.996889631576897E8, 3.817279067524041E8, 3.031826787577597E8, 8.934298281289822E7, 3.724073347708421E8, 2.3097489675249183E8, 4.77328912074938E8, 1.4237600567009124E8, 6.092081191496118E8, 5.809132347717198E8, 2.3080116958720785E8, 1.7112996999086397E9, 1.2438218287106113E9, 7.294244096785203E8, 2.5192488230611748E8, 1.6983671742126557E8, 7.165182376969583E8, 2.527418983653809E8, 4.8787348405649996E8, 2.0631051269020118E7, 1.1890180965691648E9, 7.055473719607097E8, 1.9287260801979783E8, 1.2227511137336547E9, 1.3131823738027575E9, 3.700951917754516E8, 6.067424049791038E8, 5.855527267461297E7, 1.6030300968441553E9, 7.443993875723301E7, 5.535601159458717E8, 1.514876705241711E7, 5.876814344491421E8, 7.574682840344619E8, 2286572.536239942, 1.5616611242174377E9, 8.548523576738669E8, 6.248929193329388E8, 1.3091473783664343E9, 2.7963002320475036E8, 1.5153781514294312E9, 1.3128251670648454E8, 9.614872760378864E8, 1.2437026461016764E8, 1.7349009086200058E9, 1.0622477009239653E9, 7884068.204355008, 2.4549902616135426E9, 2.0636903092634013E9, 3.4106179000127363E8, 1.4854966872144082E9, 9.239326815852357E7, 1.825669874470829E9, 1.0749248562355727E8, 5.00768541867554E8, 5.346741631515909E7, 1.2377830949562798E9, 1.3265724063848722E9, 1.2026041153650338E7, 2.705857581590451E9, 1.9051355337334833E9, 3.403234756694768E8, 4.444566988730437E8, 1.1917282351947382E7, 9.09496416936521E8, 8.277102555445853E7, 3.164079027201814E8, 3.818953024213972E8, 5.528208075597264E8, 1.6178206833434744E9, 1.38247231683437E8, 2.666468409286311E9, 1.112746710024014E9, 2.6856189949440324E8, 1.201685507622388E8, 2.651081385042825E8, 1.1784018551161602E9, 85346.7758466379, 6.248929193329388E8, 2.864542083124848E7, 6.750716875828178E8) 

271897 : 

x <- c(8.70489E7, 2.1049744E9, 1.3053769E9, 4.94209E7, 9.998244E8, 1.1082241E9, 5.308416E8, 1.0725625E9, 6100900.0, 5.673924E8, 7.95664E7, 4.734976E8, 3.606201E8, 1.1999296E9, 1.6443025E9, 3.89376E7, 2.6368225E9, 6.806881E8, 1.962801E8, 5.262436E8, 2.244004E8, 1.896129E8, 9.35089E7, 2.663424E8, 3.048516E8, 9.126441E8, 8.779369E8, 4.293184E8, 1.2845056E9, 8.844676E8, 4.613904E8, 4.5796E8, 3.444736E8, 4.511376E8, 1.075369E8, 2.742336E8, 1.014049E8, 1.6008001E9, 1.0297681E9, 6.98896E7, 8.667136E8, 9.431041E8, 1.879641E8, 9.096256E8, 1.737124E8, 1.1909401E9, 9610000.0, 3.24E8, 8.87364E7, 8.862529E8, 1.0923025E9, 4.95616E7, 1.1553201E9, 5.621641E8, 3.790809E8, 1.7397241E9, 4.950625E8, 1.11556E9, 3.51649E7, 6.492304E8, 2.782224E8, 2.2259524E9, 1.4531344E9, 7398400.0, 1.9377604E9, 1.59201E9, 1.674436E8, 1.9421649E9, 2.292196E8, 1.38384E9, 2.34256E7, 2.839225E8, 1.648656E8, 1.6573041E9, 1.7598025E9, 4243600.0, 2.1613201E9, 1.4531344E9, 1.669264E8, 7.080921E8, 8.06404E7, 6.066369E8, 1.27449E7, 1.503076E8, 6.285049E8, 8.433216E8, 2.0930625E9, 3.88129E7, 2.1261321E9, 7.745089E8, 1.179396E8, 2.719201E8, 4.756761E8, 8.2944E8, 3.38724E7, 3.790809E8, 1.183744E8, 9.928801E8) 

278455 : 

x <- c(8.70489E7, 2.1049744E9, 1.3053769E9, 4.94209E7, 9.998244E8, 1.1082241E9, 5.308416E8, 1.0725625E9, 6100900.0, 5.673924E8, 7.95664E7, 4.734976E8, 3.606201E8, 1.1999296E9, 1.6443025E9, 3.89376E7, 2.6368225E9, 6.806881E8, 1.962801E8, 5.262436E8, 2.244004E8, 1.896129E8, 9.35089E7, 2.663424E8, 3.048516E8, 9.126441E8, 8.779369E8, 4.293184E8, 1.2845056E9, 8.844676E8, 4.613904E8, 4.5796E8, 3.444736E8, 4.511376E8, 1.075369E8, 2.742336E8, 1.014049E8, 1.6008001E9, 1.0297681E9, 6.98896E7, 8.667136E8, 9.431041E8, 1.879641E8, 9.096256E8, 1.737124E8, 1.1909401E9, 9610000.0, 3.24E8, 8.87364E7, 8.862529E8, 1.0923025E9, 4.95616E7, 1.1553201E9, 5.621641E8, 3.790809E8, 1.7397241E9, 4.950625E8, 1.11556E9, 3.51649E7, 6.492304E8, 2.782224E8, 2.2259524E9, 1.4531344E9, 7398400.0, 1.9377604E9, 1.59201E9, 1.674436E8, 1.9421649E9, 2.292196E8, 1.38384E9, 2.34256E7, 2.839225E8, 1.648656E8, 1.6573041E9, 1.7598025E9, 4243600.0, 2.1613201E9, 1.4531344E9, 1.669264E8, 7.080921E8, 8.06404E7, 6.066369E8, 1.27449E7, 1.503076E8, 6.285049E8, 8.433216E8, 2.0930625E9, 3.88129E7, 2.1261321E9, 7.745089E8, 1.179396E8, 2.719201E8, 4.756761E8, 8.2944E8, 3.38724E7, 3.790809E8, 1.183744E8, 9.928801E8) 

284865 : 

x <- c(8.70489E7, 2.1049744E9, 1.3053769E9, 4.94209E7, 9.998244E8, 1.1082241E9, 5.308416E8, 1.0725625E9, 6100900.0, 5.673924E8, 7.95664E7, 4.734976E8, 3.606201E8, 1.1999296E9, 1.6443025E9, 3.89376E7, 2.6368225E9, 6.806881E8, 1.962801E8, 5.262436E8, 2.244004E8, 1.896129E8, 9.35089E7, 2.663424E8, 3.048516E8, 9.126441E8, 8.779369E8, 4.293184E8, 1.2845056E9, 8.844676E8, 4.613904E8, 4.5796E8, 3.444736E8, 4.511376E8, 1.075369E8, 2.742336E8, 1.014049E8, 1.6008001E9, 1.0297681E9, 6.98896E7, 8.667136E8, 9.431041E8, 1.879641E8, 9.096256E8, 1.737124E8, 1.1909401E9, 9610000.0, 3.24E8, 8.87364E7, 8.862529E8, 1.0923025E9, 4.95616E7, 1.1553201E9, 5.621641E8, 3.790809E8, 1.7397241E9, 4.950625E8, 1.11556E9, 3.51649E7, 6.492304E8, 2.782224E8, 2.2259524E9, 1.4531344E9, 7398400.0, 1.9377604E9, 1.59201E9, 1.674436E8, 1.9421649E9, 2.292196E8, 1.38384E9, 2.34256E7, 2.839225E8, 1.648656E8, 1.6573041E9, 1.7598025E9, 4243600.0, 2.1613201E9, 1.4531344E9, 1.669264E8, 7.080921E8, 8.06404E7, 6.066369E8, 1.27449E7, 1.503076E8, 6.285049E8, 8.433216E8, 2.0930625E9, 3.88129E7, 2.1261321E9, 7.745089E8, 1.179396E8, 2.719201E8, 4.756761E8, 8.2944E8, 3.38724E7, 3.790809E8, 1.183744E8, 9.928801E8) 

291405 : 

x <- c(8.70489E7, 2.1049744E9, 1.3053769E9, 4.94209E7, 9.998244E8, 1.1082241E9, 5.308416E8, 1.0725625E9, 6100900.0, 5.673924E8, 7.95664E7, 4.734976E8, 3.606201E8, 1.1999296E9, 1.6443025E9, 3.89376E7, 2.6368225E9, 6.806881E8, 1.962801E8, 5.262436E8, 2.244004E8, 1.896129E8, 9.35089E7, 2.663424E8, 3.048516E8, 9.126441E8, 8.779369E8, 4.293184E8, 1.2845056E9, 8.844676E8, 4.613904E8, 4.5796E8, 3.444736E8, 4.511376E8, 1.075369E8, 2.742336E8, 1.014049E8, 1.6008001E9, 1.0297681E9, 6.98896E7, 8.667136E8, 9.431041E8, 1.879641E8, 9.096256E8, 1.737124E8, 1.1909401E9, 9610000.0, 3.24E8, 8.87364E7, 8.862529E8, 1.0923025E9, 4.95616E7, 1.1553201E9, 5.621641E8, 3.790809E8, 1.7397241E9, 4.950625E8, 1.11556E9, 3.51649E7, 6.492304E8, 2.782224E8, 2.2259524E9, 1.4531344E9, 7398400.0, 1.9377604E9, 1.59201E9, 1.674436E8, 1.9421649E9, 2.292196E8, 1.38384E9, 2.34256E7, 2.839225E8, 1.648656E8, 1.6573041E9, 1.7598025E9, 4243600.0, 2.1613201E9, 1.4531344E9, 1.669264E8, 7.080921E8, 8.06404E7, 6.066369E8, 1.27449E7, 1.503076E8, 6.285049E8, 8.433216E8, 2.0930625E9, 3.88129E7, 2.1261321E9, 7.745089E8, 1.179396E8, 2.719201E8, 4.756761E8, 8.2944E8, 3.38724E7, 3.790809E8, 1.183744E8, 9.928801E8) 

297841 : 

x <- c(8.70489E7, 2.1049744E9, 1.3053769E9, 4.94209E7, 9.998244E8, 1.1082241E9, 5.308416E8, 1.0725625E9, 6100900.0, 5.673924E8, 7.95664E7, 4.734976E8, 3.606201E8, 1.1999296E9, 1.6443025E9, 3.89376E7, 2.6368225E9, 6.806881E8, 1.962801E8, 5.262436E8, 2.244004E8, 1.896129E8, 9.35089E7, 2.663424E8, 3.048516E8, 9.126441E8, 8.779369E8, 4.293184E8, 1.2845056E9, 8.844676E8, 4.613904E8, 4.5796E8, 3.444736E8, 4.511376E8, 1.075369E8, 2.742336E8, 1.014049E8, 1.6008001E9, 1.0297681E9, 6.98896E7, 8.667136E8, 9.431041E8, 1.879641E8, 9.096256E8, 1.737124E8, 1.1909401E9, 9610000.0, 3.24E8, 8.87364E7, 8.862529E8, 1.0923025E9, 4.95616E7, 1.1553201E9, 5.621641E8, 3.790809E8, 1.7397241E9, 4.950625E8, 1.11556E9, 3.51649E7, 6.492304E8, 2.782224E8, 2.2259524E9, 1.4531344E9, 7398400.0, 1.9377604E9, 1.59201E9, 1.674436E8, 1.9421649E9, 2.292196E8, 1.38384E9, 2.34256E7, 2.839225E8, 1.648656E8, 1.6573041E9, 1.7598025E9, 4243600.0, 2.1613201E9, 1.4531344E9, 1.669264E8, 7.080921E8, 8.06404E7, 6.066369E8, 1.27449E7, 1.503076E8, 6.285049E8, 8.433216E8, 2.0930625E9, 3.88129E7, 2.1261321E9, 7.745089E8, 1.179396E8, 2.719201E8, 4.756761E8, 8.2944E8, 3.38724E7, 3.790809E8, 1.183744E8, 9.928801E8) 

304496 : 

x <- c(8.70489E7, 2.1049744E9, 1.3053769E9, 4.94209E7, 9.998244E8, 1.1082241E9, 5.308416E8, 1.0725625E9, 6100900.0, 5.673924E8, 7.95664E7, 4.734976E8, 3.606201E8, 1.1999296E9, 1.6443025E9, 3.89376E7, 2.6368225E9, 6.806881E8, 1.962801E8, 5.262436E8, 2.244004E8, 1.896129E8, 9.35089E7, 2.663424E8, 3.048516E8, 9.126441E8, 8.779369E8, 4.293184E8, 1.2845056E9, 8.844676E8, 4.613904E8, 4.5796E8, 3.444736E8, 4.511376E8, 1.075369E8, 2.742336E8, 1.014049E8, 1.6008001E9, 1.0297681E9, 6.98896E7, 8.667136E8, 9.431041E8, 1.879641E8, 9.096256E8, 1.737124E8, 1.1909401E9, 9610000.0, 3.24E8, 8.87364E7, 8.862529E8, 1.0923025E9, 4.95616E7, 1.1553201E9, 5.621641E8, 3.790809E8, 1.7397241E9, 4.950625E8, 1.11556E9, 3.51649E7, 6.492304E8, 2.782224E8, 2.2259524E9, 1.4531344E9, 7398400.0, 1.9377604E9, 1.59201E9, 1.674436E8, 1.9421649E9, 2.292196E8, 1.38384E9, 2.34256E7, 2.839225E8, 1.648656E8, 1.6573041E9, 1.7598025E9, 4243600.0, 2.1613201E9, 1.4531344E9, 1.669264E8, 7.080921E8, 8.06404E7, 6.066369E8, 1.27449E7, 1.503076E8, 6.285049E8, 8.433216E8, 2.0930625E9, 3.88129E7, 2.1261321E9, 7.745089E8, 1.179396E8, 2.719201E8, 4.756761E8, 8.2944E8, 3.38724E7, 3.790809E8, 1.183744E8, 9.928801E8) 

311308 : 

x <- c(1.7290988253648993E8, 2.3336204224612207E9, 1.5880082131498227E9, 2.06443838797675E8, 4.727059486700803E8, 5.472767844751065E8, 2.4834031387967917E8, 1.4026238113087444E9, 1321394.9819431938, 3.249277145327643E8, 2.017410554667163E8, 3.223933060835091E8, 5.328013240311793E8, 1.4091069554333906E9, 2.0457529490278401E9, 1.9164360415639114E8, 1.6744058309361572E9, 2.5535685226547286E8, 5.994510024295528E7, 7.422554897738568E8, 3.48571254015469E8, 6.914455943517894E7, 1.1581266854198877E7, 1.2370220784970452E8, 4.7391185498847765E8, 1.1336802275849226E9, 1.204427144027317E9, 7.98724141289267E8, 6.75961322405431E8, 3.6169810949764425E8, 1.8514466167235932E8, 7.266139432720256E8, 5.27853478312593E8, 2.283895464105905E8, 1.0867679118960744E7, 1.2254316454387881E8, 2.1377462011090687E8, 1.899980720025006E9, 1.363544611913072E9, 129591.24983121865, 3.7616064130589175E8, 4.6890628946871763E8, 5.0193272666036434E7, 1.191256337487366E9, 2.905248579798209E8, 8.07655914087251E8, 1.143734699493308E7, 1.929887249425631E8, 1.7053216952228788E8, 1.0452259773833746E9, 1.3451030022176633E9, 1.729800309562756E8, 6.525726958865123E8, 2.3351501999481982E8, 1.8707899021163407E8, 2.08126580450533E9, 6.476583707636536E8, 7.32482844206165E8, 2030550.2101789603, 4.188133445884151E8, 4.379343765568102E8, 2.494805976093372E9, 1.8228749865915868E9, 1.2165982810599236E8, 1.0954731862501202E9, 8.661273494654452E8, 3.6207654667876214E7, 2.3148493251437144E9, 3.589483487179209E8, 9.121011464995831E8, 6988781.704349468, 1.4273095373103827E8, 2.9491185602883494E8, 1.9440304819592144E9, 2.188898185264456E9, 1.0504409289332564E8, 1.2559804981070247E9, 7.618780232721869E8, 3.709271790617366E7, 9.41275169759269E8, 1.5781566751688904E8, 3.6564549833570284E8, 4789745.213947348, 6.749213795592438E7, 8.234973827881186E8, 1.0369181183136959E9, 2.6033086537707567E9, 2766567.0525848074, 1.2403680110231576E9, 3.2490825489366937E8, 2.0877664186136894E7, 4.3038120626535016E8, 6.538651516982061E8, 5.57493277414858E8, 1.455601175243281E8, 2.2755495004508233E8, 2.3644352692137676E8, 1.214504893030312E9) 

317846 : 

x <- c(8.70489E7, 2.1049744E9, 1.3053769E9, 4.94209E7, 9.998244E8, 1.1082241E9, 5.308416E8, 1.0725625E9, 6100900.0, 5.673924E8, 7.95664E7, 4.734976E8, 3.606201E8, 1.1999296E9, 1.6443025E9, 3.89376E7, 2.6368225E9, 6.806881E8, 1.962801E8, 5.262436E8, 2.244004E8, 1.896129E8, 9.35089E7, 2.663424E8, 3.048516E8, 9.126441E8, 8.779369E8, 4.293184E8, 1.2845056E9, 8.844676E8, 4.613904E8, 4.5796E8, 3.444736E8, 4.511376E8, 1.075369E8, 2.742336E8, 1.014049E8, 1.6008001E9, 1.0297681E9, 6.98896E7, 8.667136E8, 9.431041E8, 1.879641E8, 9.096256E8, 1.737124E8, 1.1909401E9, 9610000.0, 3.24E8, 8.87364E7, 8.862529E8, 1.0923025E9, 4.95616E7, 1.1553201E9, 5.621641E8, 3.790809E8, 1.7397241E9, 4.950625E8, 1.11556E9, 3.51649E7, 6.492304E8, 2.782224E8, 2.2259524E9, 1.4531344E9, 7398400.0, 1.9377604E9, 1.59201E9, 1.674436E8, 1.9421649E9, 2.292196E8, 1.38384E9, 2.34256E7, 2.839225E8, 1.648656E8, 1.6573041E9, 1.7598025E9, 4243600.0, 2.1613201E9, 1.4531344E9, 1.669264E8, 7.080921E8, 8.06404E7, 6.066369E8, 1.27449E7, 1.503076E8, 6.285049E8, 8.433216E8, 2.0930625E9, 3.88129E7, 2.1261321E9, 7.745089E8, 1.179396E8, 2.719201E8, 4.756761E8, 8.2944E8, 3.38724E7, 3.790809E8, 1.183744E8, 9.928801E8) 

324293 : 

x <- c(1.1666942863590434E8, 2.2888497547128572E9, 1.6405942945682635E9, 1.7699456686565527E8, 6.238225025777258E8, 8.0139878590341E8, 3.924100886699032E8, 1.208899757598549E9, 1615946.5540802374, 4.083903968082248E8, 1.2721350162803738E8, 3.584243650207695E8, 4.2740524615565455E8, 1.3929508899065747E9, 2.029826398001893E9, 1.6578298603093663E8, 1.9701376520714848E9, 4.763815059131514E8, 1.2360886536030307E8, 6.297798774910274E8, 3.364134946669138E8, 9.255955982197867E7, 3.899754047909469E7, 1.7964684916780654E8, 3.8097848096542627E8, 1.101357046256735E9, 1.169305697573397E9, 7.205481899139726E8, 8.195356970474269E8, 5.959440916662769E8, 3.138448347229968E8, 5.776781570126027E8, 4.981880833097096E8, 2.7238221338958627E8, 4.557309100589352E7, 1.8187297721115243E8, 1.5063296945914283E8, 1.8269412382681973E9, 1.3635604909076865E9, 3372067.9337656563, 5.45497120122801E8, 6.850681349456534E8, 1.1639190781280167E8, 1.047210595938106E9, 2.8785929992976326E8, 9.018364332024388E8, 189306.59661232022, 2.4019075511796772E8, 1.2046135420347703E8, 1.0125622439466232E9, 1.3444000134983668E9, 1.5360621808171842E8, 7.989693620284513E8, 3.909797214599302E8, 2.815635622477302E8, 1.8815147258775563E9, 6.817060775277319E8, 8.048917966098045E8, 7058344.253228273, 5.0708500751802176E8, 3.3495362709795564E8, 2.46797884754071E9, 1.8575612892340755E9, 9.416271250384496E7, 1.361110988604011E9, 1.231151350494903E9, 1.0456431663116556E8, 2.1255749358512664E9, 3.7990358562316436E8, 1.0273844240913279E9, 2718468.0285277516, 1.935788099295847E8, 2.2173542453646517E8, 1.8866772255127332E9, 2.191774372839861E9, 8.339488705413541E7, 1.545245210570824E9, 1.1144918552761357E9, 1.0380183217050824E8, 8.215309139249318E8, 1.545419047476253E8, 4.2875300975156933E8, 886183.7020519428, 9.641434041355033E7, 7.21798114705028E8, 1.0339090976067673E9, 2.5392883336867747E9, 667231.1364000042, 1.5516292280740583E9, 5.539030031345088E8, 6.4455499910121135E7, 3.5158400724678785E8, 6.218839756480742E8, 6.015074991182854E8, 7.361767424442199E7, 2.6908845414822364E8, 1.6698766098317125E8, 1.1644767471757023E9) 

330503 : 

x <- c(8.70489E7, 2.1049744E9, 1.3053769E9, 4.94209E7, 9.998244E8, 1.1082241E9, 5.308416E8, 1.0725625E9, 6100900.0, 5.673924E8, 7.95664E7, 4.734976E8, 3.606201E8, 1.1999296E9, 1.6443025E9, 3.89376E7, 2.6368225E9, 6.806881E8, 1.962801E8, 5.262436E8, 2.244004E8, 1.896129E8, 9.35089E7, 2.663424E8, 3.048516E8, 9.126441E8, 8.779369E8, 4.293184E8, 1.2845056E9, 8.844676E8, 4.613904E8, 4.5796E8, 3.444736E8, 4.511376E8, 1.075369E8, 2.742336E8, 1.014049E8, 1.6008001E9, 1.0297681E9, 6.98896E7, 8.667136E8, 9.431041E8, 1.879641E8, 9.096256E8, 1.737124E8, 1.1909401E9, 9610000.0, 3.24E8, 8.87364E7, 8.862529E8, 1.0923025E9, 4.95616E7, 1.1553201E9, 5.621641E8, 3.790809E8, 1.7397241E9, 4.950625E8, 1.11556E9, 3.51649E7, 6.492304E8, 2.782224E8, 2.2259524E9, 1.4531344E9, 7398400.0, 1.9377604E9, 1.59201E9, 1.674436E8, 1.9421649E9, 2.292196E8, 1.38384E9, 2.34256E7, 2.839225E8, 1.648656E8, 1.6573041E9, 1.7598025E9, 4243600.0, 2.1613201E9, 1.4531344E9, 1.669264E8, 7.080921E8, 8.06404E7, 6.066369E8, 1.27449E7, 1.503076E8, 6.285049E8, 8.433216E8, 2.0930625E9, 3.88129E7, 2.1261321E9, 7.745089E8, 1.179396E8, 2.719201E8, 4.756761E8, 8.2944E8, 3.38724E7, 3.790809E8, 1.183744E8, 9.928801E8) 



