med: 7.613037364321562/desvio: 1.7057359135531687


Funcoes: 

66204 : Expressao: (X1)
134816 : Expressao: (X1)
208112 : Expressao: (X1)
277486 : Expressao: ((0.5183969303948028*(X0+X1)))
352689 : Expressao: (X1)
420273 : Expressao: (((X1-0.5264857316284921)+0.5283093121730578))
470550 : Expressao: (X1)
519309 : Expressao: (X1)
561764 : Expressao: (X1)
598764 : Expressao: (X1)
632121 : Expressao: (X0)
661447 : Expressao: (X1)
681707 : Expressao: ((0.9680685098857434*(0.09849611677720027+X1)))
701895 : Expressao: (((X1-0.33852744629366427)+0.2928651886463356))
720152 : Expressao: (((X1/X0)/(0.9974981102152118/X0)))
735194 : Expressao: (X1)
747608 : Expressao: (((Sin[X1])/0.7628897062720625))
759830 : Expressao: ((0.5055823429394601*(X1+X1)))
771884 : Expressao: (((0.28262937734665616+X1)-0.2511630172455953))
783516 : Expressao: (X1)
795215 : Expressao: (X1)
807128 : Expressao: (X1)
819121 : Expressao: (X1)
831027 : Expressao: (X1)
838639 : Expressao: (X1)
846188 : Expressao: (X1)
853548 : Expressao: (X1)
860879 : Expressao: (X1)
868119 : Expressao: (X1)
875322 : Expressao: (X1)
Erros: 

66204 : 

x <- c(1.0, 100.0, 64.0, 4.0, 49.0, 121.0, 0.0, 121.0, 81.0, 0.0, 25.0, 49.0, 81.0, 25.0, 1.0, 9.0, 49.0, 1.0, 1.0, 9.0, 25.0, 1.0, 256.0, 4.0, 4.0, 1.0, 225.0, 4.0, 9.0, 64.0, 81.0, 16.0, 25.0, 36.0, 4.0, 4.0, 1.0, 0.0, 25.0, 49.0, 9.0, 36.0, 9.0, 36.0, 169.0, 25.0, 196.0, 25.0, 9.0, 169.0, 100.0, 1.0, 81.0, 4.0, 0.0, 36.0, 49.0, 9.0, 1.0, 144.0, 100.0, 16.0, 36.0, 49.0, 25.0, 169.0, 100.0, 1.0, 64.0, 196.0, 49.0, 36.0, 36.0, 25.0) 

134816 : 

x <- c(1.0, 100.0, 64.0, 4.0, 49.0, 121.0, 0.0, 121.0, 81.0, 0.0, 25.0, 49.0, 81.0, 25.0, 1.0, 9.0, 49.0, 1.0, 1.0, 9.0, 25.0, 1.0, 256.0, 4.0, 4.0, 1.0, 225.0, 4.0, 9.0, 64.0, 81.0, 16.0, 25.0, 36.0, 4.0, 4.0, 1.0, 0.0, 25.0, 49.0, 9.0, 36.0, 9.0, 36.0, 169.0, 25.0, 196.0, 25.0, 9.0, 169.0, 100.0, 1.0, 81.0, 4.0, 0.0, 36.0, 49.0, 9.0, 1.0, 144.0, 100.0, 16.0, 36.0, 49.0, 25.0, 169.0, 100.0, 1.0, 64.0, 196.0, 49.0, 36.0, 36.0, 25.0) 

208112 : 

x <- c(1.0, 100.0, 64.0, 4.0, 49.0, 121.0, 0.0, 121.0, 81.0, 0.0, 25.0, 49.0, 81.0, 25.0, 1.0, 9.0, 49.0, 1.0, 1.0, 9.0, 25.0, 1.0, 256.0, 4.0, 4.0, 1.0, 225.0, 4.0, 9.0, 64.0, 81.0, 16.0, 25.0, 36.0, 4.0, 4.0, 1.0, 0.0, 25.0, 49.0, 9.0, 36.0, 9.0, 36.0, 169.0, 25.0, 196.0, 25.0, 9.0, 169.0, 100.0, 1.0, 81.0, 4.0, 0.0, 36.0, 49.0, 9.0, 1.0, 144.0, 100.0, 16.0, 36.0, 49.0, 25.0, 169.0, 100.0, 1.0, 64.0, 196.0, 49.0, 36.0, 36.0, 25.0) 

277486 : 

x <- c(56.39085007089804, 31.37117241743407, 49.90821887253525, 37.22670106158649, 99.81982530117597, 338.5232948923026, 82.22604516178559, 58.285718966053516, 49.954613943972184, 65.6853786149254, 2.436473457631858, 35.62819764463091, 85.59630484375023, 10.336438783249001, 0.02000683683462629, 39.08534219334208, 149.20703724026063, 64.49798806721508, 8.316812883346667, 34.62014388637842, 96.96527284351752, 22.089240454167715, 346.9402242157594, 165.13220238225975, 2.308068215365633, 0.26960267146645417, 167.07052622526655, 43.97315230225621, 0.6699058007878346, 95.52143747886184, 3.306861268462914, 28.090856523021934, 41.46174212466742, 0.0062912878097537645, 5.949107791149639, 6.313495519569776, 12.338829546107624, 16.24947651790597, 72.46549967879686, 166.94403268147698, 13.689402061053135, 19.12897636676735, 7.333784765599787, 16.341998495012252, 153.18892606594525, 6.113702658821409, 54.4678580823389, 59.51600838791003, 26.366990225159803, 46.626041040617615, 69.81676880857714, 79.40295764383684, 175.43694822240633, 123.16751078943652, 29.113790781176043, 107.3073439667077, 0.0617742337995252, 4.986551785332493, 3.8060516362185446, 256.78454208052625, 0.10376899362329577, 10.793446364623172, 0.15659405898147424, 30.99690556012729, 14.6560828094669, 112.52039719306391, 76.10087488477683, 86.09561597368575, 11.470414527087135, 233.44088394772564, 367.42720389872477, 5.2077759838171795, 60.2743898904063, 162.9109726915615) 

352689 : 

x <- c(1.0, 100.0, 64.0, 4.0, 49.0, 121.0, 0.0, 121.0, 81.0, 0.0, 25.0, 49.0, 81.0, 25.0, 1.0, 9.0, 49.0, 1.0, 1.0, 9.0, 25.0, 1.0, 256.0, 4.0, 4.0, 1.0, 225.0, 4.0, 9.0, 64.0, 81.0, 16.0, 25.0, 36.0, 4.0, 4.0, 1.0, 0.0, 25.0, 49.0, 9.0, 36.0, 9.0, 36.0, 169.0, 25.0, 196.0, 25.0, 9.0, 169.0, 100.0, 1.0, 81.0, 4.0, 0.0, 36.0, 49.0, 9.0, 1.0, 144.0, 100.0, 16.0, 36.0, 49.0, 25.0, 169.0, 100.0, 1.0, 64.0, 196.0, 49.0, 36.0, 36.0, 25.0) 

420273 : 

x <- c(0.7164258601501553, 103.09519828749332, 61.566297951840866, 4.637909249425564, 46.873459081599336, 117.64481456256546, 0.02358698990862484, 124.40235941725179, 78.2591368220824, 0.02358698990862484, 26.559392638700974, 51.17371489821791, 78.2591368220824, 26.559392638700974, 1.3307481196670943, 8.102103600633216, 46.873459081599336, 0.7164258601501553, 1.3307481196670943, 8.102103600633216, 23.48778134111628, 1.3307481196670943, 251.10900891377312, 3.4092647303916856, 4.637909249425564, 1.3307481196670943, 229.63100393628568, 4.637909249425564, 9.945070379184033, 61.566297951840866, 83.78803715773485, 17.252231508942504, 23.48778134111628, 37.86655376845944, 3.4092647303916856, 4.637909249425564, 0.7164258601501553, 0.02358698990862484, 23.48778134111628, 46.873459081599336, 9.945070379184033, 37.86655376845944, 9.945070379184033, 37.86655376845944, 173.01668167676874, 23.48778134111628, 200.3238428065272, 26.559392638700974, 8.102103600633216, 173.01668167676874, 96.95197569232393, 1.3307481196670943, 78.2591368220824, 3.4092647303916856, 0.02358698990862484, 34.180620211357805, 51.17371489821791, 9.945070379184033, 1.3307481196670943, 140.337653432807, 103.09519828749332, 14.794942470874746, 37.86655376845944, 51.17371489821791, 26.559392638700974, 173.01668167676874, 96.95197569232393, 1.3307481196670943, 66.48087602797638, 191.72333117329006, 46.873459081599336, 37.86655376845874, 34.180620211357805, 23.48778134111683) 

470550 : 

x <- c(1.0, 100.0, 64.0, 4.0, 49.0, 121.0, 0.0, 121.0, 81.0, 0.0, 25.0, 49.0, 81.0, 25.0, 1.0, 9.0, 49.0, 1.0, 1.0, 9.0, 25.0, 1.0, 256.0, 4.0, 4.0, 1.0, 225.0, 4.0, 9.0, 64.0, 81.0, 16.0, 25.0, 36.0, 4.0, 4.0, 1.0, 0.0, 25.0, 49.0, 9.0, 36.0, 9.0, 36.0, 169.0, 25.0, 196.0, 25.0, 9.0, 169.0, 100.0, 1.0, 81.0, 4.0, 0.0, 36.0, 49.0, 9.0, 1.0, 144.0, 100.0, 16.0, 36.0, 49.0, 25.0, 169.0, 100.0, 1.0, 64.0, 196.0, 49.0, 36.0, 36.0, 25.0) 

519309 : 

x <- c(1.0, 100.0, 64.0, 4.0, 49.0, 121.0, 0.0, 121.0, 81.0, 0.0, 25.0, 49.0, 81.0, 25.0, 1.0, 9.0, 49.0, 1.0, 1.0, 9.0, 25.0, 1.0, 256.0, 4.0, 4.0, 1.0, 225.0, 4.0, 9.0, 64.0, 81.0, 16.0, 25.0, 36.0, 4.0, 4.0, 1.0, 0.0, 25.0, 49.0, 9.0, 36.0, 9.0, 36.0, 169.0, 25.0, 196.0, 25.0, 9.0, 169.0, 100.0, 1.0, 81.0, 4.0, 0.0, 36.0, 49.0, 9.0, 1.0, 144.0, 100.0, 16.0, 36.0, 49.0, 25.0, 169.0, 100.0, 1.0, 64.0, 196.0, 49.0, 36.0, 36.0, 25.0) 

561764 : 

x <- c(1.0, 100.0, 64.0, 4.0, 49.0, 121.0, 0.0, 121.0, 81.0, 0.0, 25.0, 49.0, 81.0, 25.0, 1.0, 9.0, 49.0, 1.0, 1.0, 9.0, 25.0, 1.0, 256.0, 4.0, 4.0, 1.0, 225.0, 4.0, 9.0, 64.0, 81.0, 16.0, 25.0, 36.0, 4.0, 4.0, 1.0, 0.0, 25.0, 49.0, 9.0, 36.0, 9.0, 36.0, 169.0, 25.0, 196.0, 25.0, 9.0, 169.0, 100.0, 1.0, 81.0, 4.0, 0.0, 36.0, 49.0, 9.0, 1.0, 144.0, 100.0, 16.0, 36.0, 49.0, 25.0, 169.0, 100.0, 1.0, 64.0, 196.0, 49.0, 36.0, 36.0, 25.0) 

598764 : 

x <- c(1.0, 100.0, 64.0, 4.0, 49.0, 121.0, 0.0, 121.0, 81.0, 0.0, 25.0, 49.0, 81.0, 25.0, 1.0, 9.0, 49.0, 1.0, 1.0, 9.0, 25.0, 1.0, 256.0, 4.0, 4.0, 1.0, 225.0, 4.0, 9.0, 64.0, 81.0, 16.0, 25.0, 36.0, 4.0, 4.0, 1.0, 0.0, 25.0, 49.0, 9.0, 36.0, 9.0, 36.0, 169.0, 25.0, 196.0, 25.0, 9.0, 169.0, 100.0, 1.0, 81.0, 4.0, 0.0, 36.0, 49.0, 9.0, 1.0, 144.0, 100.0, 16.0, 36.0, 49.0, 25.0, 169.0, 100.0, 1.0, 64.0, 196.0, 49.0, 36.0, 36.0, 25.0) 

632121 : 

x <- c(36.0, 81.0, 4.0, 36.0, 25.0, 324.0, 121.0, 121.0, 4.0, 81.0, 25.0, 144.0, 4.0, 16.0, 36.0, 4.0, 100.0, 64.0, 0.0, 4.0, 64.0, 16.0, 225.0, 324.0, 0.0, 9.0, 256.0, 289.0, 25.0, 25.0, 1.0, 169.0, 1.0, 1.0, 16.0, 0.0, 1.0, 1.0, 25.0, 144.0, 16.0, 81.0, 81.0, 81.0, 361.0, 64.0, 81.0, 361.0, 4.0, 100.0, 9.0, 81.0, 64.0, 121.0, 4.0, 36.0, 1.0, 100.0, 16.0, 121.0, 4.0, 36.0, 4.0, 169.0, 144.0, 324.0, 9.0, 81.0, 81.0, 36.0, 441.0, 1.0, 0.0, 121.0) 

661447 : 

x <- c(1.0, 100.0, 64.0, 4.0, 49.0, 121.0, 0.0, 121.0, 81.0, 0.0, 25.0, 49.0, 81.0, 25.0, 1.0, 9.0, 49.0, 1.0, 1.0, 9.0, 25.0, 1.0, 256.0, 4.0, 4.0, 1.0, 225.0, 4.0, 9.0, 64.0, 81.0, 16.0, 25.0, 36.0, 4.0, 4.0, 1.0, 0.0, 25.0, 49.0, 9.0, 36.0, 9.0, 36.0, 169.0, 25.0, 196.0, 25.0, 9.0, 169.0, 100.0, 1.0, 81.0, 4.0, 0.0, 36.0, 49.0, 9.0, 1.0, 144.0, 100.0, 16.0, 36.0, 49.0, 25.0, 169.0, 100.0, 1.0, 64.0, 196.0, 49.0, 36.0, 36.0, 25.0) 

681707 : 

x <- c(108.78690736192, 457.881454224745, 13.819654879627947, 181.22619033048957, 20.483686629218543, 0.0914277797544656, 119.92711419217272, 481.8518395090476, 5.300908856940649, 121.32993548782181, 256.47980407050414, 330.31769575283425, 5.751194118449498, 259.5572750183203, 150.56366783366116, 68.9293520884992, 17.69527995234374, 99.66139448362836, 142.82936194825226, 63.72917301101237, 34.6598408788966, 137.53668261571485, 27.46247407281121, 68.03991495008, 148.46857402357236, 126.53170152323656, 639.1068446464775, 162.80573181756253, 191.0863299878304, 8.52168419772205, 386.6626891539837, 223.53610521649085, 36.95241535899198, 286.2590710596354, 83.0063364177665, 170.22207838936043, 102.22789907498847, 122.74091374395948, 36.95241535899198, 15.360068973573005, 187.57143035719884, 281.9533447847996, 195.52583742886034, 291.6871118059205, 589.0541985340367, 44.696554074895154, 651.5710960332649, 288.0804057980138, 83.40418206698365, 626.841080934538, 6.0118328005940525, 172.46489416512128, 10.014190009992813, 97.5578371213847, 139.55344522456804, 33.79415589107216, 346.76715858695337, 220.38012934305615, 167.46948285267752, 7.32700352221257E-4, 466.1174639771009, 62.55336582635489, 316.1761454057619, 359.97213204479755, 295.71796113021213, 642.9322860887943, 7.679653718129278, 180.95371889560857, 419.58751283866485, 1.5893964503223852, 28.007872623426977, 326.4788604208744, 39.19154355771537, 49.96688771602214) 

701895 : 

x <- c(23.480232524555742, 37.87614000515488, 140.3192004914472, 3.4063891101736887, 117.62791935331985, 220.39304390582924, 14.78895138642839, 51.18485886702753, 165.01048162957454, 14.78895138642839, 1.3325456957916344, 9.949983419536931, 165.01048162957454, 1.3325456957916344, 8.09767024830104, 46.86279480081045, 117.62791935331985, 23.480232524555742, 8.09767024830104, 46.86279480081045, 78.24535707706515, 8.09767024830104, 393.849449596466, 34.1715136626831, 3.4063891101736887, 8.09767024830104, 124.41973431451812, 3.4063891101736887, 0.7151079720463372, 140.3192004914472, 26.56742114328223, 0.023826833918985876, 78.24535707706515, 4.641264557664283, 34.1715136626831, 3.4063891101736887, 23.480232524555742, 14.78895138642839, 78.24535707706515, 117.62791935331985, 0.7151079720463372, 4.641264557664283, 0.7151079720463372, 4.641264557664283, 83.80229659077283, 78.24535707706515, 103.11101545264547, 1.3325456957916344, 46.86279480081045, 83.80229659077283, 191.7017627677019, 8.09767024830104, 165.01048162957454, 34.1715136626831, 14.78895138642839, 96.9366382151925, 9.949983419536931, 0.7151079720463372, 8.09767024830104, 251.0843250439566, 37.87614000515488, 61.5540759389378, 4.641264557664283, 9.949983419536931, 1.3325456957916344, 83.80229659077283, 191.7017627677019, 8.09767024830104, 17.25870228140958, 318.4668873202113, 117.62791935331985, 4.641264557664283, 96.9366382151925, 78.24535707706515) 

720152 : 

x <- c(1.6053939043750125, 94.77931316914325, 68.71771489990286, 2.994458714955007, 52.91930892959152, 126.72024573422755, 0.05263304268731638, 116.00541671478328, 85.692210781016, 0.05495988825693314, 22.71060734956031, 45.60333208361137, 85.83157602747337, 22.638947033174095, 0.5557693951118953, 10.608105921381359, 52.55502179663577, 1.517644352446074, 0.5937951946960401, 10.445352708176676, 27.294382465464054, 0.621161870475861, 262.90579236871554, 4.727316513579484, 3.351744550026762, 0.6818807412926332, 219.7288158551843, 3.1884747312692703, 7.731812747455294, 67.68206063751458, 77.3195671237443, 14.217281650722212, 27.451852898394826, 33.32855938387371, 5.026383514704679, 3.1083685084888955, 1.5424640173431667, 0.057337060957387186, 27.451852898394826, 52.228239119396505, 7.7877073047203424, 33.4444989182343, 7.662227640984871, 33.18391805603246, 162.44775563433083, 27.953497442732164, 188.38754142938632, 21.9990998076949, 11.037152550018291, 160.91692407894692, 107.06667266949606, 0.45938433669438467, 86.95057449672382, 5.299920900052073, 0.08829180953941036, 39.65396433708244, 45.130309559394625, 7.291903396172249, 0.4800105862546499, 151.5282266750275, 94.48652176454786, 18.53013105181711, 32.5512330029968, 44.760378999774176, 21.83471072211984, 160.28121650059737, 107.58635659392726, 0.4260137967101267, 58.525394168898266, 206.4933408672138, 53.798731416028176, 32.294162458169644, 40.09743674909783, 28.272665787581204) 

735194 : 

x <- c(1.0, 100.0, 64.0, 4.0, 49.0, 121.0, 0.0, 121.0, 81.0, 0.0, 25.0, 49.0, 81.0, 25.0, 1.0, 9.0, 49.0, 1.0, 1.0, 9.0, 25.0, 1.0, 256.0, 4.0, 4.0, 1.0, 225.0, 4.0, 9.0, 64.0, 81.0, 16.0, 25.0, 36.0, 4.0, 4.0, 1.0, 0.0, 25.0, 49.0, 9.0, 36.0, 9.0, 36.0, 169.0, 25.0, 196.0, 25.0, 9.0, 169.0, 100.0, 1.0, 81.0, 4.0, 0.0, 36.0, 49.0, 9.0, 1.0, 144.0, 100.0, 16.0, 36.0, 49.0, 25.0, 169.0, 100.0, 1.0, 64.0, 196.0, 49.0, 36.0, 36.0, 25.0) 

747608 : 

x <- c(0.04944534926280909, 112.89935751615539, 0.5346906917937065, 14.700732469595982, 15.190776368223348, 145.85381560395513, 38.55775160427087, 22.948997212514918, 101.545834382802, 29.196640085301432, 0.16272473086738734, 14.87783236802012, 70.13374202453335, 0.8290077777210498, 0.378451229043098, 16.621890719342662, 93.0844521002952, 46.421988052429626, 27.138773932293056, 77.67546138774735, 143.05364264494537, 57.786613653012175, 590.4964423399506, 185.25629252089738, 96.21662190107662, 112.5909600305909, 12.286804691554307, 39.691670249299534, 21.688950071945527, 212.92174146397576, 0.027464004218490327, 4.881840916359614, 91.04095271142145, 0.35027243100841277, 37.082026784822155, 8.877272804278965, 25.903024069521994, 20.625569930959138, 91.04095271142145, 184.7380651044781, 34.69501322818604, 3.941393937881934, 7.915041381794185, 2.127110594404349, 129.61403766368858, 2.360788979845032, 292.49432095899346, 348.9037433108882, 230.65958014229653, 808.5959132935459, 337.48063124664594, 368.15942841013174, 102.73411075126091, 83.90038814984045, 91.34213518064598, 12.654439824897286, 146.83427336362664, 178.24438761393745, 191.0964673796374, 2.8189243556664745, 208.24681457504167, 63.744610489670286, 218.42330505584002, 427.6196043644437, 629.9920086243765, 1455.602728209923, 906.2642568634068, 862.6348413241567, 1404.335708224555, 618.1002812773872, 258.71394099560246, 498.9643640566929, 258.37480988380355, 128.53913861192663) 

759830 : 

x <- c(4.790368710164229, 77.83604025840211, 86.28874000479104, 0.6402307710886929, 67.60432868736633, 147.47752175851474, 1.0428919366625433, 99.57603418252454, 102.9013923518171, 1.08899697559863, 15.653495187957414, 34.81739181609391, 103.58204381222603, 15.389581923155665, 0.017653816613948846, 17.173004131724152, 65.78083141905051, 4.13059079169009, 4.503226499974825E-4, 16.260132763230764, 35.9866984518969, 0.0032412519574593715, 287.44600616542067, 7.703942690335205, 1.5543398173044918, 0.05035638431488943, 202.01612297316967, 1.093629263040458, 4.094301082905287, 81.18111130586492, 65.27446421858924, 8.87312548061236, 36.79489472144062, 24.89953991429836, 9.468201232767788, 0.8935639871267615, 4.314112759966056, 1.136099216220917, 36.79489472144062, 64.16099906361016, 4.277023877930693, 25.34722356535935, 3.8715068486087403, 24.345544609957276, 140.82882983752157, 39.41339175844613, 163.27255226863852, 13.115329210666303, 19.663142287091404, 134.54097372876976, 133.3092164137595, 0.18862881088077013, 109.10802883208201, 11.1890029062524, 1.7494488545726457, 53.621456763418365, 32.99722133310012, 2.7761157655154554, 0.13492844115270058, 178.98401488514534, 76.65852591020825, 28.688464764745675, 21.982007496056717, 31.60136619013936, 12.55537488722244, 131.9634147551202, 135.89982199921397, 0.2980734608181655, 41.510628869407924, 244.8111853185803, 72.08243670331484, 21.049883358267074, 55.93503605838551, 41.11354923917364) 

771884 : 

x <- c(2.7227405334974284, 160.02434405472985, 28.62172011089497, 21.623177857469912, 18.921865885552464, 69.72128278692249, 7.022886308154923, 186.32448982938735, 40.321574336237475, 7.022886308154923, 58.523615181442395, 93.12390673075738, 40.321574336237475, 58.523615181442395, 13.323032082812416, 0.1224489841824397, 18.921865885552464, 2.7227405334974284, 13.323032082812416, 0.1224489841824397, 5.522157434867451, 13.323032082812416, 178.220553913635, 0.42259475883993397, 21.623177857469912, 13.323032082812416, 311.5250729280173, 21.623177857469912, 31.923323632127406, 28.62172011089497, 135.72419828007236, 44.2234694067849, 5.522157434867451, 74.82376095609989, 0.42259475883993397, 21.623177857469912, 2.7227405334974284, 7.022886308154923, 5.522157434867451, 18.921865885552464, 31.923323632127406, 74.82376095609989, 31.923323632127406, 74.82376095609989, 244.92478137870233, 5.522157434867451, 277.22492715335983, 58.523615181442395, 0.1224489841824397, 244.92478137870233, 54.02142856157998, 13.323032082812416, 40.321574336237475, 0.42259475883993397, 7.022886308154923, 11.222011660209956, 93.12390673075738, 31.923323632127406, 13.323032082812416, 87.42113701226499, 160.02434405472985, 1.8223032095249454, 74.82376095609989, 93.12390673075738, 58.523615181442395, 244.92478137870233, 54.02142856157998, 13.323032082812416, 113.42405250541488, 128.82084546295, 18.921865885552464, 74.82376095609989, 11.222011660209956, 5.522157434867451) 

783516 : 

x <- c(1.0, 100.0, 64.0, 4.0, 49.0, 121.0, 0.0, 121.0, 81.0, 0.0, 25.0, 49.0, 81.0, 25.0, 1.0, 9.0, 49.0, 1.0, 1.0, 9.0, 25.0, 1.0, 256.0, 4.0, 4.0, 1.0, 225.0, 4.0, 9.0, 64.0, 81.0, 16.0, 25.0, 36.0, 4.0, 4.0, 1.0, 0.0, 25.0, 49.0, 9.0, 36.0, 9.0, 36.0, 169.0, 25.0, 196.0, 25.0, 9.0, 169.0, 100.0, 1.0, 81.0, 4.0, 0.0, 36.0, 49.0, 9.0, 1.0, 144.0, 100.0, 16.0, 36.0, 49.0, 25.0, 169.0, 100.0, 1.0, 64.0, 196.0, 49.0, 36.0, 36.0, 25.0) 

795215 : 

x <- c(1.0, 100.0, 64.0, 4.0, 49.0, 121.0, 0.0, 121.0, 81.0, 0.0, 25.0, 49.0, 81.0, 25.0, 1.0, 9.0, 49.0, 1.0, 1.0, 9.0, 25.0, 1.0, 256.0, 4.0, 4.0, 1.0, 225.0, 4.0, 9.0, 64.0, 81.0, 16.0, 25.0, 36.0, 4.0, 4.0, 1.0, 0.0, 25.0, 49.0, 9.0, 36.0, 9.0, 36.0, 169.0, 25.0, 196.0, 25.0, 9.0, 169.0, 100.0, 1.0, 81.0, 4.0, 0.0, 36.0, 49.0, 9.0, 1.0, 144.0, 100.0, 16.0, 36.0, 49.0, 25.0, 169.0, 100.0, 1.0, 64.0, 196.0, 49.0, 36.0, 36.0, 25.0) 

807128 : 

x <- c(1.0, 100.0, 64.0, 4.0, 49.0, 121.0, 0.0, 121.0, 81.0, 0.0, 25.0, 49.0, 81.0, 25.0, 1.0, 9.0, 49.0, 1.0, 1.0, 9.0, 25.0, 1.0, 256.0, 4.0, 4.0, 1.0, 225.0, 4.0, 9.0, 64.0, 81.0, 16.0, 25.0, 36.0, 4.0, 4.0, 1.0, 0.0, 25.0, 49.0, 9.0, 36.0, 9.0, 36.0, 169.0, 25.0, 196.0, 25.0, 9.0, 169.0, 100.0, 1.0, 81.0, 4.0, 0.0, 36.0, 49.0, 9.0, 1.0, 144.0, 100.0, 16.0, 36.0, 49.0, 25.0, 169.0, 100.0, 1.0, 64.0, 196.0, 49.0, 36.0, 36.0, 25.0) 

819121 : 

x <- c(1.0, 100.0, 64.0, 4.0, 49.0, 121.0, 0.0, 121.0, 81.0, 0.0, 25.0, 49.0, 81.0, 25.0, 1.0, 9.0, 49.0, 1.0, 1.0, 9.0, 25.0, 1.0, 256.0, 4.0, 4.0, 1.0, 225.0, 4.0, 9.0, 64.0, 81.0, 16.0, 25.0, 36.0, 4.0, 4.0, 1.0, 0.0, 25.0, 49.0, 9.0, 36.0, 9.0, 36.0, 169.0, 25.0, 196.0, 25.0, 9.0, 169.0, 100.0, 1.0, 81.0, 4.0, 0.0, 36.0, 49.0, 9.0, 1.0, 144.0, 100.0, 16.0, 36.0, 49.0, 25.0, 169.0, 100.0, 1.0, 64.0, 196.0, 49.0, 36.0, 36.0, 25.0) 

831027 : 

x <- c(1.0, 100.0, 64.0, 4.0, 49.0, 121.0, 0.0, 121.0, 81.0, 0.0, 25.0, 49.0, 81.0, 25.0, 1.0, 9.0, 49.0, 1.0, 1.0, 9.0, 25.0, 1.0, 256.0, 4.0, 4.0, 1.0, 225.0, 4.0, 9.0, 64.0, 81.0, 16.0, 25.0, 36.0, 4.0, 4.0, 1.0, 0.0, 25.0, 49.0, 9.0, 36.0, 9.0, 36.0, 169.0, 25.0, 196.0, 25.0, 9.0, 169.0, 100.0, 1.0, 81.0, 4.0, 0.0, 36.0, 49.0, 9.0, 1.0, 144.0, 100.0, 16.0, 36.0, 49.0, 25.0, 169.0, 100.0, 1.0, 64.0, 196.0, 49.0, 36.0, 36.0, 25.0) 

838639 : 

x <- c(1.0, 100.0, 64.0, 4.0, 49.0, 121.0, 0.0, 121.0, 81.0, 0.0, 25.0, 49.0, 81.0, 25.0, 1.0, 9.0, 49.0, 1.0, 1.0, 9.0, 25.0, 1.0, 256.0, 4.0, 4.0, 1.0, 225.0, 4.0, 9.0, 64.0, 81.0, 16.0, 25.0, 36.0, 4.0, 4.0, 1.0, 0.0, 25.0, 49.0, 9.0, 36.0, 9.0, 36.0, 169.0, 25.0, 196.0, 25.0, 9.0, 169.0, 100.0, 1.0, 81.0, 4.0, 0.0, 36.0, 49.0, 9.0, 1.0, 144.0, 100.0, 16.0, 36.0, 49.0, 25.0, 169.0, 100.0, 1.0, 64.0, 196.0, 49.0, 36.0, 36.0, 25.0) 

846188 : 

x <- c(1.0, 100.0, 64.0, 4.0, 49.0, 121.0, 0.0, 121.0, 81.0, 0.0, 25.0, 49.0, 81.0, 25.0, 1.0, 9.0, 49.0, 1.0, 1.0, 9.0, 25.0, 1.0, 256.0, 4.0, 4.0, 1.0, 225.0, 4.0, 9.0, 64.0, 81.0, 16.0, 25.0, 36.0, 4.0, 4.0, 1.0, 0.0, 25.0, 49.0, 9.0, 36.0, 9.0, 36.0, 169.0, 25.0, 196.0, 25.0, 9.0, 169.0, 100.0, 1.0, 81.0, 4.0, 0.0, 36.0, 49.0, 9.0, 1.0, 144.0, 100.0, 16.0, 36.0, 49.0, 25.0, 169.0, 100.0, 1.0, 64.0, 196.0, 49.0, 36.0, 36.0, 25.0) 

853548 : 

x <- c(1.0, 100.0, 64.0, 4.0, 49.0, 121.0, 0.0, 121.0, 81.0, 0.0, 25.0, 49.0, 81.0, 25.0, 1.0, 9.0, 49.0, 1.0, 1.0, 9.0, 25.0, 1.0, 256.0, 4.0, 4.0, 1.0, 225.0, 4.0, 9.0, 64.0, 81.0, 16.0, 25.0, 36.0, 4.0, 4.0, 1.0, 0.0, 25.0, 49.0, 9.0, 36.0, 9.0, 36.0, 169.0, 25.0, 196.0, 25.0, 9.0, 169.0, 100.0, 1.0, 81.0, 4.0, 0.0, 36.0, 49.0, 9.0, 1.0, 144.0, 100.0, 16.0, 36.0, 49.0, 25.0, 169.0, 100.0, 1.0, 64.0, 196.0, 49.0, 36.0, 36.0, 25.0) 

860879 : 

x <- c(1.0, 100.0, 64.0, 4.0, 49.0, 121.0, 0.0, 121.0, 81.0, 0.0, 25.0, 49.0, 81.0, 25.0, 1.0, 9.0, 49.0, 1.0, 1.0, 9.0, 25.0, 1.0, 256.0, 4.0, 4.0, 1.0, 225.0, 4.0, 9.0, 64.0, 81.0, 16.0, 25.0, 36.0, 4.0, 4.0, 1.0, 0.0, 25.0, 49.0, 9.0, 36.0, 9.0, 36.0, 169.0, 25.0, 196.0, 25.0, 9.0, 169.0, 100.0, 1.0, 81.0, 4.0, 0.0, 36.0, 49.0, 9.0, 1.0, 144.0, 100.0, 16.0, 36.0, 49.0, 25.0, 169.0, 100.0, 1.0, 64.0, 196.0, 49.0, 36.0, 36.0, 25.0) 

868119 : 

x <- c(1.0, 100.0, 64.0, 4.0, 49.0, 121.0, 0.0, 121.0, 81.0, 0.0, 25.0, 49.0, 81.0, 25.0, 1.0, 9.0, 49.0, 1.0, 1.0, 9.0, 25.0, 1.0, 256.0, 4.0, 4.0, 1.0, 225.0, 4.0, 9.0, 64.0, 81.0, 16.0, 25.0, 36.0, 4.0, 4.0, 1.0, 0.0, 25.0, 49.0, 9.0, 36.0, 9.0, 36.0, 169.0, 25.0, 196.0, 25.0, 9.0, 169.0, 100.0, 1.0, 81.0, 4.0, 0.0, 36.0, 49.0, 9.0, 1.0, 144.0, 100.0, 16.0, 36.0, 49.0, 25.0, 169.0, 100.0, 1.0, 64.0, 196.0, 49.0, 36.0, 36.0, 25.0) 

875322 : 

x <- c(1.0, 100.0, 64.0, 4.0, 49.0, 121.0, 0.0, 121.0, 81.0, 0.0, 25.0, 49.0, 81.0, 25.0, 1.0, 9.0, 49.0, 1.0, 1.0, 9.0, 25.0, 1.0, 256.0, 4.0, 4.0, 1.0, 225.0, 4.0, 9.0, 64.0, 81.0, 16.0, 25.0, 36.0, 4.0, 4.0, 1.0, 0.0, 25.0, 49.0, 9.0, 36.0, 9.0, 36.0, 169.0, 25.0, 196.0, 25.0, 9.0, 169.0, 100.0, 1.0, 81.0, 4.0, 0.0, 36.0, 49.0, 9.0, 1.0, 144.0, 100.0, 16.0, 36.0, 49.0, 25.0, 169.0, 100.0, 1.0, 64.0, 196.0, 49.0, 36.0, 36.0, 25.0) 



