med: 55.0140582880192/desvio: 14.164317735019674


Funcoes: 

28910 : Expressao: (X1)
56395 : Expressao: ((X1+0.01872025563877644))
84320 : Expressao: (X1)
114888 : Expressao: (((X1-0.5891873083211197)+0.6258366916872049))
142747 : Expressao: (X1)
171290 : Expressao: (X1)
198819 : Expressao: (X1)
229051 : Expressao: ((0.9922306732424035*(X1+0.02893736319921869)))
258041 : Expressao: (X1)
284501 : Expressao: (((X1/X0)*(0.930973359217354*X0)))
313263 : Expressao: ((X1+0.023821492888161933))
342394 : Expressao: ((0.9961737215756469/(0.99822974610808/X1)))
370383 : Expressao: ((0.4568161461161327-(0.44071822019188545-X1)))
398115 : Expressao: (((X1-0.07728918472522717)+0.17788147118636932))
421685 : Expressao: (X1)
441755 : Expressao: (X1)
461538 : Expressao: ((Sin[(X1/0.7871755597427121)]))
481840 : Expressao: (((X1-0.4396224593501743)+0.47090372174471856))
502974 : Expressao: ((0.9776318430115232*(X1/0.9939369191030307)))
523084 : Expressao: (((0.029101351716495194+X1)-0.0))
540763 : Expressao: (((0.9350828746056958*X0)+(X1-X0)))
555900 : Expressao: (X1)
571647 : Expressao: ((0.7092377585465233*(X1/0.754879240634618)))
586917 : Expressao: (X1)
603506 : Expressao: ((1.0-(0.9628306029143955-X1)))
618214 : Expressao: (X1)
632054 : Expressao: (X1)
643084 : Expressao: ((0.3323525347589044-(0.33322444600271195-X1)))
654186 : Expressao: (((X1/0.35244565700653185)*0.34487902515349905))
666195 : Expressao: ((0.9876171404654182*X1))
Erros: 

28910 : 

x <- c(196.0, 10201.0, 2025.0, 2401.0, 729.0, 529.0, 324.0, 4096.0, 100.0, 576.0, 2704.0, 5776.0, 121.0, 9216.0, 3136.0, 2025.0, 1849.0, 144.0, 676.0, 784.0, 1764.0, 121.0, 3969.0, 7569.0, 256.0, 9604.0, 2209.0, 5041.0, 1764.0) 

56395 : 

x <- c(138.16121479044304, 10659.695242669759, 2232.165629093744, 2626.1320300634534, 612.7704116388711, 430.7368126085859, 409.8924225481633, 3813.5812026690087, 149.9596206087336, 473.2452123661572, 2475.4804055781533, 5439.681999759856, 76.63601551772955, 9652.237241457615, 3392.5732317604547, 2232.165629093744, 1660.9048077600116, 95.14441527530182, 797.8252244875931, 663.2788113964424, 1580.3964080024357, 76.63601551773054, 3691.0728029114302, 7183.274397093139, 332.909222063308, 10049.220441942472, 2425.1488295786016, 5364.947235396885, 1580.3964080024402) 

84320 : 

x <- c(196.0, 10201.0, 2025.0, 2401.0, 729.0, 529.0, 324.0, 4096.0, 100.0, 576.0, 2704.0, 5776.0, 121.0, 9216.0, 3136.0, 2025.0, 1849.0, 144.0, 676.0, 784.0, 1764.0, 121.0, 3969.0, 7569.0, 256.0, 9604.0, 2209.0, 5041.0, 1764.0) 

114888 : 

x <- c(92.2235333652462, 11108.462587716867, 2440.033135163034, 2851.2066674883076, 510.9095533081065, 346.0830856333803, 501.61179196743626, 3552.5543792993244, 207.26472731688872, 384.28970255206184, 2266.0749762751457, 5127.033782323503, 43.60368260920077, 10079.495672310286, 3647.760349057537, 2440.033135163034, 1490.2154240070115, 57.810299527883075, 923.9588566179802, 557.1161702267881, 1414.0088070883298, 43.60368260920151, 3434.3477623806425, 6823.30656842899, 416.02502580480166, 10485.082438472922, 2641.619901325677, 5684.6610952773135, 1414.0088070883298) 

142747 : 

x <- c(196.0, 10201.0, 2025.0, 2401.0, 729.0, 529.0, 324.0, 4096.0, 100.0, 576.0, 2704.0, 5776.0, 121.0, 9216.0, 3136.0, 2025.0, 1849.0, 144.0, 676.0, 784.0, 1764.0, 121.0, 3969.0, 7569.0, 256.0, 9604.0, 2209.0, 5041.0, 1764.0) 

171290 : 

x <- c(196.0, 10201.0, 2025.0, 2401.0, 729.0, 529.0, 324.0, 4096.0, 100.0, 576.0, 2704.0, 5776.0, 121.0, 9216.0, 3136.0, 2025.0, 1849.0, 144.0, 676.0, 784.0, 1764.0, 121.0, 3969.0, 7569.0, 256.0, 9604.0, 2209.0, 5041.0, 1764.0) 

198819 : 

x <- c(196.0, 10201.0, 2025.0, 2401.0, 729.0, 529.0, 324.0, 4096.0, 100.0, 576.0, 2704.0, 5776.0, 121.0, 9216.0, 3136.0, 2025.0, 1849.0, 144.0, 676.0, 784.0, 1764.0, 121.0, 3969.0, 7569.0, 256.0, 9604.0, 2209.0, 5041.0, 1764.0) 

229051 : 

x <- c(148.65633300096138, 10547.035117602398, 2254.679076851389, 2686.668264351252, 565.7843664170229, 399.8397768361438, 433.69359760878774, 3725.251773597484, 155.44908982071962, 460.2906056236416, 2464.213804116839, 5482.640275336809, 92.83942937999254, 9463.245756642731, 3366.908842370452, 2252.466132964712, 1615.2543614750275, 90.71244743573526, 805.5640265513672, 645.9495547815584, 1570.7809362632263, 80.2706788061068, 3726.4740939052726, 7316.120020640208, 281.89563301360187, 9783.990688520045, 2369.299540250364, 5334.93063063174, 1552.972205370381) 

258041 : 

x <- c(196.0, 10201.0, 2025.0, 2401.0, 729.0, 529.0, 324.0, 4096.0, 100.0, 576.0, 2704.0, 5776.0, 121.0, 9216.0, 3136.0, 2025.0, 1849.0, 144.0, 676.0, 784.0, 1764.0, 121.0, 3969.0, 7569.0, 256.0, 9604.0, 2209.0, 5041.0, 1764.0) 

284501 : 

x <- c(814.7604545439699, 7308.474776519701, 1329.42702955363, 1898.1277097687703, 843.9133706367477, 724.358357853861, 156.21202379000576, 4659.296488018619, 1.751004809397889, 1023.1347882075761, 3799.8739459273197, 7962.439575291846, 868.9835899266991, 5892.432177570126, 1882.5824861914439, 1314.3691017138267, 2365.8080054218917, 424.6780401754837, 274.3648482246266, 1270.3054737635384, 2659.886856997812, 550.9915811202676, 5811.394499674287, 10937.223477433801, 57.55496746792759, 5702.95733262589, 978.5971851890362, 3425.38516411986, 2457.4147480006804) 

313263 : 

x <- c(124.14913859906797, 10786.43779475039, 2290.366796972355, 2689.2290110993576, 582.8469426863098, 405.7091568133123, 435.0468516150881, 3738.3714620115366, 165.32242336108305, 446.99360328156166, 2414.958104392544, 5349.784819630529, 66.29579919431986, 9772.860027091638, 3464.237885821612, 2290.366796972355, 1611.3980861782998, 83.58024566256923, 832.7712798690932, 632.1313891545592, 1532.1136397100504, 66.29579919431986, 3617.087015543287, 7079.913730781272, 355.61574455158683, 10172.291134155139, 2485.7979040358564, 5454.971188797871, 1532.1136397100504) 

342394 : 

x <- c(208.33964790725724, 10107.726400020349, 2002.1343438939496, 2385.1405796947256, 732.3071966901541, 534.3858036516311, 318.11723797335554, 4112.28297174707, 94.88896172013379, 587.4955144685855, 2734.007634421848, 5836.171842732303, 133.43430365768853, 9106.115163176608, 3093.9954796602997, 2001.5814196208908, 1863.50022156504, 150.23021977848302, 661.4381641822997, 796.8204584616399, 1788.078663961135, 129.3265996612919, 4018.9059577896455, 7660.555776870757, 233.97396910113056, 9472.965853743894, 2165.1349034601735, 4988.288202069943, 1783.0307464376024) 

370383 : 

x <- c(145.65571901244826, 10594.833762229464, 2202.5383672716184, 2593.988038340031, 628.4442880400899, 443.8939591085079, 397.25308755979194, 3852.5348306572237, 142.353745422956, 487.0315413414034, 2506.8838438624775, 5486.18581745197, 82.24297231376173, 9590.521673393941, 3356.0249627097623, 2202.538367271613, 1686.6456037664182, 101.38055454665724, 780.1524296966278, 679.5818702729854, 1605.5080215335227, 82.24297231376173, 3729.397248424328, 7236.699222013821, 321.52825202558296, 9986.24650892815, 2394.263202805822, 5318.96122921633, 1605.5080215335227) 

398115 : 

x <- c(3.7338369323374714, 12784.301644443269, 3256.7207990466413, 3729.2622880035433, 222.9739978224059, 119.51548677930785, 904.0657485875529, 2696.965224971063, 486.982770673749, 142.38011454008236, 1594.5896918417686, 4087.3407581003644, 1.1399536500137202, 11678.624783247142, 4633.209893678121, 3256.7207990466413, 956.808041994798, 0.004581410788230787, 1449.1487265013525, 253.8386255831804, 895.9434142340269, 1.139953650013599, 2594.100597210294, 5614.851663468877, 787.7950041091019, 12114.895527725592, 3488.9915435250923, 6900.240477266494, 895.9434142340269) 

421685 : 

x <- c(196.0, 10201.0, 2025.0, 2401.0, 729.0, 529.0, 324.0, 4096.0, 100.0, 576.0, 2704.0, 5776.0, 121.0, 9216.0, 3136.0, 2025.0, 1849.0, 144.0, 676.0, 784.0, 1764.0, 121.0, 3969.0, 7569.0, 256.0, 9604.0, 2209.0, 5041.0, 1764.0) 

441755 : 

x <- c(196.0, 10201.0, 2025.0, 2401.0, 729.0, 529.0, 324.0, 4096.0, 100.0, 576.0, 2704.0, 5776.0, 121.0, 9216.0, 3136.0, 2025.0, 1849.0, 144.0, 676.0, 784.0, 1764.0, 121.0, 3969.0, 7569.0, 256.0, 9604.0, 2209.0, 5041.0, 1764.0) 

461538 : 

x <- c(16889.04591098442, 1670.116592749397, 1384.2627159020108, 3492.8059715261647, 383.72124116013333, 142.10282671556402, 781.1533578111117, 2785.441338051353, 0.6971761671396902, 719.7508107409484, 5218.09315490643, 25652.01667106063, 58791.318927404565, 25601.94642415878, 212.88580453089645, 1234.1191069215242, 1114.4127834770516, 419.1501774175332, 69.8122297364738, 791.6941623395862, 3764.9365885600087, 6195.50589150704, 21656.792461242312, 84168.52953127166, 144977.15108492368, 69694.79897362393, 10133.472869584, 10.813995812366322, 1733.5769724003421) 

481840 : 

x <- c(105.00720158294985, 10973.127704506775, 2376.8255465612597, 2782.8471292716595, 540.4370577741671, 370.45864048456144, 473.17986326610094, 3629.737417703019, 189.13669784531317, 409.95324480696513, 2327.802165834208, 5219.672669571844, 52.52338861574362, 9950.600726118782, 3570.384899014843, 2376.8255465612597, 1540.3507269325942, 68.01799293814679, 885.2230286868887, 587.9316620965712, 1462.8561226101926, 52.52338861574527, 3510.2428133806247, 6930.113317118262, 390.169071910904, 10353.611517474003, 2575.8363379164566, 5587.96583417882, 1462.8561226101883) 

502974 : 

x <- c(304.7279597281519, 9469.99075357306, 1846.484139390063, 2276.1429621094994, 755.5482290448696, 572.6525622315875, 278.6407423100164, 4226.583910717894, 63.01068144660588, 670.7078463174788, 2947.592680558399, 6263.89505273611, 236.8988153351312, 8359.085115515443, 2809.3040267165643, 1842.2570709208226, 1966.0598584507259, 197.28080892962993, 564.4177064255283, 888.9941634289634, 1960.3050434718677, 195.00231195427236, 4375.130961386081, 8313.474849831584, 108.04659768439485, 8585.323197005111, 1871.8311409063501, 4628.853368692698, 1918.4050142351932) 

523084 : 

x <- c(110.4352561041435, 10918.407112306642, 2351.3947301558605, 2755.3241860237736, 552.6645245334262, 380.5939804013392, 461.87090304744765, 3661.317057755231, 182.01199131162164, 420.61161643436094, 2353.10542535897, 5257.528690151492, 56.382348005076565, 9898.49529247175, 3539.2007337926216, 2351.3947301558605, 1560.946701061774, 72.39998403810002, 869.7298147832737, 600.6821605664479, 1482.9290650287523, 56.38234800507827, 3541.299421722209, 6973.722686514731, 379.90617511349114, 10300.460020405731, 2549.359458089817, 5548.936193297295, 1482.9290650287523) 

540763 : 

x <- c(578.0547633631135, 7625.109245187086, 924.9525009093221, 1678.5131573652004, 1030.992243410796, 621.4116048155245, 205.03687761289396, 4785.040208610748, 35.93430840130003, 1034.2767161170293, 3541.559307959189, 7236.736901380172, 549.6541034828906, 6181.355258409313, 1436.9790861918395, 1098.229842323263, 2624.00984039917, 299.42216262276264, 320.57986847187675, 1359.7111393463904, 2419.3035133988233, 400.1638349673151, 5584.664776642048, 9889.248974798773, 0.28567100896909325, 5748.32789274313, 668.5535293707692, 3160.4950494512836, 2886.9789583422084) 

555900 : 

x <- c(196.0, 10201.0, 2025.0, 2401.0, 729.0, 529.0, 324.0, 4096.0, 100.0, 576.0, 2704.0, 5776.0, 121.0, 9216.0, 3136.0, 2025.0, 1849.0, 144.0, 676.0, 784.0, 1764.0, 121.0, 3969.0, 7569.0, 256.0, 9604.0, 2209.0, 5041.0, 1764.0) 

571647 : 

x <- c(714.9965798949111, 7641.227069536905, 1407.8082547253846, 1957.315577610695, 829.198347012027, 698.453845277236, 173.74132943698714, 4587.4324430176775, 5.759265851834969, 960.7230848143381, 3653.793925016161, 7672.120676390553, 739.065109433667, 6264.590546665038, 2020.8185156239713, 1394.2296783597674, 2298.2269648955653, 381.7995238905661, 314.5219050205765, 1203.6197554441821, 2538.764967885783, 480.73022592447575, 5563.763968002511, 10485.708065602425, 21.715016132130337, 6132.057365157727, 1104.414119682387, 3608.9382190830484, 2365.145492608058) 

586917 : 

x <- c(196.0, 10201.0, 2025.0, 2401.0, 729.0, 529.0, 324.0, 4096.0, 100.0, 576.0, 2704.0, 5776.0, 121.0, 9216.0, 3136.0, 2025.0, 1849.0, 144.0, 676.0, 784.0, 1764.0, 121.0, 3969.0, 7569.0, 256.0, 9604.0, 2209.0, 5041.0, 1764.0) 

603506 : 

x <- c(91.0292370450302, 11121.616641455474, 2446.200166264301, 2857.872771635099, 508.09326958993665, 343.76587496073466, 504.41008001141427, 3545.121669910055, 209.06486926981825, 381.84772361803516, 2260.139486022449, 5118.103853797661, 42.78369107312871, 10092.025884741952, 3655.2998310339954, 2446.200166264301, 1485.4028481067446, 56.865539730429205, 927.7552907530103, 554.1751182472372, 1409.3209994494441, 42.78369107312871, 3427.039821252755, 6813.004189027985, 418.5737773260106, 10497.862187427374, 2648.0364689497, 5694.072101174488, 1409.3209994494441) 

618214 : 

x <- c(196.0, 10201.0, 2025.0, 2401.0, 729.0, 529.0, 324.0, 4096.0, 100.0, 576.0, 2704.0, 5776.0, 121.0, 9216.0, 3136.0, 2025.0, 1849.0, 144.0, 676.0, 784.0, 1764.0, 121.0, 3969.0, 7569.0, 256.0, 9604.0, 2209.0, 5041.0, 1764.0) 

632054 : 

x <- c(196.0, 10201.0, 2025.0, 2401.0, 729.0, 529.0, 324.0, 4096.0, 100.0, 576.0, 2704.0, 5776.0, 121.0, 9216.0, 3136.0, 2025.0, 1849.0, 144.0, 676.0, 784.0, 1764.0, 121.0, 3969.0, 7569.0, 256.0, 9604.0, 2209.0, 5041.0, 1764.0) 

643084 : 

x <- c(198.939740613326, 10179.881745070561, 2015.596942900081, 2390.7601430551153, 734.6593401094647, 533.8225402644989, 320.24534185359994, 4109.399738675398, 97.91894154353147, 581.0317402257404, 2714.889339140501, 5791.910138210295, 123.31214072960168, 9195.927744876746, 3124.2957433264255, 2015.596942900081, 1858.0065394893277, 146.52134069084312, 670.5717421636684, 789.8685400707061, 1772.7973395280862, 123.31214072960168, 3982.1905387141564, 7587.211337783951, 252.66374177607923, 9583.509344954286, 2199.178542977598, 5026.157743907804, 1772.7973395280862) 

654186 : 

x <- c(343.12130428340157, 9249.803963141743, 1793.0366336115906, 2238.2706583487875, 763.8400899288126, 586.4785038911197, 265.3281426587679, 4267.311586127416, 53.30935298228414, 701.4014748989587, 3024.9163589931104, 6418.513222896176, 280.4708153533384, 8102.984463622309, 2712.0760364836915, 1787.5862651854002, 2002.9242363536227, 215.4203654448816, 532.0019367702499, 922.7402937289413, 2022.99985623577, 221.39850353518318, 4504.506996626601, 8550.361872260948, 75.06552169547312, 8282.37215870663, 1773.3779572140231, 4505.166106593801, 1967.3812530929629) 

666195 : 

x <- c(275.8617278680884, 9646.687965633899, 1889.4864174854158, 2306.4440163882864, 748.9958269420902, 561.7907453499172, 289.4445132831054, 4194.3808294163755, 71.29197215783378, 646.8229437744529, 2886.902441507646, 6142.454308847711, 204.9166109697642, 8565.295161359425, 2887.7333471051447, 1886.2582320988129, 1937.0294571860923, 183.4442642105969, 590.8422033989564, 862.6438778896453, 1911.2215388503294, 175.23405154442116, 4273.735213196632, 8127.731368850752, 138.50370484380048, 8829.775561393435, 1951.9082465406375, 4728.267665268771, 1879.952315151509) 



