med: 26540.505968133908/desvio: 33.331108372511814


Funcoes: 

1 : Expressao: (X1)
2 : Expressao: (X1)
3 : Expressao: (X1)
4 : Expressao: (X1)
5 : Expressao: (X1)
6 : Expressao: (X1)
7 : Expressao: (X1)
8 : Expressao: (X1)
9 : Expressao: (X1)
10 : Expressao: (X1)
11 : Expressao: (X1)
12 : Expressao: (X1)
13 : Expressao: (X1)
14 : Expressao: (X1)
15 : Expressao: (X1)
16 : Expressao: (X1)
17 : Expressao: (X1)
18 : Expressao: (X1)
19 : Expressao: (X1)
20 : Expressao: (X1)
21 : Expressao: (X1)
22 : Expressao: (X1)
23 : Expressao: (X1)
24 : Expressao: (X1)
25 : Expressao: (X1)
26 : Expressao: (X1)
27 : Expressao: (((0.5587221863954187*X1)/0.5689802490771401))
28 : Expressao: (X1)
29 : Expressao: (X1)
30 : Expressao: (X1)
Erros: 

1 : 

x <- c(8.70489E7, 2.1049744E9, 1.3053769E9, 4.94209E7, 9.998244E8, 1.1082241E9, 5.308416E8, 1.0725625E9, 6100900.0, 5.673924E8, 7.95664E7, 4.734976E8, 3.606201E8, 1.1999296E9, 1.6443025E9, 3.89376E7, 2.6368225E9, 6.806881E8, 1.962801E8, 5.262436E8, 2.244004E8, 1.896129E8, 9.35089E7, 2.663424E8, 3.048516E8, 9.126441E8, 8.779369E8, 4.293184E8, 1.2845056E9, 8.844676E8, 4.613904E8, 4.5796E8, 3.444736E8, 4.511376E8, 1.075369E8, 2.742336E8, 1.014049E8, 1.6008001E9, 1.0297681E9, 6.98896E7, 8.667136E8, 9.431041E8, 1.879641E8, 9.096256E8, 1.737124E8, 1.1909401E9, 9610000.0, 3.24E8, 8.87364E7, 8.862529E8, 1.0923025E9, 4.95616E7, 1.1553201E9, 5.621641E8, 3.790809E8, 1.7397241E9, 4.950625E8, 1.11556E9, 3.51649E7, 6.492304E8, 2.782224E8, 2.2259524E9, 1.4531344E9, 7398400.0, 1.9377604E9, 1.59201E9, 1.674436E8, 1.9421649E9, 2.292196E8, 1.38384E9, 2.34256E7, 2.839225E8, 1.648656E8, 1.6573041E9, 1.7598025E9, 4243600.0, 2.1613201E9, 1.4531344E9, 1.669264E8, 7.080921E8, 8.06404E7, 6.066369E8, 1.27449E7, 1.503076E8, 6.285049E8, 8.433216E8, 2.0930625E9, 3.88129E7, 2.1261321E9, 7.745089E8, 1.179396E8, 2.719201E8, 4.756761E8, 8.2944E8, 3.38724E7, 3.790809E8, 1.183744E8, 9.928801E8) 

2 : 

x <- c(8.70489E7, 2.1049744E9, 1.3053769E9, 4.94209E7, 9.998244E8, 1.1082241E9, 5.308416E8, 1.0725625E9, 6100900.0, 5.673924E8, 7.95664E7, 4.734976E8, 3.606201E8, 1.1999296E9, 1.6443025E9, 3.89376E7, 2.6368225E9, 6.806881E8, 1.962801E8, 5.262436E8, 2.244004E8, 1.896129E8, 9.35089E7, 2.663424E8, 3.048516E8, 9.126441E8, 8.779369E8, 4.293184E8, 1.2845056E9, 8.844676E8, 4.613904E8, 4.5796E8, 3.444736E8, 4.511376E8, 1.075369E8, 2.742336E8, 1.014049E8, 1.6008001E9, 1.0297681E9, 6.98896E7, 8.667136E8, 9.431041E8, 1.879641E8, 9.096256E8, 1.737124E8, 1.1909401E9, 9610000.0, 3.24E8, 8.87364E7, 8.862529E8, 1.0923025E9, 4.95616E7, 1.1553201E9, 5.621641E8, 3.790809E8, 1.7397241E9, 4.950625E8, 1.11556E9, 3.51649E7, 6.492304E8, 2.782224E8, 2.2259524E9, 1.4531344E9, 7398400.0, 1.9377604E9, 1.59201E9, 1.674436E8, 1.9421649E9, 2.292196E8, 1.38384E9, 2.34256E7, 2.839225E8, 1.648656E8, 1.6573041E9, 1.7598025E9, 4243600.0, 2.1613201E9, 1.4531344E9, 1.669264E8, 7.080921E8, 8.06404E7, 6.066369E8, 1.27449E7, 1.503076E8, 6.285049E8, 8.433216E8, 2.0930625E9, 3.88129E7, 2.1261321E9, 7.745089E8, 1.179396E8, 2.719201E8, 4.756761E8, 8.2944E8, 3.38724E7, 3.790809E8, 1.183744E8, 9.928801E8) 

3 : 

x <- c(8.70489E7, 2.1049744E9, 1.3053769E9, 4.94209E7, 9.998244E8, 1.1082241E9, 5.308416E8, 1.0725625E9, 6100900.0, 5.673924E8, 7.95664E7, 4.734976E8, 3.606201E8, 1.1999296E9, 1.6443025E9, 3.89376E7, 2.6368225E9, 6.806881E8, 1.962801E8, 5.262436E8, 2.244004E8, 1.896129E8, 9.35089E7, 2.663424E8, 3.048516E8, 9.126441E8, 8.779369E8, 4.293184E8, 1.2845056E9, 8.844676E8, 4.613904E8, 4.5796E8, 3.444736E8, 4.511376E8, 1.075369E8, 2.742336E8, 1.014049E8, 1.6008001E9, 1.0297681E9, 6.98896E7, 8.667136E8, 9.431041E8, 1.879641E8, 9.096256E8, 1.737124E8, 1.1909401E9, 9610000.0, 3.24E8, 8.87364E7, 8.862529E8, 1.0923025E9, 4.95616E7, 1.1553201E9, 5.621641E8, 3.790809E8, 1.7397241E9, 4.950625E8, 1.11556E9, 3.51649E7, 6.492304E8, 2.782224E8, 2.2259524E9, 1.4531344E9, 7398400.0, 1.9377604E9, 1.59201E9, 1.674436E8, 1.9421649E9, 2.292196E8, 1.38384E9, 2.34256E7, 2.839225E8, 1.648656E8, 1.6573041E9, 1.7598025E9, 4243600.0, 2.1613201E9, 1.4531344E9, 1.669264E8, 7.080921E8, 8.06404E7, 6.066369E8, 1.27449E7, 1.503076E8, 6.285049E8, 8.433216E8, 2.0930625E9, 3.88129E7, 2.1261321E9, 7.745089E8, 1.179396E8, 2.719201E8, 4.756761E8, 8.2944E8, 3.38724E7, 3.790809E8, 1.183744E8, 9.928801E8) 

4 : 

x <- c(8.70489E7, 2.1049744E9, 1.3053769E9, 4.94209E7, 9.998244E8, 1.1082241E9, 5.308416E8, 1.0725625E9, 6100900.0, 5.673924E8, 7.95664E7, 4.734976E8, 3.606201E8, 1.1999296E9, 1.6443025E9, 3.89376E7, 2.6368225E9, 6.806881E8, 1.962801E8, 5.262436E8, 2.244004E8, 1.896129E8, 9.35089E7, 2.663424E8, 3.048516E8, 9.126441E8, 8.779369E8, 4.293184E8, 1.2845056E9, 8.844676E8, 4.613904E8, 4.5796E8, 3.444736E8, 4.511376E8, 1.075369E8, 2.742336E8, 1.014049E8, 1.6008001E9, 1.0297681E9, 6.98896E7, 8.667136E8, 9.431041E8, 1.879641E8, 9.096256E8, 1.737124E8, 1.1909401E9, 9610000.0, 3.24E8, 8.87364E7, 8.862529E8, 1.0923025E9, 4.95616E7, 1.1553201E9, 5.621641E8, 3.790809E8, 1.7397241E9, 4.950625E8, 1.11556E9, 3.51649E7, 6.492304E8, 2.782224E8, 2.2259524E9, 1.4531344E9, 7398400.0, 1.9377604E9, 1.59201E9, 1.674436E8, 1.9421649E9, 2.292196E8, 1.38384E9, 2.34256E7, 2.839225E8, 1.648656E8, 1.6573041E9, 1.7598025E9, 4243600.0, 2.1613201E9, 1.4531344E9, 1.669264E8, 7.080921E8, 8.06404E7, 6.066369E8, 1.27449E7, 1.503076E8, 6.285049E8, 8.433216E8, 2.0930625E9, 3.88129E7, 2.1261321E9, 7.745089E8, 1.179396E8, 2.719201E8, 4.756761E8, 8.2944E8, 3.38724E7, 3.790809E8, 1.183744E8, 9.928801E8) 

5 : 

x <- c(8.70489E7, 2.1049744E9, 1.3053769E9, 4.94209E7, 9.998244E8, 1.1082241E9, 5.308416E8, 1.0725625E9, 6100900.0, 5.673924E8, 7.95664E7, 4.734976E8, 3.606201E8, 1.1999296E9, 1.6443025E9, 3.89376E7, 2.6368225E9, 6.806881E8, 1.962801E8, 5.262436E8, 2.244004E8, 1.896129E8, 9.35089E7, 2.663424E8, 3.048516E8, 9.126441E8, 8.779369E8, 4.293184E8, 1.2845056E9, 8.844676E8, 4.613904E8, 4.5796E8, 3.444736E8, 4.511376E8, 1.075369E8, 2.742336E8, 1.014049E8, 1.6008001E9, 1.0297681E9, 6.98896E7, 8.667136E8, 9.431041E8, 1.879641E8, 9.096256E8, 1.737124E8, 1.1909401E9, 9610000.0, 3.24E8, 8.87364E7, 8.862529E8, 1.0923025E9, 4.95616E7, 1.1553201E9, 5.621641E8, 3.790809E8, 1.7397241E9, 4.950625E8, 1.11556E9, 3.51649E7, 6.492304E8, 2.782224E8, 2.2259524E9, 1.4531344E9, 7398400.0, 1.9377604E9, 1.59201E9, 1.674436E8, 1.9421649E9, 2.292196E8, 1.38384E9, 2.34256E7, 2.839225E8, 1.648656E8, 1.6573041E9, 1.7598025E9, 4243600.0, 2.1613201E9, 1.4531344E9, 1.669264E8, 7.080921E8, 8.06404E7, 6.066369E8, 1.27449E7, 1.503076E8, 6.285049E8, 8.433216E8, 2.0930625E9, 3.88129E7, 2.1261321E9, 7.745089E8, 1.179396E8, 2.719201E8, 4.756761E8, 8.2944E8, 3.38724E7, 3.790809E8, 1.183744E8, 9.928801E8) 

6 : 

x <- c(8.70489E7, 2.1049744E9, 1.3053769E9, 4.94209E7, 9.998244E8, 1.1082241E9, 5.308416E8, 1.0725625E9, 6100900.0, 5.673924E8, 7.95664E7, 4.734976E8, 3.606201E8, 1.1999296E9, 1.6443025E9, 3.89376E7, 2.6368225E9, 6.806881E8, 1.962801E8, 5.262436E8, 2.244004E8, 1.896129E8, 9.35089E7, 2.663424E8, 3.048516E8, 9.126441E8, 8.779369E8, 4.293184E8, 1.2845056E9, 8.844676E8, 4.613904E8, 4.5796E8, 3.444736E8, 4.511376E8, 1.075369E8, 2.742336E8, 1.014049E8, 1.6008001E9, 1.0297681E9, 6.98896E7, 8.667136E8, 9.431041E8, 1.879641E8, 9.096256E8, 1.737124E8, 1.1909401E9, 9610000.0, 3.24E8, 8.87364E7, 8.862529E8, 1.0923025E9, 4.95616E7, 1.1553201E9, 5.621641E8, 3.790809E8, 1.7397241E9, 4.950625E8, 1.11556E9, 3.51649E7, 6.492304E8, 2.782224E8, 2.2259524E9, 1.4531344E9, 7398400.0, 1.9377604E9, 1.59201E9, 1.674436E8, 1.9421649E9, 2.292196E8, 1.38384E9, 2.34256E7, 2.839225E8, 1.648656E8, 1.6573041E9, 1.7598025E9, 4243600.0, 2.1613201E9, 1.4531344E9, 1.669264E8, 7.080921E8, 8.06404E7, 6.066369E8, 1.27449E7, 1.503076E8, 6.285049E8, 8.433216E8, 2.0930625E9, 3.88129E7, 2.1261321E9, 7.745089E8, 1.179396E8, 2.719201E8, 4.756761E8, 8.2944E8, 3.38724E7, 3.790809E8, 1.183744E8, 9.928801E8) 

7 : 

x <- c(8.70489E7, 2.1049744E9, 1.3053769E9, 4.94209E7, 9.998244E8, 1.1082241E9, 5.308416E8, 1.0725625E9, 6100900.0, 5.673924E8, 7.95664E7, 4.734976E8, 3.606201E8, 1.1999296E9, 1.6443025E9, 3.89376E7, 2.6368225E9, 6.806881E8, 1.962801E8, 5.262436E8, 2.244004E8, 1.896129E8, 9.35089E7, 2.663424E8, 3.048516E8, 9.126441E8, 8.779369E8, 4.293184E8, 1.2845056E9, 8.844676E8, 4.613904E8, 4.5796E8, 3.444736E8, 4.511376E8, 1.075369E8, 2.742336E8, 1.014049E8, 1.6008001E9, 1.0297681E9, 6.98896E7, 8.667136E8, 9.431041E8, 1.879641E8, 9.096256E8, 1.737124E8, 1.1909401E9, 9610000.0, 3.24E8, 8.87364E7, 8.862529E8, 1.0923025E9, 4.95616E7, 1.1553201E9, 5.621641E8, 3.790809E8, 1.7397241E9, 4.950625E8, 1.11556E9, 3.51649E7, 6.492304E8, 2.782224E8, 2.2259524E9, 1.4531344E9, 7398400.0, 1.9377604E9, 1.59201E9, 1.674436E8, 1.9421649E9, 2.292196E8, 1.38384E9, 2.34256E7, 2.839225E8, 1.648656E8, 1.6573041E9, 1.7598025E9, 4243600.0, 2.1613201E9, 1.4531344E9, 1.669264E8, 7.080921E8, 8.06404E7, 6.066369E8, 1.27449E7, 1.503076E8, 6.285049E8, 8.433216E8, 2.0930625E9, 3.88129E7, 2.1261321E9, 7.745089E8, 1.179396E8, 2.719201E8, 4.756761E8, 8.2944E8, 3.38724E7, 3.790809E8, 1.183744E8, 9.928801E8) 

8 : 

x <- c(8.70489E7, 2.1049744E9, 1.3053769E9, 4.94209E7, 9.998244E8, 1.1082241E9, 5.308416E8, 1.0725625E9, 6100900.0, 5.673924E8, 7.95664E7, 4.734976E8, 3.606201E8, 1.1999296E9, 1.6443025E9, 3.89376E7, 2.6368225E9, 6.806881E8, 1.962801E8, 5.262436E8, 2.244004E8, 1.896129E8, 9.35089E7, 2.663424E8, 3.048516E8, 9.126441E8, 8.779369E8, 4.293184E8, 1.2845056E9, 8.844676E8, 4.613904E8, 4.5796E8, 3.444736E8, 4.511376E8, 1.075369E8, 2.742336E8, 1.014049E8, 1.6008001E9, 1.0297681E9, 6.98896E7, 8.667136E8, 9.431041E8, 1.879641E8, 9.096256E8, 1.737124E8, 1.1909401E9, 9610000.0, 3.24E8, 8.87364E7, 8.862529E8, 1.0923025E9, 4.95616E7, 1.1553201E9, 5.621641E8, 3.790809E8, 1.7397241E9, 4.950625E8, 1.11556E9, 3.51649E7, 6.492304E8, 2.782224E8, 2.2259524E9, 1.4531344E9, 7398400.0, 1.9377604E9, 1.59201E9, 1.674436E8, 1.9421649E9, 2.292196E8, 1.38384E9, 2.34256E7, 2.839225E8, 1.648656E8, 1.6573041E9, 1.7598025E9, 4243600.0, 2.1613201E9, 1.4531344E9, 1.669264E8, 7.080921E8, 8.06404E7, 6.066369E8, 1.27449E7, 1.503076E8, 6.285049E8, 8.433216E8, 2.0930625E9, 3.88129E7, 2.1261321E9, 7.745089E8, 1.179396E8, 2.719201E8, 4.756761E8, 8.2944E8, 3.38724E7, 3.790809E8, 1.183744E8, 9.928801E8) 

9 : 

x <- c(8.70489E7, 2.1049744E9, 1.3053769E9, 4.94209E7, 9.998244E8, 1.1082241E9, 5.308416E8, 1.0725625E9, 6100900.0, 5.673924E8, 7.95664E7, 4.734976E8, 3.606201E8, 1.1999296E9, 1.6443025E9, 3.89376E7, 2.6368225E9, 6.806881E8, 1.962801E8, 5.262436E8, 2.244004E8, 1.896129E8, 9.35089E7, 2.663424E8, 3.048516E8, 9.126441E8, 8.779369E8, 4.293184E8, 1.2845056E9, 8.844676E8, 4.613904E8, 4.5796E8, 3.444736E8, 4.511376E8, 1.075369E8, 2.742336E8, 1.014049E8, 1.6008001E9, 1.0297681E9, 6.98896E7, 8.667136E8, 9.431041E8, 1.879641E8, 9.096256E8, 1.737124E8, 1.1909401E9, 9610000.0, 3.24E8, 8.87364E7, 8.862529E8, 1.0923025E9, 4.95616E7, 1.1553201E9, 5.621641E8, 3.790809E8, 1.7397241E9, 4.950625E8, 1.11556E9, 3.51649E7, 6.492304E8, 2.782224E8, 2.2259524E9, 1.4531344E9, 7398400.0, 1.9377604E9, 1.59201E9, 1.674436E8, 1.9421649E9, 2.292196E8, 1.38384E9, 2.34256E7, 2.839225E8, 1.648656E8, 1.6573041E9, 1.7598025E9, 4243600.0, 2.1613201E9, 1.4531344E9, 1.669264E8, 7.080921E8, 8.06404E7, 6.066369E8, 1.27449E7, 1.503076E8, 6.285049E8, 8.433216E8, 2.0930625E9, 3.88129E7, 2.1261321E9, 7.745089E8, 1.179396E8, 2.719201E8, 4.756761E8, 8.2944E8, 3.38724E7, 3.790809E8, 1.183744E8, 9.928801E8) 

10 : 

x <- c(8.70489E7, 2.1049744E9, 1.3053769E9, 4.94209E7, 9.998244E8, 1.1082241E9, 5.308416E8, 1.0725625E9, 6100900.0, 5.673924E8, 7.95664E7, 4.734976E8, 3.606201E8, 1.1999296E9, 1.6443025E9, 3.89376E7, 2.6368225E9, 6.806881E8, 1.962801E8, 5.262436E8, 2.244004E8, 1.896129E8, 9.35089E7, 2.663424E8, 3.048516E8, 9.126441E8, 8.779369E8, 4.293184E8, 1.2845056E9, 8.844676E8, 4.613904E8, 4.5796E8, 3.444736E8, 4.511376E8, 1.075369E8, 2.742336E8, 1.014049E8, 1.6008001E9, 1.0297681E9, 6.98896E7, 8.667136E8, 9.431041E8, 1.879641E8, 9.096256E8, 1.737124E8, 1.1909401E9, 9610000.0, 3.24E8, 8.87364E7, 8.862529E8, 1.0923025E9, 4.95616E7, 1.1553201E9, 5.621641E8, 3.790809E8, 1.7397241E9, 4.950625E8, 1.11556E9, 3.51649E7, 6.492304E8, 2.782224E8, 2.2259524E9, 1.4531344E9, 7398400.0, 1.9377604E9, 1.59201E9, 1.674436E8, 1.9421649E9, 2.292196E8, 1.38384E9, 2.34256E7, 2.839225E8, 1.648656E8, 1.6573041E9, 1.7598025E9, 4243600.0, 2.1613201E9, 1.4531344E9, 1.669264E8, 7.080921E8, 8.06404E7, 6.066369E8, 1.27449E7, 1.503076E8, 6.285049E8, 8.433216E8, 2.0930625E9, 3.88129E7, 2.1261321E9, 7.745089E8, 1.179396E8, 2.719201E8, 4.756761E8, 8.2944E8, 3.38724E7, 3.790809E8, 1.183744E8, 9.928801E8) 

11 : 

x <- c(8.70489E7, 2.1049744E9, 1.3053769E9, 4.94209E7, 9.998244E8, 1.1082241E9, 5.308416E8, 1.0725625E9, 6100900.0, 5.673924E8, 7.95664E7, 4.734976E8, 3.606201E8, 1.1999296E9, 1.6443025E9, 3.89376E7, 2.6368225E9, 6.806881E8, 1.962801E8, 5.262436E8, 2.244004E8, 1.896129E8, 9.35089E7, 2.663424E8, 3.048516E8, 9.126441E8, 8.779369E8, 4.293184E8, 1.2845056E9, 8.844676E8, 4.613904E8, 4.5796E8, 3.444736E8, 4.511376E8, 1.075369E8, 2.742336E8, 1.014049E8, 1.6008001E9, 1.0297681E9, 6.98896E7, 8.667136E8, 9.431041E8, 1.879641E8, 9.096256E8, 1.737124E8, 1.1909401E9, 9610000.0, 3.24E8, 8.87364E7, 8.862529E8, 1.0923025E9, 4.95616E7, 1.1553201E9, 5.621641E8, 3.790809E8, 1.7397241E9, 4.950625E8, 1.11556E9, 3.51649E7, 6.492304E8, 2.782224E8, 2.2259524E9, 1.4531344E9, 7398400.0, 1.9377604E9, 1.59201E9, 1.674436E8, 1.9421649E9, 2.292196E8, 1.38384E9, 2.34256E7, 2.839225E8, 1.648656E8, 1.6573041E9, 1.7598025E9, 4243600.0, 2.1613201E9, 1.4531344E9, 1.669264E8, 7.080921E8, 8.06404E7, 6.066369E8, 1.27449E7, 1.503076E8, 6.285049E8, 8.433216E8, 2.0930625E9, 3.88129E7, 2.1261321E9, 7.745089E8, 1.179396E8, 2.719201E8, 4.756761E8, 8.2944E8, 3.38724E7, 3.790809E8, 1.183744E8, 9.928801E8) 

12 : 

x <- c(8.70489E7, 2.1049744E9, 1.3053769E9, 4.94209E7, 9.998244E8, 1.1082241E9, 5.308416E8, 1.0725625E9, 6100900.0, 5.673924E8, 7.95664E7, 4.734976E8, 3.606201E8, 1.1999296E9, 1.6443025E9, 3.89376E7, 2.6368225E9, 6.806881E8, 1.962801E8, 5.262436E8, 2.244004E8, 1.896129E8, 9.35089E7, 2.663424E8, 3.048516E8, 9.126441E8, 8.779369E8, 4.293184E8, 1.2845056E9, 8.844676E8, 4.613904E8, 4.5796E8, 3.444736E8, 4.511376E8, 1.075369E8, 2.742336E8, 1.014049E8, 1.6008001E9, 1.0297681E9, 6.98896E7, 8.667136E8, 9.431041E8, 1.879641E8, 9.096256E8, 1.737124E8, 1.1909401E9, 9610000.0, 3.24E8, 8.87364E7, 8.862529E8, 1.0923025E9, 4.95616E7, 1.1553201E9, 5.621641E8, 3.790809E8, 1.7397241E9, 4.950625E8, 1.11556E9, 3.51649E7, 6.492304E8, 2.782224E8, 2.2259524E9, 1.4531344E9, 7398400.0, 1.9377604E9, 1.59201E9, 1.674436E8, 1.9421649E9, 2.292196E8, 1.38384E9, 2.34256E7, 2.839225E8, 1.648656E8, 1.6573041E9, 1.7598025E9, 4243600.0, 2.1613201E9, 1.4531344E9, 1.669264E8, 7.080921E8, 8.06404E7, 6.066369E8, 1.27449E7, 1.503076E8, 6.285049E8, 8.433216E8, 2.0930625E9, 3.88129E7, 2.1261321E9, 7.745089E8, 1.179396E8, 2.719201E8, 4.756761E8, 8.2944E8, 3.38724E7, 3.790809E8, 1.183744E8, 9.928801E8) 

13 : 

x <- c(8.70489E7, 2.1049744E9, 1.3053769E9, 4.94209E7, 9.998244E8, 1.1082241E9, 5.308416E8, 1.0725625E9, 6100900.0, 5.673924E8, 7.95664E7, 4.734976E8, 3.606201E8, 1.1999296E9, 1.6443025E9, 3.89376E7, 2.6368225E9, 6.806881E8, 1.962801E8, 5.262436E8, 2.244004E8, 1.896129E8, 9.35089E7, 2.663424E8, 3.048516E8, 9.126441E8, 8.779369E8, 4.293184E8, 1.2845056E9, 8.844676E8, 4.613904E8, 4.5796E8, 3.444736E8, 4.511376E8, 1.075369E8, 2.742336E8, 1.014049E8, 1.6008001E9, 1.0297681E9, 6.98896E7, 8.667136E8, 9.431041E8, 1.879641E8, 9.096256E8, 1.737124E8, 1.1909401E9, 9610000.0, 3.24E8, 8.87364E7, 8.862529E8, 1.0923025E9, 4.95616E7, 1.1553201E9, 5.621641E8, 3.790809E8, 1.7397241E9, 4.950625E8, 1.11556E9, 3.51649E7, 6.492304E8, 2.782224E8, 2.2259524E9, 1.4531344E9, 7398400.0, 1.9377604E9, 1.59201E9, 1.674436E8, 1.9421649E9, 2.292196E8, 1.38384E9, 2.34256E7, 2.839225E8, 1.648656E8, 1.6573041E9, 1.7598025E9, 4243600.0, 2.1613201E9, 1.4531344E9, 1.669264E8, 7.080921E8, 8.06404E7, 6.066369E8, 1.27449E7, 1.503076E8, 6.285049E8, 8.433216E8, 2.0930625E9, 3.88129E7, 2.1261321E9, 7.745089E8, 1.179396E8, 2.719201E8, 4.756761E8, 8.2944E8, 3.38724E7, 3.790809E8, 1.183744E8, 9.928801E8) 

14 : 

x <- c(8.70489E7, 2.1049744E9, 1.3053769E9, 4.94209E7, 9.998244E8, 1.1082241E9, 5.308416E8, 1.0725625E9, 6100900.0, 5.673924E8, 7.95664E7, 4.734976E8, 3.606201E8, 1.1999296E9, 1.6443025E9, 3.89376E7, 2.6368225E9, 6.806881E8, 1.962801E8, 5.262436E8, 2.244004E8, 1.896129E8, 9.35089E7, 2.663424E8, 3.048516E8, 9.126441E8, 8.779369E8, 4.293184E8, 1.2845056E9, 8.844676E8, 4.613904E8, 4.5796E8, 3.444736E8, 4.511376E8, 1.075369E8, 2.742336E8, 1.014049E8, 1.6008001E9, 1.0297681E9, 6.98896E7, 8.667136E8, 9.431041E8, 1.879641E8, 9.096256E8, 1.737124E8, 1.1909401E9, 9610000.0, 3.24E8, 8.87364E7, 8.862529E8, 1.0923025E9, 4.95616E7, 1.1553201E9, 5.621641E8, 3.790809E8, 1.7397241E9, 4.950625E8, 1.11556E9, 3.51649E7, 6.492304E8, 2.782224E8, 2.2259524E9, 1.4531344E9, 7398400.0, 1.9377604E9, 1.59201E9, 1.674436E8, 1.9421649E9, 2.292196E8, 1.38384E9, 2.34256E7, 2.839225E8, 1.648656E8, 1.6573041E9, 1.7598025E9, 4243600.0, 2.1613201E9, 1.4531344E9, 1.669264E8, 7.080921E8, 8.06404E7, 6.066369E8, 1.27449E7, 1.503076E8, 6.285049E8, 8.433216E8, 2.0930625E9, 3.88129E7, 2.1261321E9, 7.745089E8, 1.179396E8, 2.719201E8, 4.756761E8, 8.2944E8, 3.38724E7, 3.790809E8, 1.183744E8, 9.928801E8) 

15 : 

x <- c(8.70489E7, 2.1049744E9, 1.3053769E9, 4.94209E7, 9.998244E8, 1.1082241E9, 5.308416E8, 1.0725625E9, 6100900.0, 5.673924E8, 7.95664E7, 4.734976E8, 3.606201E8, 1.1999296E9, 1.6443025E9, 3.89376E7, 2.6368225E9, 6.806881E8, 1.962801E8, 5.262436E8, 2.244004E8, 1.896129E8, 9.35089E7, 2.663424E8, 3.048516E8, 9.126441E8, 8.779369E8, 4.293184E8, 1.2845056E9, 8.844676E8, 4.613904E8, 4.5796E8, 3.444736E8, 4.511376E8, 1.075369E8, 2.742336E8, 1.014049E8, 1.6008001E9, 1.0297681E9, 6.98896E7, 8.667136E8, 9.431041E8, 1.879641E8, 9.096256E8, 1.737124E8, 1.1909401E9, 9610000.0, 3.24E8, 8.87364E7, 8.862529E8, 1.0923025E9, 4.95616E7, 1.1553201E9, 5.621641E8, 3.790809E8, 1.7397241E9, 4.950625E8, 1.11556E9, 3.51649E7, 6.492304E8, 2.782224E8, 2.2259524E9, 1.4531344E9, 7398400.0, 1.9377604E9, 1.59201E9, 1.674436E8, 1.9421649E9, 2.292196E8, 1.38384E9, 2.34256E7, 2.839225E8, 1.648656E8, 1.6573041E9, 1.7598025E9, 4243600.0, 2.1613201E9, 1.4531344E9, 1.669264E8, 7.080921E8, 8.06404E7, 6.066369E8, 1.27449E7, 1.503076E8, 6.285049E8, 8.433216E8, 2.0930625E9, 3.88129E7, 2.1261321E9, 7.745089E8, 1.179396E8, 2.719201E8, 4.756761E8, 8.2944E8, 3.38724E7, 3.790809E8, 1.183744E8, 9.928801E8) 

16 : 

x <- c(8.70489E7, 2.1049744E9, 1.3053769E9, 4.94209E7, 9.998244E8, 1.1082241E9, 5.308416E8, 1.0725625E9, 6100900.0, 5.673924E8, 7.95664E7, 4.734976E8, 3.606201E8, 1.1999296E9, 1.6443025E9, 3.89376E7, 2.6368225E9, 6.806881E8, 1.962801E8, 5.262436E8, 2.244004E8, 1.896129E8, 9.35089E7, 2.663424E8, 3.048516E8, 9.126441E8, 8.779369E8, 4.293184E8, 1.2845056E9, 8.844676E8, 4.613904E8, 4.5796E8, 3.444736E8, 4.511376E8, 1.075369E8, 2.742336E8, 1.014049E8, 1.6008001E9, 1.0297681E9, 6.98896E7, 8.667136E8, 9.431041E8, 1.879641E8, 9.096256E8, 1.737124E8, 1.1909401E9, 9610000.0, 3.24E8, 8.87364E7, 8.862529E8, 1.0923025E9, 4.95616E7, 1.1553201E9, 5.621641E8, 3.790809E8, 1.7397241E9, 4.950625E8, 1.11556E9, 3.51649E7, 6.492304E8, 2.782224E8, 2.2259524E9, 1.4531344E9, 7398400.0, 1.9377604E9, 1.59201E9, 1.674436E8, 1.9421649E9, 2.292196E8, 1.38384E9, 2.34256E7, 2.839225E8, 1.648656E8, 1.6573041E9, 1.7598025E9, 4243600.0, 2.1613201E9, 1.4531344E9, 1.669264E8, 7.080921E8, 8.06404E7, 6.066369E8, 1.27449E7, 1.503076E8, 6.285049E8, 8.433216E8, 2.0930625E9, 3.88129E7, 2.1261321E9, 7.745089E8, 1.179396E8, 2.719201E8, 4.756761E8, 8.2944E8, 3.38724E7, 3.790809E8, 1.183744E8, 9.928801E8) 

17 : 

x <- c(8.70489E7, 2.1049744E9, 1.3053769E9, 4.94209E7, 9.998244E8, 1.1082241E9, 5.308416E8, 1.0725625E9, 6100900.0, 5.673924E8, 7.95664E7, 4.734976E8, 3.606201E8, 1.1999296E9, 1.6443025E9, 3.89376E7, 2.6368225E9, 6.806881E8, 1.962801E8, 5.262436E8, 2.244004E8, 1.896129E8, 9.35089E7, 2.663424E8, 3.048516E8, 9.126441E8, 8.779369E8, 4.293184E8, 1.2845056E9, 8.844676E8, 4.613904E8, 4.5796E8, 3.444736E8, 4.511376E8, 1.075369E8, 2.742336E8, 1.014049E8, 1.6008001E9, 1.0297681E9, 6.98896E7, 8.667136E8, 9.431041E8, 1.879641E8, 9.096256E8, 1.737124E8, 1.1909401E9, 9610000.0, 3.24E8, 8.87364E7, 8.862529E8, 1.0923025E9, 4.95616E7, 1.1553201E9, 5.621641E8, 3.790809E8, 1.7397241E9, 4.950625E8, 1.11556E9, 3.51649E7, 6.492304E8, 2.782224E8, 2.2259524E9, 1.4531344E9, 7398400.0, 1.9377604E9, 1.59201E9, 1.674436E8, 1.9421649E9, 2.292196E8, 1.38384E9, 2.34256E7, 2.839225E8, 1.648656E8, 1.6573041E9, 1.7598025E9, 4243600.0, 2.1613201E9, 1.4531344E9, 1.669264E8, 7.080921E8, 8.06404E7, 6.066369E8, 1.27449E7, 1.503076E8, 6.285049E8, 8.433216E8, 2.0930625E9, 3.88129E7, 2.1261321E9, 7.745089E8, 1.179396E8, 2.719201E8, 4.756761E8, 8.2944E8, 3.38724E7, 3.790809E8, 1.183744E8, 9.928801E8) 

18 : 

x <- c(8.70489E7, 2.1049744E9, 1.3053769E9, 4.94209E7, 9.998244E8, 1.1082241E9, 5.308416E8, 1.0725625E9, 6100900.0, 5.673924E8, 7.95664E7, 4.734976E8, 3.606201E8, 1.1999296E9, 1.6443025E9, 3.89376E7, 2.6368225E9, 6.806881E8, 1.962801E8, 5.262436E8, 2.244004E8, 1.896129E8, 9.35089E7, 2.663424E8, 3.048516E8, 9.126441E8, 8.779369E8, 4.293184E8, 1.2845056E9, 8.844676E8, 4.613904E8, 4.5796E8, 3.444736E8, 4.511376E8, 1.075369E8, 2.742336E8, 1.014049E8, 1.6008001E9, 1.0297681E9, 6.98896E7, 8.667136E8, 9.431041E8, 1.879641E8, 9.096256E8, 1.737124E8, 1.1909401E9, 9610000.0, 3.24E8, 8.87364E7, 8.862529E8, 1.0923025E9, 4.95616E7, 1.1553201E9, 5.621641E8, 3.790809E8, 1.7397241E9, 4.950625E8, 1.11556E9, 3.51649E7, 6.492304E8, 2.782224E8, 2.2259524E9, 1.4531344E9, 7398400.0, 1.9377604E9, 1.59201E9, 1.674436E8, 1.9421649E9, 2.292196E8, 1.38384E9, 2.34256E7, 2.839225E8, 1.648656E8, 1.6573041E9, 1.7598025E9, 4243600.0, 2.1613201E9, 1.4531344E9, 1.669264E8, 7.080921E8, 8.06404E7, 6.066369E8, 1.27449E7, 1.503076E8, 6.285049E8, 8.433216E8, 2.0930625E9, 3.88129E7, 2.1261321E9, 7.745089E8, 1.179396E8, 2.719201E8, 4.756761E8, 8.2944E8, 3.38724E7, 3.790809E8, 1.183744E8, 9.928801E8) 

19 : 

x <- c(8.70489E7, 2.1049744E9, 1.3053769E9, 4.94209E7, 9.998244E8, 1.1082241E9, 5.308416E8, 1.0725625E9, 6100900.0, 5.673924E8, 7.95664E7, 4.734976E8, 3.606201E8, 1.1999296E9, 1.6443025E9, 3.89376E7, 2.6368225E9, 6.806881E8, 1.962801E8, 5.262436E8, 2.244004E8, 1.896129E8, 9.35089E7, 2.663424E8, 3.048516E8, 9.126441E8, 8.779369E8, 4.293184E8, 1.2845056E9, 8.844676E8, 4.613904E8, 4.5796E8, 3.444736E8, 4.511376E8, 1.075369E8, 2.742336E8, 1.014049E8, 1.6008001E9, 1.0297681E9, 6.98896E7, 8.667136E8, 9.431041E8, 1.879641E8, 9.096256E8, 1.737124E8, 1.1909401E9, 9610000.0, 3.24E8, 8.87364E7, 8.862529E8, 1.0923025E9, 4.95616E7, 1.1553201E9, 5.621641E8, 3.790809E8, 1.7397241E9, 4.950625E8, 1.11556E9, 3.51649E7, 6.492304E8, 2.782224E8, 2.2259524E9, 1.4531344E9, 7398400.0, 1.9377604E9, 1.59201E9, 1.674436E8, 1.9421649E9, 2.292196E8, 1.38384E9, 2.34256E7, 2.839225E8, 1.648656E8, 1.6573041E9, 1.7598025E9, 4243600.0, 2.1613201E9, 1.4531344E9, 1.669264E8, 7.080921E8, 8.06404E7, 6.066369E8, 1.27449E7, 1.503076E8, 6.285049E8, 8.433216E8, 2.0930625E9, 3.88129E7, 2.1261321E9, 7.745089E8, 1.179396E8, 2.719201E8, 4.756761E8, 8.2944E8, 3.38724E7, 3.790809E8, 1.183744E8, 9.928801E8) 

20 : 

x <- c(8.70489E7, 2.1049744E9, 1.3053769E9, 4.94209E7, 9.998244E8, 1.1082241E9, 5.308416E8, 1.0725625E9, 6100900.0, 5.673924E8, 7.95664E7, 4.734976E8, 3.606201E8, 1.1999296E9, 1.6443025E9, 3.89376E7, 2.6368225E9, 6.806881E8, 1.962801E8, 5.262436E8, 2.244004E8, 1.896129E8, 9.35089E7, 2.663424E8, 3.048516E8, 9.126441E8, 8.779369E8, 4.293184E8, 1.2845056E9, 8.844676E8, 4.613904E8, 4.5796E8, 3.444736E8, 4.511376E8, 1.075369E8, 2.742336E8, 1.014049E8, 1.6008001E9, 1.0297681E9, 6.98896E7, 8.667136E8, 9.431041E8, 1.879641E8, 9.096256E8, 1.737124E8, 1.1909401E9, 9610000.0, 3.24E8, 8.87364E7, 8.862529E8, 1.0923025E9, 4.95616E7, 1.1553201E9, 5.621641E8, 3.790809E8, 1.7397241E9, 4.950625E8, 1.11556E9, 3.51649E7, 6.492304E8, 2.782224E8, 2.2259524E9, 1.4531344E9, 7398400.0, 1.9377604E9, 1.59201E9, 1.674436E8, 1.9421649E9, 2.292196E8, 1.38384E9, 2.34256E7, 2.839225E8, 1.648656E8, 1.6573041E9, 1.7598025E9, 4243600.0, 2.1613201E9, 1.4531344E9, 1.669264E8, 7.080921E8, 8.06404E7, 6.066369E8, 1.27449E7, 1.503076E8, 6.285049E8, 8.433216E8, 2.0930625E9, 3.88129E7, 2.1261321E9, 7.745089E8, 1.179396E8, 2.719201E8, 4.756761E8, 8.2944E8, 3.38724E7, 3.790809E8, 1.183744E8, 9.928801E8) 

21 : 

x <- c(8.70489E7, 2.1049744E9, 1.3053769E9, 4.94209E7, 9.998244E8, 1.1082241E9, 5.308416E8, 1.0725625E9, 6100900.0, 5.673924E8, 7.95664E7, 4.734976E8, 3.606201E8, 1.1999296E9, 1.6443025E9, 3.89376E7, 2.6368225E9, 6.806881E8, 1.962801E8, 5.262436E8, 2.244004E8, 1.896129E8, 9.35089E7, 2.663424E8, 3.048516E8, 9.126441E8, 8.779369E8, 4.293184E8, 1.2845056E9, 8.844676E8, 4.613904E8, 4.5796E8, 3.444736E8, 4.511376E8, 1.075369E8, 2.742336E8, 1.014049E8, 1.6008001E9, 1.0297681E9, 6.98896E7, 8.667136E8, 9.431041E8, 1.879641E8, 9.096256E8, 1.737124E8, 1.1909401E9, 9610000.0, 3.24E8, 8.87364E7, 8.862529E8, 1.0923025E9, 4.95616E7, 1.1553201E9, 5.621641E8, 3.790809E8, 1.7397241E9, 4.950625E8, 1.11556E9, 3.51649E7, 6.492304E8, 2.782224E8, 2.2259524E9, 1.4531344E9, 7398400.0, 1.9377604E9, 1.59201E9, 1.674436E8, 1.9421649E9, 2.292196E8, 1.38384E9, 2.34256E7, 2.839225E8, 1.648656E8, 1.6573041E9, 1.7598025E9, 4243600.0, 2.1613201E9, 1.4531344E9, 1.669264E8, 7.080921E8, 8.06404E7, 6.066369E8, 1.27449E7, 1.503076E8, 6.285049E8, 8.433216E8, 2.0930625E9, 3.88129E7, 2.1261321E9, 7.745089E8, 1.179396E8, 2.719201E8, 4.756761E8, 8.2944E8, 3.38724E7, 3.790809E8, 1.183744E8, 9.928801E8) 

22 : 

x <- c(8.70489E7, 2.1049744E9, 1.3053769E9, 4.94209E7, 9.998244E8, 1.1082241E9, 5.308416E8, 1.0725625E9, 6100900.0, 5.673924E8, 7.95664E7, 4.734976E8, 3.606201E8, 1.1999296E9, 1.6443025E9, 3.89376E7, 2.6368225E9, 6.806881E8, 1.962801E8, 5.262436E8, 2.244004E8, 1.896129E8, 9.35089E7, 2.663424E8, 3.048516E8, 9.126441E8, 8.779369E8, 4.293184E8, 1.2845056E9, 8.844676E8, 4.613904E8, 4.5796E8, 3.444736E8, 4.511376E8, 1.075369E8, 2.742336E8, 1.014049E8, 1.6008001E9, 1.0297681E9, 6.98896E7, 8.667136E8, 9.431041E8, 1.879641E8, 9.096256E8, 1.737124E8, 1.1909401E9, 9610000.0, 3.24E8, 8.87364E7, 8.862529E8, 1.0923025E9, 4.95616E7, 1.1553201E9, 5.621641E8, 3.790809E8, 1.7397241E9, 4.950625E8, 1.11556E9, 3.51649E7, 6.492304E8, 2.782224E8, 2.2259524E9, 1.4531344E9, 7398400.0, 1.9377604E9, 1.59201E9, 1.674436E8, 1.9421649E9, 2.292196E8, 1.38384E9, 2.34256E7, 2.839225E8, 1.648656E8, 1.6573041E9, 1.7598025E9, 4243600.0, 2.1613201E9, 1.4531344E9, 1.669264E8, 7.080921E8, 8.06404E7, 6.066369E8, 1.27449E7, 1.503076E8, 6.285049E8, 8.433216E8, 2.0930625E9, 3.88129E7, 2.1261321E9, 7.745089E8, 1.179396E8, 2.719201E8, 4.756761E8, 8.2944E8, 3.38724E7, 3.790809E8, 1.183744E8, 9.928801E8) 

23 : 

x <- c(8.70489E7, 2.1049744E9, 1.3053769E9, 4.94209E7, 9.998244E8, 1.1082241E9, 5.308416E8, 1.0725625E9, 6100900.0, 5.673924E8, 7.95664E7, 4.734976E8, 3.606201E8, 1.1999296E9, 1.6443025E9, 3.89376E7, 2.6368225E9, 6.806881E8, 1.962801E8, 5.262436E8, 2.244004E8, 1.896129E8, 9.35089E7, 2.663424E8, 3.048516E8, 9.126441E8, 8.779369E8, 4.293184E8, 1.2845056E9, 8.844676E8, 4.613904E8, 4.5796E8, 3.444736E8, 4.511376E8, 1.075369E8, 2.742336E8, 1.014049E8, 1.6008001E9, 1.0297681E9, 6.98896E7, 8.667136E8, 9.431041E8, 1.879641E8, 9.096256E8, 1.737124E8, 1.1909401E9, 9610000.0, 3.24E8, 8.87364E7, 8.862529E8, 1.0923025E9, 4.95616E7, 1.1553201E9, 5.621641E8, 3.790809E8, 1.7397241E9, 4.950625E8, 1.11556E9, 3.51649E7, 6.492304E8, 2.782224E8, 2.2259524E9, 1.4531344E9, 7398400.0, 1.9377604E9, 1.59201E9, 1.674436E8, 1.9421649E9, 2.292196E8, 1.38384E9, 2.34256E7, 2.839225E8, 1.648656E8, 1.6573041E9, 1.7598025E9, 4243600.0, 2.1613201E9, 1.4531344E9, 1.669264E8, 7.080921E8, 8.06404E7, 6.066369E8, 1.27449E7, 1.503076E8, 6.285049E8, 8.433216E8, 2.0930625E9, 3.88129E7, 2.1261321E9, 7.745089E8, 1.179396E8, 2.719201E8, 4.756761E8, 8.2944E8, 3.38724E7, 3.790809E8, 1.183744E8, 9.928801E8) 

24 : 

x <- c(8.70489E7, 2.1049744E9, 1.3053769E9, 4.94209E7, 9.998244E8, 1.1082241E9, 5.308416E8, 1.0725625E9, 6100900.0, 5.673924E8, 7.95664E7, 4.734976E8, 3.606201E8, 1.1999296E9, 1.6443025E9, 3.89376E7, 2.6368225E9, 6.806881E8, 1.962801E8, 5.262436E8, 2.244004E8, 1.896129E8, 9.35089E7, 2.663424E8, 3.048516E8, 9.126441E8, 8.779369E8, 4.293184E8, 1.2845056E9, 8.844676E8, 4.613904E8, 4.5796E8, 3.444736E8, 4.511376E8, 1.075369E8, 2.742336E8, 1.014049E8, 1.6008001E9, 1.0297681E9, 6.98896E7, 8.667136E8, 9.431041E8, 1.879641E8, 9.096256E8, 1.737124E8, 1.1909401E9, 9610000.0, 3.24E8, 8.87364E7, 8.862529E8, 1.0923025E9, 4.95616E7, 1.1553201E9, 5.621641E8, 3.790809E8, 1.7397241E9, 4.950625E8, 1.11556E9, 3.51649E7, 6.492304E8, 2.782224E8, 2.2259524E9, 1.4531344E9, 7398400.0, 1.9377604E9, 1.59201E9, 1.674436E8, 1.9421649E9, 2.292196E8, 1.38384E9, 2.34256E7, 2.839225E8, 1.648656E8, 1.6573041E9, 1.7598025E9, 4243600.0, 2.1613201E9, 1.4531344E9, 1.669264E8, 7.080921E8, 8.06404E7, 6.066369E8, 1.27449E7, 1.503076E8, 6.285049E8, 8.433216E8, 2.0930625E9, 3.88129E7, 2.1261321E9, 7.745089E8, 1.179396E8, 2.719201E8, 4.756761E8, 8.2944E8, 3.38724E7, 3.790809E8, 1.183744E8, 9.928801E8) 

25 : 

x <- c(8.70489E7, 2.1049744E9, 1.3053769E9, 4.94209E7, 9.998244E8, 1.1082241E9, 5.308416E8, 1.0725625E9, 6100900.0, 5.673924E8, 7.95664E7, 4.734976E8, 3.606201E8, 1.1999296E9, 1.6443025E9, 3.89376E7, 2.6368225E9, 6.806881E8, 1.962801E8, 5.262436E8, 2.244004E8, 1.896129E8, 9.35089E7, 2.663424E8, 3.048516E8, 9.126441E8, 8.779369E8, 4.293184E8, 1.2845056E9, 8.844676E8, 4.613904E8, 4.5796E8, 3.444736E8, 4.511376E8, 1.075369E8, 2.742336E8, 1.014049E8, 1.6008001E9, 1.0297681E9, 6.98896E7, 8.667136E8, 9.431041E8, 1.879641E8, 9.096256E8, 1.737124E8, 1.1909401E9, 9610000.0, 3.24E8, 8.87364E7, 8.862529E8, 1.0923025E9, 4.95616E7, 1.1553201E9, 5.621641E8, 3.790809E8, 1.7397241E9, 4.950625E8, 1.11556E9, 3.51649E7, 6.492304E8, 2.782224E8, 2.2259524E9, 1.4531344E9, 7398400.0, 1.9377604E9, 1.59201E9, 1.674436E8, 1.9421649E9, 2.292196E8, 1.38384E9, 2.34256E7, 2.839225E8, 1.648656E8, 1.6573041E9, 1.7598025E9, 4243600.0, 2.1613201E9, 1.4531344E9, 1.669264E8, 7.080921E8, 8.06404E7, 6.066369E8, 1.27449E7, 1.503076E8, 6.285049E8, 8.433216E8, 2.0930625E9, 3.88129E7, 2.1261321E9, 7.745089E8, 1.179396E8, 2.719201E8, 4.756761E8, 8.2944E8, 3.38724E7, 3.790809E8, 1.183744E8, 9.928801E8) 

26 : 

x <- c(8.70489E7, 2.1049744E9, 1.3053769E9, 4.94209E7, 9.998244E8, 1.1082241E9, 5.308416E8, 1.0725625E9, 6100900.0, 5.673924E8, 7.95664E7, 4.734976E8, 3.606201E8, 1.1999296E9, 1.6443025E9, 3.89376E7, 2.6368225E9, 6.806881E8, 1.962801E8, 5.262436E8, 2.244004E8, 1.896129E8, 9.35089E7, 2.663424E8, 3.048516E8, 9.126441E8, 8.779369E8, 4.293184E8, 1.2845056E9, 8.844676E8, 4.613904E8, 4.5796E8, 3.444736E8, 4.511376E8, 1.075369E8, 2.742336E8, 1.014049E8, 1.6008001E9, 1.0297681E9, 6.98896E7, 8.667136E8, 9.431041E8, 1.879641E8, 9.096256E8, 1.737124E8, 1.1909401E9, 9610000.0, 3.24E8, 8.87364E7, 8.862529E8, 1.0923025E9, 4.95616E7, 1.1553201E9, 5.621641E8, 3.790809E8, 1.7397241E9, 4.950625E8, 1.11556E9, 3.51649E7, 6.492304E8, 2.782224E8, 2.2259524E9, 1.4531344E9, 7398400.0, 1.9377604E9, 1.59201E9, 1.674436E8, 1.9421649E9, 2.292196E8, 1.38384E9, 2.34256E7, 2.839225E8, 1.648656E8, 1.6573041E9, 1.7598025E9, 4243600.0, 2.1613201E9, 1.4531344E9, 1.669264E8, 7.080921E8, 8.06404E7, 6.066369E8, 1.27449E7, 1.503076E8, 6.285049E8, 8.433216E8, 2.0930625E9, 3.88129E7, 2.1261321E9, 7.745089E8, 1.179396E8, 2.719201E8, 4.756761E8, 8.2944E8, 3.38724E7, 3.790809E8, 1.183744E8, 9.928801E8) 

27 : 

x <- c(9.671771234313431E7, 2.16715626053668E9, 1.416008582783091E9, 8.429575618481216E7, 8.609520902393901E8, 9.974263572618766E8, 4.8102306895109916E8, 1.1183925827386193E9, 1409391.4452139176, 5.099335906776169E8, 9.465039499460176E7, 4.3223820209466064E8, 3.8288130154034066E8, 1.264493751721266E9, 1.7719250808476994E9, 7.251051394907701E7, 2.397295988968558E9, 6.065369609843599E8, 1.694772791813258E8, 5.606984406208904E8, 2.6026251637773097E8, 1.524551755948513E8, 7.217405299858667E7, 2.3469842868023396E8, 3.2999987526529086E8, 9.753555299192237E8, 9.731488778535302E8, 5.2073091382230216E8, 1.11335087610597E9, 7.791393135258598E8, 4.0760562323352444E8, 4.974458868703981E8, 3.939952049249141E8, 3.84790280221589E8, 8.333873006203355E7, 2.4043492295895737E8, 1.171909748799437E8, 1.6766591526950204E9, 1.1389520137110674E9, 3.749224218489094E7, 7.482310382106456E8, 8.499896305099255E8, 1.6149956189698547E8, 9.557110464296943E8, 2.096219493152285E8, 1.0872881582098641E9, 4779595.513049751, 2.9385221147761846E8, 9.906942594083911E7, 9.286155746883883E8, 1.1757981603416638E9, 7.877924098008904E7, 1.0257485725830646E9, 4.9997454563598996E8, 3.440125292666297E8, 1.78771707596747E9, 5.557045742544591E8, 1.0033354614242E9, 2.3113351860867377E7, 5.985140041374906E8, 2.9708241592748237E8, 2.3075341745830398E9, 1.5862219192672465E9, 2.6159763120979257E7, 1.7285887157766182E9, 1.463057156259958E9, 1.4422284168476596E8, 2.0041223527073963E9, 2.7662198667484283E8, 1.2556453437613933E9, 1.4030716191479085E7, 2.5100126440920514E8, 1.8341811355542308E8, 1.734279777706633E9, 1.9025857182882125E9, 2.0114777053390346E7, 1.938456902669791E9, 1.3319632705220044E9, 1.43600244827085E8, 7.460401321444613E8, 1.0329638817609778E8, 5.421734263128734E8, 7121791.644123688, 1.3048564931901558E8, 6.597672415425501E8, 9.064867328834139E8, 2.2412153567291517E9, 1.454433659187382E7, 1.9189677000391326E9, 6.947090600709774E8, 9.779384654372467E7, 2.9808469652811295E8, 5.236053886758499E8, 7.47167528468869E8, 4.5784217995858245E7, 3.392473470151223E8, 1.3410357381737626E8, 1.0501788891376325E9) 

28 : 

x <- c(8.70489E7, 2.1049744E9, 1.3053769E9, 4.94209E7, 9.998244E8, 1.1082241E9, 5.308416E8, 1.0725625E9, 6100900.0, 5.673924E8, 7.95664E7, 4.734976E8, 3.606201E8, 1.1999296E9, 1.6443025E9, 3.89376E7, 2.6368225E9, 6.806881E8, 1.962801E8, 5.262436E8, 2.244004E8, 1.896129E8, 9.35089E7, 2.663424E8, 3.048516E8, 9.126441E8, 8.779369E8, 4.293184E8, 1.2845056E9, 8.844676E8, 4.613904E8, 4.5796E8, 3.444736E8, 4.511376E8, 1.075369E8, 2.742336E8, 1.014049E8, 1.6008001E9, 1.0297681E9, 6.98896E7, 8.667136E8, 9.431041E8, 1.879641E8, 9.096256E8, 1.737124E8, 1.1909401E9, 9610000.0, 3.24E8, 8.87364E7, 8.862529E8, 1.0923025E9, 4.95616E7, 1.1553201E9, 5.621641E8, 3.790809E8, 1.7397241E9, 4.950625E8, 1.11556E9, 3.51649E7, 6.492304E8, 2.782224E8, 2.2259524E9, 1.4531344E9, 7398400.0, 1.9377604E9, 1.59201E9, 1.674436E8, 1.9421649E9, 2.292196E8, 1.38384E9, 2.34256E7, 2.839225E8, 1.648656E8, 1.6573041E9, 1.7598025E9, 4243600.0, 2.1613201E9, 1.4531344E9, 1.669264E8, 7.080921E8, 8.06404E7, 6.066369E8, 1.27449E7, 1.503076E8, 6.285049E8, 8.433216E8, 2.0930625E9, 3.88129E7, 2.1261321E9, 7.745089E8, 1.179396E8, 2.719201E8, 4.756761E8, 8.2944E8, 3.38724E7, 3.790809E8, 1.183744E8, 9.928801E8) 

29 : 

x <- c(8.70489E7, 2.1049744E9, 1.3053769E9, 4.94209E7, 9.998244E8, 1.1082241E9, 5.308416E8, 1.0725625E9, 6100900.0, 5.673924E8, 7.95664E7, 4.734976E8, 3.606201E8, 1.1999296E9, 1.6443025E9, 3.89376E7, 2.6368225E9, 6.806881E8, 1.962801E8, 5.262436E8, 2.244004E8, 1.896129E8, 9.35089E7, 2.663424E8, 3.048516E8, 9.126441E8, 8.779369E8, 4.293184E8, 1.2845056E9, 8.844676E8, 4.613904E8, 4.5796E8, 3.444736E8, 4.511376E8, 1.075369E8, 2.742336E8, 1.014049E8, 1.6008001E9, 1.0297681E9, 6.98896E7, 8.667136E8, 9.431041E8, 1.879641E8, 9.096256E8, 1.737124E8, 1.1909401E9, 9610000.0, 3.24E8, 8.87364E7, 8.862529E8, 1.0923025E9, 4.95616E7, 1.1553201E9, 5.621641E8, 3.790809E8, 1.7397241E9, 4.950625E8, 1.11556E9, 3.51649E7, 6.492304E8, 2.782224E8, 2.2259524E9, 1.4531344E9, 7398400.0, 1.9377604E9, 1.59201E9, 1.674436E8, 1.9421649E9, 2.292196E8, 1.38384E9, 2.34256E7, 2.839225E8, 1.648656E8, 1.6573041E9, 1.7598025E9, 4243600.0, 2.1613201E9, 1.4531344E9, 1.669264E8, 7.080921E8, 8.06404E7, 6.066369E8, 1.27449E7, 1.503076E8, 6.285049E8, 8.433216E8, 2.0930625E9, 3.88129E7, 2.1261321E9, 7.745089E8, 1.179396E8, 2.719201E8, 4.756761E8, 8.2944E8, 3.38724E7, 3.790809E8, 1.183744E8, 9.928801E8) 

30 : 

x <- c(8.70489E7, 2.1049744E9, 1.3053769E9, 4.94209E7, 9.998244E8, 1.1082241E9, 5.308416E8, 1.0725625E9, 6100900.0, 5.673924E8, 7.95664E7, 4.734976E8, 3.606201E8, 1.1999296E9, 1.6443025E9, 3.89376E7, 2.6368225E9, 6.806881E8, 1.962801E8, 5.262436E8, 2.244004E8, 1.896129E8, 9.35089E7, 2.663424E8, 3.048516E8, 9.126441E8, 8.779369E8, 4.293184E8, 1.2845056E9, 8.844676E8, 4.613904E8, 4.5796E8, 3.444736E8, 4.511376E8, 1.075369E8, 2.742336E8, 1.014049E8, 1.6008001E9, 1.0297681E9, 6.98896E7, 8.667136E8, 9.431041E8, 1.879641E8, 9.096256E8, 1.737124E8, 1.1909401E9, 9610000.0, 3.24E8, 8.87364E7, 8.862529E8, 1.0923025E9, 4.95616E7, 1.1553201E9, 5.621641E8, 3.790809E8, 1.7397241E9, 4.950625E8, 1.11556E9, 3.51649E7, 6.492304E8, 2.782224E8, 2.2259524E9, 1.4531344E9, 7398400.0, 1.9377604E9, 1.59201E9, 1.674436E8, 1.9421649E9, 2.292196E8, 1.38384E9, 2.34256E7, 2.839225E8, 1.648656E8, 1.6573041E9, 1.7598025E9, 4243600.0, 2.1613201E9, 1.4531344E9, 1.669264E8, 7.080921E8, 8.06404E7, 6.066369E8, 1.27449E7, 1.503076E8, 6.285049E8, 8.433216E8, 2.0930625E9, 3.88129E7, 2.1261321E9, 7.745089E8, 1.179396E8, 2.719201E8, 4.756761E8, 8.2944E8, 3.38724E7, 3.790809E8, 1.183744E8, 9.928801E8) 



