med: 13.79579651097443/desvio: 30.84833880229325


Funcoes: 

Erros: 

1 : 

x <- c(83.92285609552354, 83.92285609552354, 83.92285609552354, 83.92285609552354, 83.92285609552354, 83.92285609552354, 83.92285609552354, 83.92285609552354, 83.92285609552354, 83.92285609552354, 83.92285609552354, 83.92285609552354, 83.92285609552354, 83.92285609552354, 83.92285609552354, 83.92285609552354, 83.92285609552354, 83.92285609552354, 83.92285609552354, 83.92285609552354, 83.92285609552354, 83.92285609552354, 83.92285609552354, 83.92285609552354, 83.92285609552354, 83.92285609552354, 83.92285609552354, 83.92285609552354, 83.92285609552354, 83.92285609552354, 83.92285609552354, 83.92285609552354, 83.92285609552354, 83.92285609552354, 83.92285609552354, 83.92285609552354, 83.92285609552354, 83.92285609552354, 83.92285609552354, 83.92285609552354, 83.92285609552354, 83.92285609552354, 83.92285609552354, 83.92285609552354, 83.92285609552354, 83.92285609552354, 83.92285609552354, 83.92285609552354, 83.92285609552354, 83.92285609552354, 83.92285609552354, 83.92285609552354, 83.92285609552354, 83.92285609552354, 83.92285609552354, 83.92285609552354, 83.92285609552354, 83.92285609552354, 83.92285609552354, 83.92285609552354, 83.92285609552354, 83.92285609552354, 83.92285609552354, 83.92285609552354, 83.92285609552354, 83.92285609552354, 83.92285609552354, 83.92285609552354, 83.92285609552354, 83.92285609552354, 83.92285609552354, 83.92285609552354, 83.92285609552354, 83.92285609552354, 83.92285609552354, 83.92285609552354, 83.92285609552354, 83.92285609552354, 83.92285609552354, 83.92285609552354, 83.92285609552354, 83.92285609552354, 83.92285609552354, 83.92285609552354, 83.92285609552354, 83.92285609552354, 83.92285609552354, 83.92285609552354, 83.92285609552354, 83.92285609552354, 83.92285609552354, 83.92285609552354, 83.92285609552354, 83.92285609552354, 83.92285609552354, 83.92285609552354, 83.92285609552354, 83.92285609552354, 83.92285609552354, 83.92285609552354, 83.92285609552354, 83.92285609552354, 83.92285609552354, 83.92285609552354, 83.92285609552354, 83.92285609552354, 83.92285609552354, 83.92285609552354, 83.92285609552354, 83.92285609552354, 83.92285609552354, 83.92285609552354, 83.92285609552354, 83.92285609552354, 83.92285609552354, 83.92285609552354, 83.92285609552354, 83.92285609552354, 83.92285609552354, 83.92285609552354, 83.92285609552354, 83.92285609552354, 83.92285609552354, 83.92285609552354, 83.92285609552354, 83.92285609552354, 83.92285609552354, 83.92285609552354, 83.92285609552354, 83.92285609552354, 83.92285609552354, 83.92285609552354, 83.92285609552354, 83.92285609552354, 83.92285609552354, 83.92285609552354, 83.92285609552354, 83.92285609552354, 83.92285609552354, 83.92285609552354, 83.92285609552354, 83.92285609552354, 83.92285609552354, 83.92285609552354, 83.92285609552354, 83.92285609552354, 83.92285609552354, 83.92285609552354, 83.92285609552354, 83.92285609552354, 83.92285609552354, 83.92285609552354, 83.92285609552354, 83.92285609552354, 83.92285609552354, 83.92285609552354, 83.92285609552354, 83.92285609552354, 83.92285609552354, 83.92285609552354, 83.92285609552354, 83.92285609552354, 83.92285609552354, 83.92285609552354, 83.92285609552354, 83.92285609552354, 83.92285609552354, 83.92285609552354, 83.92285609552354, 83.92285609552354, 83.92285609552354, 83.92285609552354, 83.92285609552354, 83.92285609552354, 83.92285609552354, 83.92285609552354, 83.92285609552354, 83.92285609552354, 83.92285609552354, 83.92285609552354, 83.92285609552354, 83.92285609552354, 83.92285609552354, 83.92285609552354, 83.92285609552354, 83.92285609552354, 83.92285609552354, 83.92285609552354, 83.92285609552354, 83.92285609552354, 83.92285609552354, 83.92285609552354, 83.92285609552354, 83.92285609552354, 83.92285609552354, 83.92285609552354, 83.92285609552354, 83.92285609552354, 83.92285609552354, 83.92285609552354) 



