med: 33.83120188069412/desvio: 4.532319926155525


Funcoes: 

1 : Expressao: (X1)
2 : Expressao: ((X1*0.6931850046814529))
3 : Expressao: (X1)
4 : Expressao: (((Sin[X1])/0.9073872921623197))
5 : Expressao: (X1)
6 : Expressao: ((X1*0.8136396846887668))
7 : Expressao: (X1)
8 : Expressao: ((0.9408444977557272*X1))
9 : Expressao: (X1)
10 : Expressao: ((X1*0.8332762591951708))
11 : Expressao: ((1.1966729748515668*((Sin[X1])*0.8875866539173161)))
12 : Expressao: (((X1*0.46976573215842043)/(Sqrt[Abs[X0]])))
13 : Expressao: ((X1*0.6713083764390428))
14 : Expressao: (X1)
15 : Expressao: (((Sin[X1])+(X1-X0)))
16 : Expressao: ((Tan[(Sin[(X1*0.7857688691457514)])]))
17 : Expressao: (X1)
18 : Expressao: (X1)
19 : Expressao: ((X1*0.9257973732974992))
20 : Expressao: ((0.9526645270832153*X1))
21 : Expressao: (X1)
22 : Expressao: (X1)
23 : Expressao: (X1)
24 : Expressao: (X1)
25 : Expressao: (X1)
26 : Expressao: (X1)
27 : Expressao: (X1)
28 : Expressao: (X1)
29 : Expressao: ((X1+0.0036272241270605132))
30 : Expressao: ((Sin[(Tan[(Sin[X1])])]))
Erros: 

1 : 

x <- c(852.6400000000002, 210.2500000000001, 102.00999999999996, 29.159999999999986, 8.999999999999957, 750.7600000000003, 1900.96, 1204.0900000000001, 23.04000000000011, 432.6399999999999, 441.0, 412.08999999999986, 285.60999999999996, 204.48999999999992, 44.890000000000036, 556.96, 3528.3599999999988, 3481.0, 234.0899999999995, 2.560000000000073, 2580.639999999998, 210.25, 1436.4100000000005, 309.76000000000005, 90.24999999999987, 1128.9599999999996, 10753.689999999997, 2352.25, 29.159999999999755, 665.6400000000006, 2180.8900000000003, 3410.56, 268.96, 92.1600000000001, 313.28999999999996, 24.010000000000055, 1017.6099999999999, 2190.24, 146.4100000000002, 0.16000000000000456, 1.0, 1436.4100000000005, 5.290000000000052, 954.8100000000004, 12.25, 361.0, 8.409999999999991, 222.00999999999996, 4225.0, 3956.4100000000008, 0.49000000000002386, 201.63999999999967, 605.1599999999997, 2430.490000000001, 428.48999999999984, 783.9999999999998, 20.250000000000032, 249.64000000000001) 

2 : 

x <- c(583.1307018652969, 338.8212275514874, 340.62078512988774, 284.0824657868844, 102.24338405915718, 231.3105759528314, 1585.2842961117199, 1961.8488176775043, 238.37022211445523, 4.134996385315675, 74.22203209648892, 206.16180856185815, 295.38197840246664, 390.926198027724, 274.21068525377865, 136.53995919702712, 2994.9203334569625, 5263.600592064053, 267.412784192855, 643.0530821805017, 592.0663063175524, 13.0943704049866, 990.1992681012965, 519.644858814252, 403.8357157789429, 403.5917646053783, 10099.96403595195, 5946.7683061684, 1451.2914687637797, 257.2501175223763, 163.24682990648546, 1505.8333463039996, 216.7686221231637, 167.8276258848701, 576.012200200328, 46.660915927073496, 469.697858330808, 2149.2414630015624, 676.9807646180398, 296.91823266649163, 272.53352619737103, 428.4165400118251, 61.99178414374638, 606.1857308615312, 44.909066428934295, 541.738435653977, 169.12378555621197, 15.252745927609459, 3431.2672524428394, 5840.0155636723675, 1031.608174609456, 338.70306542843775, 13.30144274187602, 817.9905783454127, 228.81142127440583, 828.1493554822808, 192.33263290996106, 25.511877685630047) 

3 : 

x <- c(852.6400000000002, 210.2500000000001, 102.00999999999996, 29.159999999999986, 8.999999999999957, 750.7600000000003, 1900.96, 1204.0900000000001, 23.04000000000011, 432.6399999999999, 441.0, 412.08999999999986, 285.60999999999996, 204.48999999999992, 44.890000000000036, 556.96, 3528.3599999999988, 3481.0, 234.0899999999995, 2.560000000000073, 2580.639999999998, 210.25, 1436.4100000000005, 309.76000000000005, 90.24999999999987, 1128.9599999999996, 10753.689999999997, 2352.25, 29.159999999999755, 665.6400000000006, 2180.8900000000003, 3410.56, 268.96, 92.1600000000001, 313.28999999999996, 24.010000000000055, 1017.6099999999999, 2190.24, 146.4100000000002, 0.16000000000000456, 1.0, 1436.4100000000005, 5.290000000000052, 954.8100000000004, 12.25, 361.0, 8.409999999999991, 222.00999999999996, 4225.0, 3956.4100000000008, 0.49000000000002386, 201.63999999999967, 605.1599999999997, 2430.490000000001, 428.48999999999984, 783.9999999999998, 20.250000000000032, 249.64000000000001) 

4 : 

x <- c(921.5850453226467, 180.71490826549677, 93.1432590008061, 55.78655074249948, 1.7791698012033286, 595.8342825190526, 1992.57276875901, 1225.6091466439336, 321.9980284296855, 9.456518353441941, 314.8854729055325, 459.18550639054547, 282.398922890403, 172.744542987615, 52.030500604883144, 439.7766261238784, 3665.114697944194, 4102.73773385827, 4368.504558176862, 2692.052220686225, 0.001255689466776124, 170.49878090122363, 1518.3597200423505, 270.2800842837041, 113.61352471892326, 818.8427508017209, 10947.689495972647, 12395.350009231877, 24158.512458804875, 15405.915331311315, 2449.5875733674625, 1438.7495290250386, 286.9153042089553, 74.61288924981567, 276.01028607760935, 6.255547174231912, 965.9023104218682, 2203.9317159378334, 316.65963958869116, 193.06587236056532, 167.62045053324923, 615.2245172609154, 1.3151860552648218, 1023.3242535717619, 6.5986970424007145, 320.249552462439, 13.069092883419081, 177.95630311021196, 4364.940334156397, 4610.5096063337105, 7781.76190823114, 5375.156976722177, 1303.5505086603266, 617.7949562799878, 477.5616677560999, 769.6880116093722, 21.605935470384534, 209.99341625554544) 

5 : 

x <- c(852.6400000000002, 210.2500000000001, 102.00999999999996, 29.159999999999986, 8.999999999999957, 750.7600000000003, 1900.96, 1204.0900000000001, 23.04000000000011, 432.6399999999999, 441.0, 412.08999999999986, 285.60999999999996, 204.48999999999992, 44.890000000000036, 556.96, 3528.3599999999988, 3481.0, 234.0899999999995, 2.560000000000073, 2580.639999999998, 210.25, 1436.4100000000005, 309.76000000000005, 90.24999999999987, 1128.9599999999996, 10753.689999999997, 2352.25, 29.159999999999755, 665.6400000000006, 2180.8900000000003, 3410.56, 268.96, 92.1600000000001, 313.28999999999996, 24.010000000000055, 1017.6099999999999, 2190.24, 146.4100000000002, 0.16000000000000456, 1.0, 1436.4100000000005, 5.290000000000052, 954.8100000000004, 12.25, 361.0, 8.409999999999991, 222.00999999999996, 4225.0, 3956.4100000000008, 0.49000000000002386, 201.63999999999967, 605.1599999999997, 2430.490000000001, 428.48999999999984, 783.9999999999998, 20.250000000000032, 249.64000000000001) 

6 : 

x <- c(682.8532505035396, 284.7042755394516, 230.29296888385227, 152.71141211435128, 24.641212601182243, 399.80359796672855, 1705.8025018848123, 1642.411121786988, 56.15066401547356, 88.38171230292987, 181.64164225583883, 278.5900157398681, 291.52592958615656, 310.59197303544624, 160.9998659294696, 267.74166989290626, 3199.1373399612294, 4519.969684949505, 15.413306430876634, 218.29074300138527, 1205.722210922438, 62.261804167490894, 1155.5131382451546, 430.80719653734747, 253.95090133920624, 644.8420307034385, 10354.170909697392, 4340.3076476311435, 441.8188158889681, 0.14965998444234377, 680.9466901475151, 2162.062328905321, 236.58821662296765, 135.4368427098765, 463.4027996313212, 4.9522724412730375, 659.862830678004, 2165.2911849118245, 422.48139351033177, 106.28191380111844, 92.82875187858107, 753.5899278695249, 32.323222847752, 733.6524616697258, 29.64316188961188, 466.4223973536178, 81.6793074863928, 67.59955041917112, 3733.046653888748, 5056.928458024253, 369.9524339933374, 31.40140193139325, 55.39260877377524, 1348.8787617502912, 299.7970491177731, 810.6722615811153, 103.84416559932502, 85.95112260204046) 

7 : 

x <- c(852.6400000000002, 210.2500000000001, 102.00999999999996, 29.159999999999986, 8.999999999999957, 750.7600000000003, 1900.96, 1204.0900000000001, 23.04000000000011, 432.6399999999999, 441.0, 412.08999999999986, 285.60999999999996, 204.48999999999992, 44.890000000000036, 556.96, 3528.3599999999988, 3481.0, 234.0899999999995, 2.560000000000073, 2580.639999999998, 210.25, 1436.4100000000005, 309.76000000000005, 90.24999999999987, 1128.9599999999996, 10753.689999999997, 2352.25, 29.159999999999755, 665.6400000000006, 2180.8900000000003, 3410.56, 268.96, 92.1600000000001, 313.28999999999996, 24.010000000000055, 1017.6099999999999, 2190.24, 146.4100000000002, 0.16000000000000456, 1.0, 1436.4100000000005, 5.290000000000052, 954.8100000000004, 12.25, 361.0, 8.409999999999991, 222.00999999999996, 4225.0, 3956.4100000000008, 0.49000000000002386, 201.63999999999967, 605.1599999999997, 2430.490000000001, 428.48999999999984, 783.9999999999998, 20.250000000000032, 249.64000000000001) 

8 : 

x <- c(796.7052516620348, 232.66341558637563, 137.1489996684296, 57.8897851264412, 0.22280909579492342, 627.4771040916448, 1837.8672393961886, 1335.8684173318698, 0.8059915515445798, 295.2113898944318, 346.4121715367907, 366.89168014586, 287.4812968286656, 235.77606831147264, 73.97591244560587, 453.8064350814088, 3422.109940206255, 3796.1173743517925, 84.58822367419387, 12.943698402973522, 2088.2079150068926, 153.80992994254117, 1343.938584187277, 346.02552935215977, 133.23850111374767, 960.6977384846399, 10626.053204539288, 2917.8551829889216, 8.917490465129442, 314.46719670054307, 1612.7802132682546, 2983.5625428288795, 258.4595822050659, 104.99749317823263, 357.7666805855, 6.960238241537893, 895.6904695844596, 2182.305129879089, 218.55560750943073, 8.996447802508309, 5.6441676679321136, 1196.0122330133474, 11.387902688253588, 881.4572465729484, 16.951753275020867, 393.00267032744006, 23.505523158264797, 163.33350051904327, 4065.5437428637256, 4291.1309126089245, 31.66994107208989, 62.6282871316818, 366.86850316356896, 2052.9088401110685, 385.15645584727196, 792.4181213298671, 39.769120631185196, 188.4449138269481) 

9 : 

x <- c(852.6400000000002, 210.2500000000001, 102.00999999999996, 29.159999999999986, 8.999999999999957, 750.7600000000003, 1900.96, 1204.0900000000001, 23.04000000000011, 432.6399999999999, 441.0, 412.08999999999986, 285.60999999999996, 204.48999999999992, 44.890000000000036, 556.96, 3528.3599999999988, 3481.0, 234.0899999999995, 2.560000000000073, 2580.639999999998, 210.25, 1436.4100000000005, 309.76000000000005, 90.24999999999987, 1128.9599999999996, 10753.689999999997, 2352.25, 29.159999999999755, 665.6400000000006, 2180.8900000000003, 3410.56, 268.96, 92.1600000000001, 313.28999999999996, 24.010000000000055, 1017.6099999999999, 2190.24, 146.4100000000002, 0.16000000000000456, 1.0, 1436.4100000000005, 5.290000000000052, 954.8100000000004, 12.25, 361.0, 8.409999999999991, 222.00999999999996, 4225.0, 3956.4100000000008, 0.49000000000002386, 201.63999999999967, 605.1599999999997, 2430.490000000001, 428.48999999999984, 783.9999999999998, 20.250000000000032, 249.64000000000001) 

10 : 

x <- c(699.8558824793279, 276.32820619847485, 214.34766258247797, 135.1296200832395, 17.014262630161067, 431.61460093172406, 1725.8679474106136, 1593.0253741445902, 38.415647338375074, 112.40745466579442, 203.63552569060602, 291.4289612807143, 290.89971652747687, 298.3708213666525, 145.38483052516858, 293.2789048405824, 3233.0673342356085, 4404.108586251834, 3.6106039306355946, 170.28385697106862, 1326.2322885124786, 73.73722728121083, 1183.671861476393, 417.1137296055377, 232.79741497675124, 689.5048454582866, 10395.911334035656, 4102.350477281828, 332.5405837139546, 9.391852121494228, 798.9715835899988, 2280.2615350493675, 239.9013937291033, 130.4853837126229, 446.20511723867094, 2.174380358698109, 693.9203677903005, 2167.91327739655, 386.6542824369189, 84.2886304281415, 72.49150749623229, 815.246927682185, 28.394414417261377, 755.584340859547, 27.454016302366366, 454.6784797864275, 70.40791102168143, 79.66560258058128, 3783.448445616416, 4934.610920977664, 293.56398880936086, 12.369306718393364, 85.57128033385541, 1447.945466835735, 312.2769305306056, 807.8408073714726, 91.98354482816075, 99.18044495732154) 

11 : 

x <- c(883.2395023831513, 194.39374469417174, 113.50135328707593, 76.49722761509081, 7.423632201901922, 532.6370060031757, 1949.5684448837221, 1305.3689562375562, 380.62765339679305, 2.2554627605439466, 268.99116483823826, 427.9254768192986, 283.653657930603, 191.29787894876844, 69.86390650078971, 386.499134192253, 3593.659762971843, 4286.2162403133525, 4473.3568361551725, 2822.8158518810546, 1.7388014561711083, 139.83719194863824, 1456.8111498186706, 292.257042916403, 140.8433863818424, 739.9016846396997, 10861.71911921326, 12641.97899826231, 23944.349174597322, 15284.287556937363, 2501.384275436548, 1321.9863855060744, 279.5957222758179, 82.24203270595041, 302.64217564999313, 1.4477620283008759, 894.0943147789823, 2198.5606625305336, 369.85885402527975, 238.96097729292086, 210.4964518701842, 540.4447841260973, 3.409557632353302, 973.9869832725643, 8.882953026405996, 340.04063358576065, 22.867790207744783, 146.37819929447335, 4260.281298660059, 4804.648880186619, 7897.534449756432, 5475.193447046148, 1386.857547660425, 542.7667610709362, 447.47061514977037, 775.3072561980911, 33.04796197315337, 176.08462340144473) 

12 : 

x <- c(470.75128072481857, 323.1972259135843, 219.73104149750768, 467.9729622660843, 364.9938558411894, 31.294631156318495, 1371.760797070579, 1576.6282463152902, 695.2645486977351, 329.5020721996653, 17.15413097649468, 98.50681673573078, 296.11833428011414, 496.6818011129401, 268.63125202364523, 24.72545215532421, 2639.5372813915346, 4870.539416081301, 1770.4532777770564, 3690.474044390704, 69.22704607547087, 94.14004945246367, 746.30201490131, 558.1613934516852, 371.75762148284514, 136.1353354638356, 9585.134184656377, 3203.756390196183, 8661.408295535479, 5895.710880184385, 1291.5362679551633, 154.99453644357408, 167.7462301217236, 45.4108481431842, 396.70641717657736, 71.35058370986576, 209.2917010622966, 2125.0645066252578, 2944.422836662945, 1017.5949500137835, 1146.5874923110687, 13.88250696402245, 177.1466504419227, 605.049613492915, 50.851913624481966, 408.46195810397927, 96.24494451142351, 6.33219459634805, 2957.2729289612457, 6171.337631541846, 3449.956462591118, 3814.1722232908146, 1691.0554207708274, 6.625476510950643, 82.04387782965159, 828.3138857271498, 463.97686764309015, 0.2843909193713565) 

13 : 

x <- c(565.8635672493888, 349.15472652137186, 362.96768956672355, 312.2817826607903, 122.02364006058541, 205.62538345251005, 1563.8698433094353, 2022.9079544678318, 285.01368683932986, 0.4835414015020871, 59.78625469793646, 194.17534230487746, 296.0850212223068, 406.5066340922495, 297.98699752221427, 117.40732844909992, 2958.5536888773436, 5404.730319694854, 346.3200697418406, 744.2363162155513, 503.787526518281, 8.08120560594358, 961.5441071413536, 536.6722299757222, 434.77086448022567, 365.8141960323561, 10054.13473468012, 6265.613713785695, 1697.2070999714329, 361.8455643667269, 107.28827190383006, 1399.351283843977, 213.2620616872009, 174.0826247960304, 597.7769283881297, 58.7877774978495, 438.62056503077804, 2146.3329655266857, 729.6103782069423, 341.82350741780067, 315.31079794344186, 379.14704998280865, 68.40760111600686, 584.339754299492, 48.02062649704476, 556.0216980640389, 188.38257512179266, 9.744018851212067, 3377.823542009747, 5988.283738370861, 1187.4023465873584, 429.6757206835147, 32.04918267058919, 735.7446946414493, 216.9467175005288, 831.3434940452116, 211.30672997369163, 18.356892270543053) 

14 : 

x <- c(852.6400000000002, 210.2500000000001, 102.00999999999996, 29.159999999999986, 8.999999999999957, 750.7600000000003, 1900.96, 1204.0900000000001, 23.04000000000011, 432.6399999999999, 441.0, 412.08999999999986, 285.60999999999996, 204.48999999999992, 44.890000000000036, 556.96, 3528.3599999999988, 3481.0, 234.0899999999995, 2.560000000000073, 2580.639999999998, 210.25, 1436.4100000000005, 309.76000000000005, 90.24999999999987, 1128.9599999999996, 10753.689999999997, 2352.25, 29.159999999999755, 665.6400000000006, 2180.8900000000003, 3410.56, 268.96, 92.1600000000001, 313.28999999999996, 24.010000000000055, 1017.6099999999999, 2190.24, 146.4100000000002, 0.16000000000000456, 1.0, 1436.4100000000005, 5.290000000000052, 954.8100000000004, 12.25, 361.0, 8.409999999999991, 222.00999999999996, 4225.0, 3956.4100000000008, 0.49000000000002386, 201.63999999999967, 605.1599999999997, 2430.490000000001, 428.48999999999984, 783.9999999999998, 20.250000000000032, 249.64000000000001) 

15 : 

x <- c(250.44590778725947, 209.66232506328896, 5.221678074116346, 0.4032982755026419, 0.25986406905632603, 324.24294166154414, 255.9926063726766, 32.76754672015877, 162.63525635522197, 33.039758140157204, 42.14481779216173, 2.1591739485599586, 11.5594052144403, 3.991792112315798, 17.291141716923697, 591.3547999734802, 1254.8383722337808, 68.47526928858352, 83.00906914785233, 4951.806575119891, 24.174150095864672, 1672.274845302381, 502.9126731232855, 391.40871311624676, 14.822872195965854, 1190.1755155254898, 4897.005822761119, 109.2594347882803, 11059.567233407952, 16451.963524476287, 5871.293699469685, 163.53839936700896, 1765.4695267860207, 44.36036432631637, 81.2868093099212, 285.0116468112445, 536.7478889998526, 222.00057076004458, 641.6624393480096, 33.55862003062116, 300.6818385295653, 392.99939920899953, 1667.5774965118324, 1042.848622506801, 744.1225499779018, 249.2706368106177, 153.7839953372443, 170.71463926973468, 2413.7592384446475, 42.49265258430353, 728.2483998969749, 5738.360265009644, 2831.212004072886, 13.904096697673953, 854.7426940548372, 53.31548198845862, 421.7945434709117, 251.78509110637208) 

16 : 

x <- c(670.8454424172637, 293.15485476729384, 223.26603649510048, 121.61390139340304, 7.995501795763339, 469.5977526389167, 1685.454134352402, 1594.6171631364039, 15.65426085891777, 181.67085585124474, 232.48130390385435, 272.89611967494574, 292.41443839756505, 317.97255562996344, 144.0708189093961, 320.60566297346406, 3171.662179959098, 4207.797968490248, 1578.8699088893493, 729.1785031289247, 598.927664077316, 80.47857595510904, 1147.4117069255694, 440.1593057592931, 224.17665715759458, 769.2875571827511, 10306.987495926162, 7326.757312454631, 15301.501011217939, 8719.061629843065, 517.733143020826, 2536.6362566300886, 232.18358984504567, 141.0150981522482, 469.22611054952523, 0.591545131688985, 702.6647770827118, 2161.586563558967, 324.00281553085006, 39.2096783060987, 31.454848685473447, 986.706484902687, 34.65231896224088, 726.2388049216734, 32.22452851904236, 477.25478399424617, 68.28435696375657, 87.42221728346047, 3718.332762410834, 4728.600282283875, 3805.3414020498417, 2192.341782707602, 110.46841465502065, 1594.1349786094918, 292.8677054331455, 814.6512157810236, 93.50339637459409, 106.01832127706403) 

17 : 

x <- c(852.6400000000002, 210.2500000000001, 102.00999999999996, 29.159999999999986, 8.999999999999957, 750.7600000000003, 1900.96, 1204.0900000000001, 23.04000000000011, 432.6399999999999, 441.0, 412.08999999999986, 285.60999999999996, 204.48999999999992, 44.890000000000036, 556.96, 3528.3599999999988, 3481.0, 234.0899999999995, 2.560000000000073, 2580.639999999998, 210.25, 1436.4100000000005, 309.76000000000005, 90.24999999999987, 1128.9599999999996, 10753.689999999997, 2352.25, 29.159999999999755, 665.6400000000006, 2180.8900000000003, 3410.56, 268.96, 92.1600000000001, 313.28999999999996, 24.010000000000055, 1017.6099999999999, 2190.24, 146.4100000000002, 0.16000000000000456, 1.0, 1436.4100000000005, 5.290000000000052, 954.8100000000004, 12.25, 361.0, 8.409999999999991, 222.00999999999996, 4225.0, 3956.4100000000008, 0.49000000000002386, 201.63999999999967, 605.1599999999997, 2430.490000000001, 428.48999999999984, 783.9999999999998, 20.250000000000032, 249.64000000000001) 

18 : 

x <- c(852.6400000000002, 210.2500000000001, 102.00999999999996, 29.159999999999986, 8.999999999999957, 750.7600000000003, 1900.96, 1204.0900000000001, 23.04000000000011, 432.6399999999999, 441.0, 412.08999999999986, 285.60999999999996, 204.48999999999992, 44.890000000000036, 556.96, 3528.3599999999988, 3481.0, 234.0899999999995, 2.560000000000073, 2580.639999999998, 210.25, 1436.4100000000005, 309.76000000000005, 90.24999999999987, 1128.9599999999996, 10753.689999999997, 2352.25, 29.159999999999755, 665.6400000000006, 2180.8900000000003, 3410.56, 268.96, 92.1600000000001, 313.28999999999996, 24.010000000000055, 1017.6099999999999, 2190.24, 146.4100000000002, 0.16000000000000456, 1.0, 1436.4100000000005, 5.290000000000052, 954.8100000000004, 12.25, 361.0, 8.409999999999991, 222.00999999999996, 4225.0, 3956.4100000000008, 0.49000000000002386, 201.63999999999967, 605.1599999999997, 2430.490000000001, 428.48999999999984, 783.9999999999998, 20.250000000000032, 249.64000000000001) 

19 : 

x <- c(782.7800879018092, 238.54567966443358, 146.9152995405288, 66.75394411106974, 0.029241983425742784, 597.8809873018515, 1821.9884781229182, 1370.4797706967502, 0.008991334397766705, 264.43150255736174, 324.17154817580695, 355.8135143629464, 287.95826515707864, 244.08929865407185, 82.52732323648216, 429.25157515743877, 3395.342713263393, 3878.4503105601966, 58.44357311512005, 24.20502411062377, 1971.2591272314207, 140.8579089729002, 1320.9078193557848, 355.5704247495331, 145.5049034954749, 920.0626012559751, 10593.708359457685, 3071.437845131939, 26.2080695137184, 245.90355962361252, 1481.9220136995962, 2879.5032289071582, 255.8219915448415, 108.3964034388329, 369.5508171137484, 4.255593314005998, 865.9190090984383, 2180.2890691254333, 239.20484380827438, 14.93127128380379, 10.461468010394775, 1138.3729809963652, 13.307445017650952, 863.2664819085526, 18.269281732655696, 401.3598428307797, 28.556381559549713, 149.84196468010543, 4025.4728771250698, 4378.440463129686, 52.37605558528284, 39.87684424033271, 315.7191940933134, 1961.947221915717, 374.50233884579063, 794.5665733360839, 45.77511366021246, 174.24943417085598) 

20 : 

x <- c(807.7300413177007, 228.09419519139013, 129.7127837396371, 51.36933347031898, 0.9548185062115303, 651.2272498819166, 1850.388861967125, 1308.9904568028676, 2.8139590935714196, 320.5781465290288, 364.40038379583905, 375.7130547694322, 287.10689920046303, 229.34675047298276, 67.58641676952932, 473.5740457018548, 3443.210213394028, 3732.0614995121077, 108.50568788980425, 6.549304576087495, 2182.4384586034316, 164.3836276273294, 1362.1696257415688, 338.61875923893507, 123.98156574722803, 993.2338019267668, 10651.49575908954, 2799.973145155486, 1.7175226998660804, 374.23168111314413, 1719.4560138225906, 3066.5999945267645, 260.5409864061565, 102.3655021862574, 348.64374650899254, 9.549075091063203, 919.4298451368678, 2183.8894677229005, 202.98850117868568, 5.383154192685749, 2.8941778875029276, 1242.2880675550837, 9.984831820063484, 895.879724292959, 15.951365615869395, 386.49948802821524, 19.882361878174876, 174.33935505472837, 4097.159948882227, 4223.162935573403, 19.038111525003952, 84.086449533925, 409.7397826197342, 2125.807750192721, 393.63042311068085, 790.732478796283, 35.34729460016771, 199.98573557146773) 

21 : 

x <- c(852.6400000000002, 210.2500000000001, 102.00999999999996, 29.159999999999986, 8.999999999999957, 750.7600000000003, 1900.96, 1204.0900000000001, 23.04000000000011, 432.6399999999999, 441.0, 412.08999999999986, 285.60999999999996, 204.48999999999992, 44.890000000000036, 556.96, 3528.3599999999988, 3481.0, 234.0899999999995, 2.560000000000073, 2580.639999999998, 210.25, 1436.4100000000005, 309.76000000000005, 90.24999999999987, 1128.9599999999996, 10753.689999999997, 2352.25, 29.159999999999755, 665.6400000000006, 2180.8900000000003, 3410.56, 268.96, 92.1600000000001, 313.28999999999996, 24.010000000000055, 1017.6099999999999, 2190.24, 146.4100000000002, 0.16000000000000456, 1.0, 1436.4100000000005, 5.290000000000052, 954.8100000000004, 12.25, 361.0, 8.409999999999991, 222.00999999999996, 4225.0, 3956.4100000000008, 0.49000000000002386, 201.63999999999967, 605.1599999999997, 2430.490000000001, 428.48999999999984, 783.9999999999998, 20.250000000000032, 249.64000000000001) 

22 : 

x <- c(852.6400000000002, 210.2500000000001, 102.00999999999996, 29.159999999999986, 8.999999999999957, 750.7600000000003, 1900.96, 1204.0900000000001, 23.04000000000011, 432.6399999999999, 441.0, 412.08999999999986, 285.60999999999996, 204.48999999999992, 44.890000000000036, 556.96, 3528.3599999999988, 3481.0, 234.0899999999995, 2.560000000000073, 2580.639999999998, 210.25, 1436.4100000000005, 309.76000000000005, 90.24999999999987, 1128.9599999999996, 10753.689999999997, 2352.25, 29.159999999999755, 665.6400000000006, 2180.8900000000003, 3410.56, 268.96, 92.1600000000001, 313.28999999999996, 24.010000000000055, 1017.6099999999999, 2190.24, 146.4100000000002, 0.16000000000000456, 1.0, 1436.4100000000005, 5.290000000000052, 954.8100000000004, 12.25, 361.0, 8.409999999999991, 222.00999999999996, 4225.0, 3956.4100000000008, 0.49000000000002386, 201.63999999999967, 605.1599999999997, 2430.490000000001, 428.48999999999984, 783.9999999999998, 20.250000000000032, 249.64000000000001) 

23 : 

x <- c(852.6400000000002, 210.2500000000001, 102.00999999999996, 29.159999999999986, 8.999999999999957, 750.7600000000003, 1900.96, 1204.0900000000001, 23.04000000000011, 432.6399999999999, 441.0, 412.08999999999986, 285.60999999999996, 204.48999999999992, 44.890000000000036, 556.96, 3528.3599999999988, 3481.0, 234.0899999999995, 2.560000000000073, 2580.639999999998, 210.25, 1436.4100000000005, 309.76000000000005, 90.24999999999987, 1128.9599999999996, 10753.689999999997, 2352.25, 29.159999999999755, 665.6400000000006, 2180.8900000000003, 3410.56, 268.96, 92.1600000000001, 313.28999999999996, 24.010000000000055, 1017.6099999999999, 2190.24, 146.4100000000002, 0.16000000000000456, 1.0, 1436.4100000000005, 5.290000000000052, 954.8100000000004, 12.25, 361.0, 8.409999999999991, 222.00999999999996, 4225.0, 3956.4100000000008, 0.49000000000002386, 201.63999999999967, 605.1599999999997, 2430.490000000001, 428.48999999999984, 783.9999999999998, 20.250000000000032, 249.64000000000001) 

24 : 

x <- c(852.6400000000002, 210.2500000000001, 102.00999999999996, 29.159999999999986, 8.999999999999957, 750.7600000000003, 1900.96, 1204.0900000000001, 23.04000000000011, 432.6399999999999, 441.0, 412.08999999999986, 285.60999999999996, 204.48999999999992, 44.890000000000036, 556.96, 3528.3599999999988, 3481.0, 234.0899999999995, 2.560000000000073, 2580.639999999998, 210.25, 1436.4100000000005, 309.76000000000005, 90.24999999999987, 1128.9599999999996, 10753.689999999997, 2352.25, 29.159999999999755, 665.6400000000006, 2180.8900000000003, 3410.56, 268.96, 92.1600000000001, 313.28999999999996, 24.010000000000055, 1017.6099999999999, 2190.24, 146.4100000000002, 0.16000000000000456, 1.0, 1436.4100000000005, 5.290000000000052, 954.8100000000004, 12.25, 361.0, 8.409999999999991, 222.00999999999996, 4225.0, 3956.4100000000008, 0.49000000000002386, 201.63999999999967, 605.1599999999997, 2430.490000000001, 428.48999999999984, 783.9999999999998, 20.250000000000032, 249.64000000000001) 

25 : 

x <- c(852.6400000000002, 210.2500000000001, 102.00999999999996, 29.159999999999986, 8.999999999999957, 750.7600000000003, 1900.96, 1204.0900000000001, 23.04000000000011, 432.6399999999999, 441.0, 412.08999999999986, 285.60999999999996, 204.48999999999992, 44.890000000000036, 556.96, 3528.3599999999988, 3481.0, 234.0899999999995, 2.560000000000073, 2580.639999999998, 210.25, 1436.4100000000005, 309.76000000000005, 90.24999999999987, 1128.9599999999996, 10753.689999999997, 2352.25, 29.159999999999755, 665.6400000000006, 2180.8900000000003, 3410.56, 268.96, 92.1600000000001, 313.28999999999996, 24.010000000000055, 1017.6099999999999, 2190.24, 146.4100000000002, 0.16000000000000456, 1.0, 1436.4100000000005, 5.290000000000052, 954.8100000000004, 12.25, 361.0, 8.409999999999991, 222.00999999999996, 4225.0, 3956.4100000000008, 0.49000000000002386, 201.63999999999967, 605.1599999999997, 2430.490000000001, 428.48999999999984, 783.9999999999998, 20.250000000000032, 249.64000000000001) 

26 : 

x <- c(852.6400000000002, 210.2500000000001, 102.00999999999996, 29.159999999999986, 8.999999999999957, 750.7600000000003, 1900.96, 1204.0900000000001, 23.04000000000011, 432.6399999999999, 441.0, 412.08999999999986, 285.60999999999996, 204.48999999999992, 44.890000000000036, 556.96, 3528.3599999999988, 3481.0, 234.0899999999995, 2.560000000000073, 2580.639999999998, 210.25, 1436.4100000000005, 309.76000000000005, 90.24999999999987, 1128.9599999999996, 10753.689999999997, 2352.25, 29.159999999999755, 665.6400000000006, 2180.8900000000003, 3410.56, 268.96, 92.1600000000001, 313.28999999999996, 24.010000000000055, 1017.6099999999999, 2190.24, 146.4100000000002, 0.16000000000000456, 1.0, 1436.4100000000005, 5.290000000000052, 954.8100000000004, 12.25, 361.0, 8.409999999999991, 222.00999999999996, 4225.0, 3956.4100000000008, 0.49000000000002386, 201.63999999999967, 605.1599999999997, 2430.490000000001, 428.48999999999984, 783.9999999999998, 20.250000000000032, 249.64000000000001) 

27 : 

x <- c(852.6400000000002, 210.2500000000001, 102.00999999999996, 29.159999999999986, 8.999999999999957, 750.7600000000003, 1900.96, 1204.0900000000001, 23.04000000000011, 432.6399999999999, 441.0, 412.08999999999986, 285.60999999999996, 204.48999999999992, 44.890000000000036, 556.96, 3528.3599999999988, 3481.0, 234.0899999999995, 2.560000000000073, 2580.639999999998, 210.25, 1436.4100000000005, 309.76000000000005, 90.24999999999987, 1128.9599999999996, 10753.689999999997, 2352.25, 29.159999999999755, 665.6400000000006, 2180.8900000000003, 3410.56, 268.96, 92.1600000000001, 313.28999999999996, 24.010000000000055, 1017.6099999999999, 2190.24, 146.4100000000002, 0.16000000000000456, 1.0, 1436.4100000000005, 5.290000000000052, 954.8100000000004, 12.25, 361.0, 8.409999999999991, 222.00999999999996, 4225.0, 3956.4100000000008, 0.49000000000002386, 201.63999999999967, 605.1599999999997, 2430.490000000001, 428.48999999999984, 783.9999999999998, 20.250000000000032, 249.64000000000001) 

28 : 

x <- c(852.6400000000002, 210.2500000000001, 102.00999999999996, 29.159999999999986, 8.999999999999957, 750.7600000000003, 1900.96, 1204.0900000000001, 23.04000000000011, 432.6399999999999, 441.0, 412.08999999999986, 285.60999999999996, 204.48999999999992, 44.890000000000036, 556.96, 3528.3599999999988, 3481.0, 234.0899999999995, 2.560000000000073, 2580.639999999998, 210.25, 1436.4100000000005, 309.76000000000005, 90.24999999999987, 1128.9599999999996, 10753.689999999997, 2352.25, 29.159999999999755, 665.6400000000006, 2180.8900000000003, 3410.56, 268.96, 92.1600000000001, 313.28999999999996, 24.010000000000055, 1017.6099999999999, 2190.24, 146.4100000000002, 0.16000000000000456, 1.0, 1436.4100000000005, 5.290000000000052, 954.8100000000004, 12.25, 361.0, 8.409999999999991, 222.00999999999996, 4225.0, 3956.4100000000008, 0.49000000000002386, 201.63999999999967, 605.1599999999997, 2430.490000000001, 428.48999999999984, 783.9999999999998, 20.250000000000032, 249.64000000000001) 

29 : 

x <- c(861.011840314521, 214.41754447144785, 104.91911578372502, 30.724885140021268, 8.162430372550647, 742.9438712860888, 1888.5105656631097, 1194.1860236905493, 24.43328122805914, 438.6093855470503, 447.0265868510384, 417.91638228708183, 290.4639601192965, 208.60034316746018, 46.82669361593939, 550.230696061849, 3511.391662648104, 3464.146065256081, 238.48634968739748, 3.0380603642608306, 2595.1895811451577, 214.41754447144754, 1447.2700970379728, 314.81416468325233, 92.98751187176275, 1119.3706308624794, 10724.051573814897, 2338.399133715416, 30.72488514002095, 673.0394181467373, 2194.2669544134205, 3427.2832306966816, 273.670956859328, 94.92611252375667, 318.3727653352461, 22.629017984670487, 1008.506841946372, 2176.875344799311, 142.96977104112423, 0.2948525403364036, 1.3064564522985744, 1447.2700970379728, 4.652634936506651, 963.668051398414, 13.27147275214103, 366.45457381116415, 9.259868840178836, 217.76895278530063, 4206.430026136459, 3938.4406398283277, 0.7106544963175626, 205.72174251546613, 612.2162103228106, 2444.610571365255, 434.43078489505655, 792.0286324905967, 21.557479272078005, 245.14154691735743) 

30 : 

x <- c(849.6474595530639, 210.65828223776123, 115.50169991381458, 71.56029638360927, 7.413359719209563, 542.720709186307, 1899.9149450159643, 1295.1664662405037, 473.4893234883965, 0.8921165809403365, 275.0687254772216, 407.3861057489283, 285.6100009964952, 206.6894736912985, 66.83748318965594, 396.54253889825867, 3524.2419422002704, 4306.131239124511, 4534.174267365031, 2792.121595868592, 1.0713045046878908, 146.64380101415745, 1423.2959071102264, 311.84309247003307, 134.57464301354153, 732.4943373500109, 10752.617035972296, 12618.119018062334, 23776.30990028229, 15144.045022500462, 2559.495543181237, 1152.827539641786, 268.953358172271, 92.28568639164526, 318.8420342913542, 2.1735418841717955, 907.9903269094202, 2190.239976471494, 381.66208854318097, 312.0493768566407, 277.91519885919104, 449.8208543383111, 5.6841990727104665, 945.3454605087061, 12.286241498098171, 361.8415396365165, 20.842946620389192, 153.44061556213668, 4202.655821959434, 4824.097475250261, 7998.142682464872, 5557.0439311512455, 1374.430398159474, 450.1418594484338, 425.01303040083354, 784.0002425158535, 31.873785360565037, 183.52900206164958) 



