med: 0.5638379104498064/desvio: 0.0018108562301192136


Funcoes: 

1 : Expressao: (X1)
2 : Expressao: (X1)
3 : Expressao: (X1)
4 : Expressao: (X1)
5 : Expressao: ((X1*0.9602760456183638))
6 : Expressao: (X1)
7 : Expressao: (X1)
8 : Expressao: (X1)
9 : Expressao: (X1)
10 : Expressao: (X1)
11 : Expressao: (X1)
12 : Expressao: (X1)
13 : Expressao: (X1)
14 : Expressao: (X1)
15 : Expressao: (X1)
16 : Expressao: (X1)
17 : Expressao: (X1)
18 : Expressao: ((X1*0.9518091913183229))
19 : Expressao: (X1)
20 : Expressao: (X1)
21 : Expressao: (X1)
22 : Expressao: (X1)
23 : Expressao: (X1)
24 : Expressao: (X1)
25 : Expressao: (X1)
26 : Expressao: (X1)
27 : Expressao: (X1)
28 : Expressao: (X1)
29 : Expressao: (X1)
30 : Expressao: ((0.9329788066404373*X1))
Erros: 

1 : 

x <- c(0.0702250000000003, 0.0014440000000000195, 1.7134810000000027, 1.0899359999999974, 1.9182250000000043, 0.017688999999999764, 0.12960000000000216, 0.029240999999999785, 0.3237609999999989, 1.089936000000001, 0.5760810000000005, 0.24304900000000032, 0.30360099999999823, 0.07075600000000001, 0.34574399999999905, 0.4408959999999996, 0.029241000000000395, 0.05198399999999989, 0.01768900000000024, 0.061008999999999945, 0.22467600000000018, 0.11696400000000036, 0.02310399999999977, 0.20702500000000007, 0.3918759999999993, 0.19096900000000103, 0.3249000000000003, 1.4280250000000008, 0.14440000000000058, 0.005776000000000078, 0.22562499999999966, 0.0806560000000004, 0.24403599999999978, 0.3684489999999992, 0.2621440000000005, 0.22467600000000018, 0.02310399999999977, 0.04326400000000008, 0.3931289999999986, 1.087849000000002, 0.3237609999999989, 0.017423999999999915, 0.07075600000000001, 0.17388899999999985, 0.24403599999999978, 0.8987040000000007, 0.2631689999999999, 0.0014440000000000195, 0.19096899999999947, 0.0918090000000005, 1.1299690000000013, 0.5475999999999976, 0.32376100000000096, 3.6100000000000487E-4, 0.08122500000000007, 0.0702250000000003, 0.05198399999999989, 0.26214399999999866, 0.0519840000000007, 0.01768900000000024, 0.3237609999999989, 0.012996000000000176, 0.3237609999999989, 0.44089600000000195, 0.41731599999999874, 0.02280099999999994, 0.017423999999999915, 0.15920099999999932, 0.30250000000000077, 1.4762249999999997, 0.0014440000000000195, 0.8648999999999994, 0.01768900000000024, 0.012996000000000176, 0.061008999999999945, 1.1278439999999987, 0.5198410000000027, 3.609999999999374E-4, 0.029240999999999785, 0.08065599999999938, 0.4408959999999996, 0.24403599999999978, 0.023104000000000312, 0.17472400000000088, 0.08065599999999938, 0.3036010000000021, 3.6100000000007236E-4, 0.30250000000000077, 0.012996000000000176, 0.15840399999999974, 0.012996000000000176, 0.0702250000000003, 0.44222499999999887, 0.6052840000000035, 0.14364099999999966, 0.03609999999999981, 0.003249000000000044, 1.1278439999999987, 0.06051599999999934, 1.4737959999999968, 0.937024, 0.19009599999999996, 0.19096900000000103, 0.13032100000000046, 0.9741689999999967, 1.010025000000005, 0.30360099999999823, 0.029240999999999785, 1.1278439999999987, 0.0014440000000000195, 0.0702250000000003, 1.0506250000000008, 0.28196099999999874, 0.08122500000000007, 3.6100000000007236E-4, 0.08122500000000007, 0.24304900000000207, 0.17472399999999938, 0.051529000000000144, 0.02280099999999994) 

2 : 

x <- c(0.0702250000000003, 0.0014440000000000195, 1.7134810000000027, 1.0899359999999974, 1.9182250000000043, 0.017688999999999764, 0.12960000000000216, 0.029240999999999785, 0.3237609999999989, 1.089936000000001, 0.5760810000000005, 0.24304900000000032, 0.30360099999999823, 0.07075600000000001, 0.34574399999999905, 0.4408959999999996, 0.029241000000000395, 0.05198399999999989, 0.01768900000000024, 0.061008999999999945, 0.22467600000000018, 0.11696400000000036, 0.02310399999999977, 0.20702500000000007, 0.3918759999999993, 0.19096900000000103, 0.3249000000000003, 1.4280250000000008, 0.14440000000000058, 0.005776000000000078, 0.22562499999999966, 0.0806560000000004, 0.24403599999999978, 0.3684489999999992, 0.2621440000000005, 0.22467600000000018, 0.02310399999999977, 0.04326400000000008, 0.3931289999999986, 1.087849000000002, 0.3237609999999989, 0.017423999999999915, 0.07075600000000001, 0.17388899999999985, 0.24403599999999978, 0.8987040000000007, 0.2631689999999999, 0.0014440000000000195, 0.19096899999999947, 0.0918090000000005, 1.1299690000000013, 0.5475999999999976, 0.32376100000000096, 3.6100000000000487E-4, 0.08122500000000007, 0.0702250000000003, 0.05198399999999989, 0.26214399999999866, 0.0519840000000007, 0.01768900000000024, 0.3237609999999989, 0.012996000000000176, 0.3237609999999989, 0.44089600000000195, 0.41731599999999874, 0.02280099999999994, 0.017423999999999915, 0.15920099999999932, 0.30250000000000077, 1.4762249999999997, 0.0014440000000000195, 0.8648999999999994, 0.01768900000000024, 0.012996000000000176, 0.061008999999999945, 1.1278439999999987, 0.5198410000000027, 3.609999999999374E-4, 0.029240999999999785, 0.08065599999999938, 0.4408959999999996, 0.24403599999999978, 0.023104000000000312, 0.17472400000000088, 0.08065599999999938, 0.3036010000000021, 3.6100000000007236E-4, 0.30250000000000077, 0.012996000000000176, 0.15840399999999974, 0.012996000000000176, 0.0702250000000003, 0.44222499999999887, 0.6052840000000035, 0.14364099999999966, 0.03609999999999981, 0.003249000000000044, 1.1278439999999987, 0.06051599999999934, 1.4737959999999968, 0.937024, 0.19009599999999996, 0.19096900000000103, 0.13032100000000046, 0.9741689999999967, 1.010025000000005, 0.30360099999999823, 0.029240999999999785, 1.1278439999999987, 0.0014440000000000195, 0.0702250000000003, 1.0506250000000008, 0.28196099999999874, 0.08122500000000007, 3.6100000000007236E-4, 0.08122500000000007, 0.24304900000000207, 0.17472399999999938, 0.051529000000000144, 0.02280099999999994) 

3 : 

x <- c(0.0702250000000003, 0.0014440000000000195, 1.7134810000000027, 1.0899359999999974, 1.9182250000000043, 0.017688999999999764, 0.12960000000000216, 0.029240999999999785, 0.3237609999999989, 1.089936000000001, 0.5760810000000005, 0.24304900000000032, 0.30360099999999823, 0.07075600000000001, 0.34574399999999905, 0.4408959999999996, 0.029241000000000395, 0.05198399999999989, 0.01768900000000024, 0.061008999999999945, 0.22467600000000018, 0.11696400000000036, 0.02310399999999977, 0.20702500000000007, 0.3918759999999993, 0.19096900000000103, 0.3249000000000003, 1.4280250000000008, 0.14440000000000058, 0.005776000000000078, 0.22562499999999966, 0.0806560000000004, 0.24403599999999978, 0.3684489999999992, 0.2621440000000005, 0.22467600000000018, 0.02310399999999977, 0.04326400000000008, 0.3931289999999986, 1.087849000000002, 0.3237609999999989, 0.017423999999999915, 0.07075600000000001, 0.17388899999999985, 0.24403599999999978, 0.8987040000000007, 0.2631689999999999, 0.0014440000000000195, 0.19096899999999947, 0.0918090000000005, 1.1299690000000013, 0.5475999999999976, 0.32376100000000096, 3.6100000000000487E-4, 0.08122500000000007, 0.0702250000000003, 0.05198399999999989, 0.26214399999999866, 0.0519840000000007, 0.01768900000000024, 0.3237609999999989, 0.012996000000000176, 0.3237609999999989, 0.44089600000000195, 0.41731599999999874, 0.02280099999999994, 0.017423999999999915, 0.15920099999999932, 0.30250000000000077, 1.4762249999999997, 0.0014440000000000195, 0.8648999999999994, 0.01768900000000024, 0.012996000000000176, 0.061008999999999945, 1.1278439999999987, 0.5198410000000027, 3.609999999999374E-4, 0.029240999999999785, 0.08065599999999938, 0.4408959999999996, 0.24403599999999978, 0.023104000000000312, 0.17472400000000088, 0.08065599999999938, 0.3036010000000021, 3.6100000000007236E-4, 0.30250000000000077, 0.012996000000000176, 0.15840399999999974, 0.012996000000000176, 0.0702250000000003, 0.44222499999999887, 0.6052840000000035, 0.14364099999999966, 0.03609999999999981, 0.003249000000000044, 1.1278439999999987, 0.06051599999999934, 1.4737959999999968, 0.937024, 0.19009599999999996, 0.19096900000000103, 0.13032100000000046, 0.9741689999999967, 1.010025000000005, 0.30360099999999823, 0.029240999999999785, 1.1278439999999987, 0.0014440000000000195, 0.0702250000000003, 1.0506250000000008, 0.28196099999999874, 0.08122500000000007, 3.6100000000007236E-4, 0.08122500000000007, 0.24304900000000207, 0.17472399999999938, 0.051529000000000144, 0.02280099999999994) 

4 : 

x <- c(0.0702250000000003, 0.0014440000000000195, 1.7134810000000027, 1.0899359999999974, 1.9182250000000043, 0.017688999999999764, 0.12960000000000216, 0.029240999999999785, 0.3237609999999989, 1.089936000000001, 0.5760810000000005, 0.24304900000000032, 0.30360099999999823, 0.07075600000000001, 0.34574399999999905, 0.4408959999999996, 0.029241000000000395, 0.05198399999999989, 0.01768900000000024, 0.061008999999999945, 0.22467600000000018, 0.11696400000000036, 0.02310399999999977, 0.20702500000000007, 0.3918759999999993, 0.19096900000000103, 0.3249000000000003, 1.4280250000000008, 0.14440000000000058, 0.005776000000000078, 0.22562499999999966, 0.0806560000000004, 0.24403599999999978, 0.3684489999999992, 0.2621440000000005, 0.22467600000000018, 0.02310399999999977, 0.04326400000000008, 0.3931289999999986, 1.087849000000002, 0.3237609999999989, 0.017423999999999915, 0.07075600000000001, 0.17388899999999985, 0.24403599999999978, 0.8987040000000007, 0.2631689999999999, 0.0014440000000000195, 0.19096899999999947, 0.0918090000000005, 1.1299690000000013, 0.5475999999999976, 0.32376100000000096, 3.6100000000000487E-4, 0.08122500000000007, 0.0702250000000003, 0.05198399999999989, 0.26214399999999866, 0.0519840000000007, 0.01768900000000024, 0.3237609999999989, 0.012996000000000176, 0.3237609999999989, 0.44089600000000195, 0.41731599999999874, 0.02280099999999994, 0.017423999999999915, 0.15920099999999932, 0.30250000000000077, 1.4762249999999997, 0.0014440000000000195, 0.8648999999999994, 0.01768900000000024, 0.012996000000000176, 0.061008999999999945, 1.1278439999999987, 0.5198410000000027, 3.609999999999374E-4, 0.029240999999999785, 0.08065599999999938, 0.4408959999999996, 0.24403599999999978, 0.023104000000000312, 0.17472400000000088, 0.08065599999999938, 0.3036010000000021, 3.6100000000007236E-4, 0.30250000000000077, 0.012996000000000176, 0.15840399999999974, 0.012996000000000176, 0.0702250000000003, 0.44222499999999887, 0.6052840000000035, 0.14364099999999966, 0.03609999999999981, 0.003249000000000044, 1.1278439999999987, 0.06051599999999934, 1.4737959999999968, 0.937024, 0.19009599999999996, 0.19096900000000103, 0.13032100000000046, 0.9741689999999967, 1.010025000000005, 0.30360099999999823, 0.029240999999999785, 1.1278439999999987, 0.0014440000000000195, 0.0702250000000003, 1.0506250000000008, 0.28196099999999874, 0.08122500000000007, 3.6100000000007236E-4, 0.08122500000000007, 0.24304900000000207, 0.17472399999999938, 0.051529000000000144, 0.02280099999999994) 

5 : 

x <- c(0.08718534105553409, 7.831531435009841E-6, 1.6121660817216144, 1.1166353461242715, 2.07124335418963, 5.664797753819939E-4, 0.06557907730253838, 0.006623476737066718, 0.2363686016761877, 0.9678240158197818, 0.5479734376448506, 0.2544221454105987, 0.33870848477399007, 0.0454224491344731, 0.29777976146786544, 0.41608909942414374, 0.03183597781592883, 0.05867013574794311, 0.012039301079271517, 0.052444222016668755, 0.21698720250138012, 0.12436061611602656, 0.031058281194620847, 0.23548856404141366, 0.4547425798836374, 0.2603175442743295, 0.2298506297729301, 1.2702869016862826, 0.12926913908985205, 0.0066202176670638315, 0.23365984064961393, 0.096878192774301, 0.283592697545661, 0.44243497261686965, 0.35315718437761845, 0.33247789317376564, 0.07476840259386776, 0.006484089483394731, 0.2578470551437898, 0.9000190649349414, 0.26638546002978797, 0.02633208496541776, 0.09091141668426936, 0.21444472874453502, 0.3098555066024817, 1.0614568822472794, 0.40059861836378347, 0.031793383778969536, 0.0871332967003288, 0.03187755454407241, 0.9036008590134469, 0.4486397915082216, 0.27899683796822133, 0.0013835094831930019, 0.09238579243101168, 0.08718534105553409, 0.07225262680038982, 0.3156816578821648, 0.0889197890186017, 0.002888925418799753, 0.24505669166092375, 0.003923135807369125, 0.27265469105908985, 0.4093010486539373, 0.42008948759091064, 0.031971150019372875, 0.009642631369724736, 0.1372261366256694, 0.2886808888206353, 1.4985150566681151, 3.7648030044402345E-4, 0.7640620159809175, 0.02308889744993299, 0.008058006861505571, 0.051662986307898985, 1.1069286116306585, 0.5674512307984513, 0.006389533854210096, 0.05414431729513963, 0.046447960411678806, 0.3682056233557325, 0.21453219002094248, 0.019824592427115505, 0.17906618646506917, 0.09349329978154401, 0.34111246795136335, 0.0012914135402617274, 0.36503526993297364, 0.03611127262558186, 0.22901794436330458, 0.04425483306037093, 0.02692984123670939, 0.3301996253838351, 0.5098622894053946, 0.11968254839444789, 0.04326107354654875, 0.006812936859080521, 1.1876744625854654, 0.030978949329401602, 1.6236354071798746, 1.1587325662360413, 0.33976914239352984, 0.3614616901617032, 0.032192896676068394, 0.67201324236245, 0.7690793296718448, 0.21427109166311084, 0.05627230634533975, 0.9780999503248171, 5.1497811959365295E-5, 0.08662090255547333, 1.1338866535367293, 0.3740034237779754, 0.14949946988568008, 0.01741685690904499, 0.02933420239256362, 0.1525633852041695, 0.1123439841999619, 0.025850901123190606, 0.04334745157802701) 

6 : 

x <- c(0.0702250000000003, 0.0014440000000000195, 1.7134810000000027, 1.0899359999999974, 1.9182250000000043, 0.017688999999999764, 0.12960000000000216, 0.029240999999999785, 0.3237609999999989, 1.089936000000001, 0.5760810000000005, 0.24304900000000032, 0.30360099999999823, 0.07075600000000001, 0.34574399999999905, 0.4408959999999996, 0.029241000000000395, 0.05198399999999989, 0.01768900000000024, 0.061008999999999945, 0.22467600000000018, 0.11696400000000036, 0.02310399999999977, 0.20702500000000007, 0.3918759999999993, 0.19096900000000103, 0.3249000000000003, 1.4280250000000008, 0.14440000000000058, 0.005776000000000078, 0.22562499999999966, 0.0806560000000004, 0.24403599999999978, 0.3684489999999992, 0.2621440000000005, 0.22467600000000018, 0.02310399999999977, 0.04326400000000008, 0.3931289999999986, 1.087849000000002, 0.3237609999999989, 0.017423999999999915, 0.07075600000000001, 0.17388899999999985, 0.24403599999999978, 0.8987040000000007, 0.2631689999999999, 0.0014440000000000195, 0.19096899999999947, 0.0918090000000005, 1.1299690000000013, 0.5475999999999976, 0.32376100000000096, 3.6100000000000487E-4, 0.08122500000000007, 0.0702250000000003, 0.05198399999999989, 0.26214399999999866, 0.0519840000000007, 0.01768900000000024, 0.3237609999999989, 0.012996000000000176, 0.3237609999999989, 0.44089600000000195, 0.41731599999999874, 0.02280099999999994, 0.017423999999999915, 0.15920099999999932, 0.30250000000000077, 1.4762249999999997, 0.0014440000000000195, 0.8648999999999994, 0.01768900000000024, 0.012996000000000176, 0.061008999999999945, 1.1278439999999987, 0.5198410000000027, 3.609999999999374E-4, 0.029240999999999785, 0.08065599999999938, 0.4408959999999996, 0.24403599999999978, 0.023104000000000312, 0.17472400000000088, 0.08065599999999938, 0.3036010000000021, 3.6100000000007236E-4, 0.30250000000000077, 0.012996000000000176, 0.15840399999999974, 0.012996000000000176, 0.0702250000000003, 0.44222499999999887, 0.6052840000000035, 0.14364099999999966, 0.03609999999999981, 0.003249000000000044, 1.1278439999999987, 0.06051599999999934, 1.4737959999999968, 0.937024, 0.19009599999999996, 0.19096900000000103, 0.13032100000000046, 0.9741689999999967, 1.010025000000005, 0.30360099999999823, 0.029240999999999785, 1.1278439999999987, 0.0014440000000000195, 0.0702250000000003, 1.0506250000000008, 0.28196099999999874, 0.08122500000000007, 3.6100000000007236E-4, 0.08122500000000007, 0.24304900000000207, 0.17472399999999938, 0.051529000000000144, 0.02280099999999994) 

7 : 

x <- c(0.0702250000000003, 0.0014440000000000195, 1.7134810000000027, 1.0899359999999974, 1.9182250000000043, 0.017688999999999764, 0.12960000000000216, 0.029240999999999785, 0.3237609999999989, 1.089936000000001, 0.5760810000000005, 0.24304900000000032, 0.30360099999999823, 0.07075600000000001, 0.34574399999999905, 0.4408959999999996, 0.029241000000000395, 0.05198399999999989, 0.01768900000000024, 0.061008999999999945, 0.22467600000000018, 0.11696400000000036, 0.02310399999999977, 0.20702500000000007, 0.3918759999999993, 0.19096900000000103, 0.3249000000000003, 1.4280250000000008, 0.14440000000000058, 0.005776000000000078, 0.22562499999999966, 0.0806560000000004, 0.24403599999999978, 0.3684489999999992, 0.2621440000000005, 0.22467600000000018, 0.02310399999999977, 0.04326400000000008, 0.3931289999999986, 1.087849000000002, 0.3237609999999989, 0.017423999999999915, 0.07075600000000001, 0.17388899999999985, 0.24403599999999978, 0.8987040000000007, 0.2631689999999999, 0.0014440000000000195, 0.19096899999999947, 0.0918090000000005, 1.1299690000000013, 0.5475999999999976, 0.32376100000000096, 3.6100000000000487E-4, 0.08122500000000007, 0.0702250000000003, 0.05198399999999989, 0.26214399999999866, 0.0519840000000007, 0.01768900000000024, 0.3237609999999989, 0.012996000000000176, 0.3237609999999989, 0.44089600000000195, 0.41731599999999874, 0.02280099999999994, 0.017423999999999915, 0.15920099999999932, 0.30250000000000077, 1.4762249999999997, 0.0014440000000000195, 0.8648999999999994, 0.01768900000000024, 0.012996000000000176, 0.061008999999999945, 1.1278439999999987, 0.5198410000000027, 3.609999999999374E-4, 0.029240999999999785, 0.08065599999999938, 0.4408959999999996, 0.24403599999999978, 0.023104000000000312, 0.17472400000000088, 0.08065599999999938, 0.3036010000000021, 3.6100000000007236E-4, 0.30250000000000077, 0.012996000000000176, 0.15840399999999974, 0.012996000000000176, 0.0702250000000003, 0.44222499999999887, 0.6052840000000035, 0.14364099999999966, 0.03609999999999981, 0.003249000000000044, 1.1278439999999987, 0.06051599999999934, 1.4737959999999968, 0.937024, 0.19009599999999996, 0.19096900000000103, 0.13032100000000046, 0.9741689999999967, 1.010025000000005, 0.30360099999999823, 0.029240999999999785, 1.1278439999999987, 0.0014440000000000195, 0.0702250000000003, 1.0506250000000008, 0.28196099999999874, 0.08122500000000007, 3.6100000000007236E-4, 0.08122500000000007, 0.24304900000000207, 0.17472399999999938, 0.051529000000000144, 0.02280099999999994) 

8 : 

x <- c(0.0702250000000003, 0.0014440000000000195, 1.7134810000000027, 1.0899359999999974, 1.9182250000000043, 0.017688999999999764, 0.12960000000000216, 0.029240999999999785, 0.3237609999999989, 1.089936000000001, 0.5760810000000005, 0.24304900000000032, 0.30360099999999823, 0.07075600000000001, 0.34574399999999905, 0.4408959999999996, 0.029241000000000395, 0.05198399999999989, 0.01768900000000024, 0.061008999999999945, 0.22467600000000018, 0.11696400000000036, 0.02310399999999977, 0.20702500000000007, 0.3918759999999993, 0.19096900000000103, 0.3249000000000003, 1.4280250000000008, 0.14440000000000058, 0.005776000000000078, 0.22562499999999966, 0.0806560000000004, 0.24403599999999978, 0.3684489999999992, 0.2621440000000005, 0.22467600000000018, 0.02310399999999977, 0.04326400000000008, 0.3931289999999986, 1.087849000000002, 0.3237609999999989, 0.017423999999999915, 0.07075600000000001, 0.17388899999999985, 0.24403599999999978, 0.8987040000000007, 0.2631689999999999, 0.0014440000000000195, 0.19096899999999947, 0.0918090000000005, 1.1299690000000013, 0.5475999999999976, 0.32376100000000096, 3.6100000000000487E-4, 0.08122500000000007, 0.0702250000000003, 0.05198399999999989, 0.26214399999999866, 0.0519840000000007, 0.01768900000000024, 0.3237609999999989, 0.012996000000000176, 0.3237609999999989, 0.44089600000000195, 0.41731599999999874, 0.02280099999999994, 0.017423999999999915, 0.15920099999999932, 0.30250000000000077, 1.4762249999999997, 0.0014440000000000195, 0.8648999999999994, 0.01768900000000024, 0.012996000000000176, 0.061008999999999945, 1.1278439999999987, 0.5198410000000027, 3.609999999999374E-4, 0.029240999999999785, 0.08065599999999938, 0.4408959999999996, 0.24403599999999978, 0.023104000000000312, 0.17472400000000088, 0.08065599999999938, 0.3036010000000021, 3.6100000000007236E-4, 0.30250000000000077, 0.012996000000000176, 0.15840399999999974, 0.012996000000000176, 0.0702250000000003, 0.44222499999999887, 0.6052840000000035, 0.14364099999999966, 0.03609999999999981, 0.003249000000000044, 1.1278439999999987, 0.06051599999999934, 1.4737959999999968, 0.937024, 0.19009599999999996, 0.19096900000000103, 0.13032100000000046, 0.9741689999999967, 1.010025000000005, 0.30360099999999823, 0.029240999999999785, 1.1278439999999987, 0.0014440000000000195, 0.0702250000000003, 1.0506250000000008, 0.28196099999999874, 0.08122500000000007, 3.6100000000007236E-4, 0.08122500000000007, 0.24304900000000207, 0.17472399999999938, 0.051529000000000144, 0.02280099999999994) 

9 : 

x <- c(0.0702250000000003, 0.0014440000000000195, 1.7134810000000027, 1.0899359999999974, 1.9182250000000043, 0.017688999999999764, 0.12960000000000216, 0.029240999999999785, 0.3237609999999989, 1.089936000000001, 0.5760810000000005, 0.24304900000000032, 0.30360099999999823, 0.07075600000000001, 0.34574399999999905, 0.4408959999999996, 0.029241000000000395, 0.05198399999999989, 0.01768900000000024, 0.061008999999999945, 0.22467600000000018, 0.11696400000000036, 0.02310399999999977, 0.20702500000000007, 0.3918759999999993, 0.19096900000000103, 0.3249000000000003, 1.4280250000000008, 0.14440000000000058, 0.005776000000000078, 0.22562499999999966, 0.0806560000000004, 0.24403599999999978, 0.3684489999999992, 0.2621440000000005, 0.22467600000000018, 0.02310399999999977, 0.04326400000000008, 0.3931289999999986, 1.087849000000002, 0.3237609999999989, 0.017423999999999915, 0.07075600000000001, 0.17388899999999985, 0.24403599999999978, 0.8987040000000007, 0.2631689999999999, 0.0014440000000000195, 0.19096899999999947, 0.0918090000000005, 1.1299690000000013, 0.5475999999999976, 0.32376100000000096, 3.6100000000000487E-4, 0.08122500000000007, 0.0702250000000003, 0.05198399999999989, 0.26214399999999866, 0.0519840000000007, 0.01768900000000024, 0.3237609999999989, 0.012996000000000176, 0.3237609999999989, 0.44089600000000195, 0.41731599999999874, 0.02280099999999994, 0.017423999999999915, 0.15920099999999932, 0.30250000000000077, 1.4762249999999997, 0.0014440000000000195, 0.8648999999999994, 0.01768900000000024, 0.012996000000000176, 0.061008999999999945, 1.1278439999999987, 0.5198410000000027, 3.609999999999374E-4, 0.029240999999999785, 0.08065599999999938, 0.4408959999999996, 0.24403599999999978, 0.023104000000000312, 0.17472400000000088, 0.08065599999999938, 0.3036010000000021, 3.6100000000007236E-4, 0.30250000000000077, 0.012996000000000176, 0.15840399999999974, 0.012996000000000176, 0.0702250000000003, 0.44222499999999887, 0.6052840000000035, 0.14364099999999966, 0.03609999999999981, 0.003249000000000044, 1.1278439999999987, 0.06051599999999934, 1.4737959999999968, 0.937024, 0.19009599999999996, 0.19096900000000103, 0.13032100000000046, 0.9741689999999967, 1.010025000000005, 0.30360099999999823, 0.029240999999999785, 1.1278439999999987, 0.0014440000000000195, 0.0702250000000003, 1.0506250000000008, 0.28196099999999874, 0.08122500000000007, 3.6100000000007236E-4, 0.08122500000000007, 0.24304900000000207, 0.17472399999999938, 0.051529000000000144, 0.02280099999999994) 

10 : 

x <- c(0.0702250000000003, 0.0014440000000000195, 1.7134810000000027, 1.0899359999999974, 1.9182250000000043, 0.017688999999999764, 0.12960000000000216, 0.029240999999999785, 0.3237609999999989, 1.089936000000001, 0.5760810000000005, 0.24304900000000032, 0.30360099999999823, 0.07075600000000001, 0.34574399999999905, 0.4408959999999996, 0.029241000000000395, 0.05198399999999989, 0.01768900000000024, 0.061008999999999945, 0.22467600000000018, 0.11696400000000036, 0.02310399999999977, 0.20702500000000007, 0.3918759999999993, 0.19096900000000103, 0.3249000000000003, 1.4280250000000008, 0.14440000000000058, 0.005776000000000078, 0.22562499999999966, 0.0806560000000004, 0.24403599999999978, 0.3684489999999992, 0.2621440000000005, 0.22467600000000018, 0.02310399999999977, 0.04326400000000008, 0.3931289999999986, 1.087849000000002, 0.3237609999999989, 0.017423999999999915, 0.07075600000000001, 0.17388899999999985, 0.24403599999999978, 0.8987040000000007, 0.2631689999999999, 0.0014440000000000195, 0.19096899999999947, 0.0918090000000005, 1.1299690000000013, 0.5475999999999976, 0.32376100000000096, 3.6100000000000487E-4, 0.08122500000000007, 0.0702250000000003, 0.05198399999999989, 0.26214399999999866, 0.0519840000000007, 0.01768900000000024, 0.3237609999999989, 0.012996000000000176, 0.3237609999999989, 0.44089600000000195, 0.41731599999999874, 0.02280099999999994, 0.017423999999999915, 0.15920099999999932, 0.30250000000000077, 1.4762249999999997, 0.0014440000000000195, 0.8648999999999994, 0.01768900000000024, 0.012996000000000176, 0.061008999999999945, 1.1278439999999987, 0.5198410000000027, 3.609999999999374E-4, 0.029240999999999785, 0.08065599999999938, 0.4408959999999996, 0.24403599999999978, 0.023104000000000312, 0.17472400000000088, 0.08065599999999938, 0.3036010000000021, 3.6100000000007236E-4, 0.30250000000000077, 0.012996000000000176, 0.15840399999999974, 0.012996000000000176, 0.0702250000000003, 0.44222499999999887, 0.6052840000000035, 0.14364099999999966, 0.03609999999999981, 0.003249000000000044, 1.1278439999999987, 0.06051599999999934, 1.4737959999999968, 0.937024, 0.19009599999999996, 0.19096900000000103, 0.13032100000000046, 0.9741689999999967, 1.010025000000005, 0.30360099999999823, 0.029240999999999785, 1.1278439999999987, 0.0014440000000000195, 0.0702250000000003, 1.0506250000000008, 0.28196099999999874, 0.08122500000000007, 3.6100000000007236E-4, 0.08122500000000007, 0.24304900000000207, 0.17472399999999938, 0.051529000000000144, 0.02280099999999994) 

11 : 

x <- c(0.0702250000000003, 0.0014440000000000195, 1.7134810000000027, 1.0899359999999974, 1.9182250000000043, 0.017688999999999764, 0.12960000000000216, 0.029240999999999785, 0.3237609999999989, 1.089936000000001, 0.5760810000000005, 0.24304900000000032, 0.30360099999999823, 0.07075600000000001, 0.34574399999999905, 0.4408959999999996, 0.029241000000000395, 0.05198399999999989, 0.01768900000000024, 0.061008999999999945, 0.22467600000000018, 0.11696400000000036, 0.02310399999999977, 0.20702500000000007, 0.3918759999999993, 0.19096900000000103, 0.3249000000000003, 1.4280250000000008, 0.14440000000000058, 0.005776000000000078, 0.22562499999999966, 0.0806560000000004, 0.24403599999999978, 0.3684489999999992, 0.2621440000000005, 0.22467600000000018, 0.02310399999999977, 0.04326400000000008, 0.3931289999999986, 1.087849000000002, 0.3237609999999989, 0.017423999999999915, 0.07075600000000001, 0.17388899999999985, 0.24403599999999978, 0.8987040000000007, 0.2631689999999999, 0.0014440000000000195, 0.19096899999999947, 0.0918090000000005, 1.1299690000000013, 0.5475999999999976, 0.32376100000000096, 3.6100000000000487E-4, 0.08122500000000007, 0.0702250000000003, 0.05198399999999989, 0.26214399999999866, 0.0519840000000007, 0.01768900000000024, 0.3237609999999989, 0.012996000000000176, 0.3237609999999989, 0.44089600000000195, 0.41731599999999874, 0.02280099999999994, 0.017423999999999915, 0.15920099999999932, 0.30250000000000077, 1.4762249999999997, 0.0014440000000000195, 0.8648999999999994, 0.01768900000000024, 0.012996000000000176, 0.061008999999999945, 1.1278439999999987, 0.5198410000000027, 3.609999999999374E-4, 0.029240999999999785, 0.08065599999999938, 0.4408959999999996, 0.24403599999999978, 0.023104000000000312, 0.17472400000000088, 0.08065599999999938, 0.3036010000000021, 3.6100000000007236E-4, 0.30250000000000077, 0.012996000000000176, 0.15840399999999974, 0.012996000000000176, 0.0702250000000003, 0.44222499999999887, 0.6052840000000035, 0.14364099999999966, 0.03609999999999981, 0.003249000000000044, 1.1278439999999987, 0.06051599999999934, 1.4737959999999968, 0.937024, 0.19009599999999996, 0.19096900000000103, 0.13032100000000046, 0.9741689999999967, 1.010025000000005, 0.30360099999999823, 0.029240999999999785, 1.1278439999999987, 0.0014440000000000195, 0.0702250000000003, 1.0506250000000008, 0.28196099999999874, 0.08122500000000007, 3.6100000000007236E-4, 0.08122500000000007, 0.24304900000000207, 0.17472399999999938, 0.051529000000000144, 0.02280099999999994) 

12 : 

x <- c(0.0702250000000003, 0.0014440000000000195, 1.7134810000000027, 1.0899359999999974, 1.9182250000000043, 0.017688999999999764, 0.12960000000000216, 0.029240999999999785, 0.3237609999999989, 1.089936000000001, 0.5760810000000005, 0.24304900000000032, 0.30360099999999823, 0.07075600000000001, 0.34574399999999905, 0.4408959999999996, 0.029241000000000395, 0.05198399999999989, 0.01768900000000024, 0.061008999999999945, 0.22467600000000018, 0.11696400000000036, 0.02310399999999977, 0.20702500000000007, 0.3918759999999993, 0.19096900000000103, 0.3249000000000003, 1.4280250000000008, 0.14440000000000058, 0.005776000000000078, 0.22562499999999966, 0.0806560000000004, 0.24403599999999978, 0.3684489999999992, 0.2621440000000005, 0.22467600000000018, 0.02310399999999977, 0.04326400000000008, 0.3931289999999986, 1.087849000000002, 0.3237609999999989, 0.017423999999999915, 0.07075600000000001, 0.17388899999999985, 0.24403599999999978, 0.8987040000000007, 0.2631689999999999, 0.0014440000000000195, 0.19096899999999947, 0.0918090000000005, 1.1299690000000013, 0.5475999999999976, 0.32376100000000096, 3.6100000000000487E-4, 0.08122500000000007, 0.0702250000000003, 0.05198399999999989, 0.26214399999999866, 0.0519840000000007, 0.01768900000000024, 0.3237609999999989, 0.012996000000000176, 0.3237609999999989, 0.44089600000000195, 0.41731599999999874, 0.02280099999999994, 0.017423999999999915, 0.15920099999999932, 0.30250000000000077, 1.4762249999999997, 0.0014440000000000195, 0.8648999999999994, 0.01768900000000024, 0.012996000000000176, 0.061008999999999945, 1.1278439999999987, 0.5198410000000027, 3.609999999999374E-4, 0.029240999999999785, 0.08065599999999938, 0.4408959999999996, 0.24403599999999978, 0.023104000000000312, 0.17472400000000088, 0.08065599999999938, 0.3036010000000021, 3.6100000000007236E-4, 0.30250000000000077, 0.012996000000000176, 0.15840399999999974, 0.012996000000000176, 0.0702250000000003, 0.44222499999999887, 0.6052840000000035, 0.14364099999999966, 0.03609999999999981, 0.003249000000000044, 1.1278439999999987, 0.06051599999999934, 1.4737959999999968, 0.937024, 0.19009599999999996, 0.19096900000000103, 0.13032100000000046, 0.9741689999999967, 1.010025000000005, 0.30360099999999823, 0.029240999999999785, 1.1278439999999987, 0.0014440000000000195, 0.0702250000000003, 1.0506250000000008, 0.28196099999999874, 0.08122500000000007, 3.6100000000007236E-4, 0.08122500000000007, 0.24304900000000207, 0.17472399999999938, 0.051529000000000144, 0.02280099999999994) 

13 : 

x <- c(0.0702250000000003, 0.0014440000000000195, 1.7134810000000027, 1.0899359999999974, 1.9182250000000043, 0.017688999999999764, 0.12960000000000216, 0.029240999999999785, 0.3237609999999989, 1.089936000000001, 0.5760810000000005, 0.24304900000000032, 0.30360099999999823, 0.07075600000000001, 0.34574399999999905, 0.4408959999999996, 0.029241000000000395, 0.05198399999999989, 0.01768900000000024, 0.061008999999999945, 0.22467600000000018, 0.11696400000000036, 0.02310399999999977, 0.20702500000000007, 0.3918759999999993, 0.19096900000000103, 0.3249000000000003, 1.4280250000000008, 0.14440000000000058, 0.005776000000000078, 0.22562499999999966, 0.0806560000000004, 0.24403599999999978, 0.3684489999999992, 0.2621440000000005, 0.22467600000000018, 0.02310399999999977, 0.04326400000000008, 0.3931289999999986, 1.087849000000002, 0.3237609999999989, 0.017423999999999915, 0.07075600000000001, 0.17388899999999985, 0.24403599999999978, 0.8987040000000007, 0.2631689999999999, 0.0014440000000000195, 0.19096899999999947, 0.0918090000000005, 1.1299690000000013, 0.5475999999999976, 0.32376100000000096, 3.6100000000000487E-4, 0.08122500000000007, 0.0702250000000003, 0.05198399999999989, 0.26214399999999866, 0.0519840000000007, 0.01768900000000024, 0.3237609999999989, 0.012996000000000176, 0.3237609999999989, 0.44089600000000195, 0.41731599999999874, 0.02280099999999994, 0.017423999999999915, 0.15920099999999932, 0.30250000000000077, 1.4762249999999997, 0.0014440000000000195, 0.8648999999999994, 0.01768900000000024, 0.012996000000000176, 0.061008999999999945, 1.1278439999999987, 0.5198410000000027, 3.609999999999374E-4, 0.029240999999999785, 0.08065599999999938, 0.4408959999999996, 0.24403599999999978, 0.023104000000000312, 0.17472400000000088, 0.08065599999999938, 0.3036010000000021, 3.6100000000007236E-4, 0.30250000000000077, 0.012996000000000176, 0.15840399999999974, 0.012996000000000176, 0.0702250000000003, 0.44222499999999887, 0.6052840000000035, 0.14364099999999966, 0.03609999999999981, 0.003249000000000044, 1.1278439999999987, 0.06051599999999934, 1.4737959999999968, 0.937024, 0.19009599999999996, 0.19096900000000103, 0.13032100000000046, 0.9741689999999967, 1.010025000000005, 0.30360099999999823, 0.029240999999999785, 1.1278439999999987, 0.0014440000000000195, 0.0702250000000003, 1.0506250000000008, 0.28196099999999874, 0.08122500000000007, 3.6100000000007236E-4, 0.08122500000000007, 0.24304900000000207, 0.17472399999999938, 0.051529000000000144, 0.02280099999999994) 

14 : 

x <- c(0.0702250000000003, 0.0014440000000000195, 1.7134810000000027, 1.0899359999999974, 1.9182250000000043, 0.017688999999999764, 0.12960000000000216, 0.029240999999999785, 0.3237609999999989, 1.089936000000001, 0.5760810000000005, 0.24304900000000032, 0.30360099999999823, 0.07075600000000001, 0.34574399999999905, 0.4408959999999996, 0.029241000000000395, 0.05198399999999989, 0.01768900000000024, 0.061008999999999945, 0.22467600000000018, 0.11696400000000036, 0.02310399999999977, 0.20702500000000007, 0.3918759999999993, 0.19096900000000103, 0.3249000000000003, 1.4280250000000008, 0.14440000000000058, 0.005776000000000078, 0.22562499999999966, 0.0806560000000004, 0.24403599999999978, 0.3684489999999992, 0.2621440000000005, 0.22467600000000018, 0.02310399999999977, 0.04326400000000008, 0.3931289999999986, 1.087849000000002, 0.3237609999999989, 0.017423999999999915, 0.07075600000000001, 0.17388899999999985, 0.24403599999999978, 0.8987040000000007, 0.2631689999999999, 0.0014440000000000195, 0.19096899999999947, 0.0918090000000005, 1.1299690000000013, 0.5475999999999976, 0.32376100000000096, 3.6100000000000487E-4, 0.08122500000000007, 0.0702250000000003, 0.05198399999999989, 0.26214399999999866, 0.0519840000000007, 0.01768900000000024, 0.3237609999999989, 0.012996000000000176, 0.3237609999999989, 0.44089600000000195, 0.41731599999999874, 0.02280099999999994, 0.017423999999999915, 0.15920099999999932, 0.30250000000000077, 1.4762249999999997, 0.0014440000000000195, 0.8648999999999994, 0.01768900000000024, 0.012996000000000176, 0.061008999999999945, 1.1278439999999987, 0.5198410000000027, 3.609999999999374E-4, 0.029240999999999785, 0.08065599999999938, 0.4408959999999996, 0.24403599999999978, 0.023104000000000312, 0.17472400000000088, 0.08065599999999938, 0.3036010000000021, 3.6100000000007236E-4, 0.30250000000000077, 0.012996000000000176, 0.15840399999999974, 0.012996000000000176, 0.0702250000000003, 0.44222499999999887, 0.6052840000000035, 0.14364099999999966, 0.03609999999999981, 0.003249000000000044, 1.1278439999999987, 0.06051599999999934, 1.4737959999999968, 0.937024, 0.19009599999999996, 0.19096900000000103, 0.13032100000000046, 0.9741689999999967, 1.010025000000005, 0.30360099999999823, 0.029240999999999785, 1.1278439999999987, 0.0014440000000000195, 0.0702250000000003, 1.0506250000000008, 0.28196099999999874, 0.08122500000000007, 3.6100000000007236E-4, 0.08122500000000007, 0.24304900000000207, 0.17472399999999938, 0.051529000000000144, 0.02280099999999994) 

15 : 

x <- c(0.0702250000000003, 0.0014440000000000195, 1.7134810000000027, 1.0899359999999974, 1.9182250000000043, 0.017688999999999764, 0.12960000000000216, 0.029240999999999785, 0.3237609999999989, 1.089936000000001, 0.5760810000000005, 0.24304900000000032, 0.30360099999999823, 0.07075600000000001, 0.34574399999999905, 0.4408959999999996, 0.029241000000000395, 0.05198399999999989, 0.01768900000000024, 0.061008999999999945, 0.22467600000000018, 0.11696400000000036, 0.02310399999999977, 0.20702500000000007, 0.3918759999999993, 0.19096900000000103, 0.3249000000000003, 1.4280250000000008, 0.14440000000000058, 0.005776000000000078, 0.22562499999999966, 0.0806560000000004, 0.24403599999999978, 0.3684489999999992, 0.2621440000000005, 0.22467600000000018, 0.02310399999999977, 0.04326400000000008, 0.3931289999999986, 1.087849000000002, 0.3237609999999989, 0.017423999999999915, 0.07075600000000001, 0.17388899999999985, 0.24403599999999978, 0.8987040000000007, 0.2631689999999999, 0.0014440000000000195, 0.19096899999999947, 0.0918090000000005, 1.1299690000000013, 0.5475999999999976, 0.32376100000000096, 3.6100000000000487E-4, 0.08122500000000007, 0.0702250000000003, 0.05198399999999989, 0.26214399999999866, 0.0519840000000007, 0.01768900000000024, 0.3237609999999989, 0.012996000000000176, 0.3237609999999989, 0.44089600000000195, 0.41731599999999874, 0.02280099999999994, 0.017423999999999915, 0.15920099999999932, 0.30250000000000077, 1.4762249999999997, 0.0014440000000000195, 0.8648999999999994, 0.01768900000000024, 0.012996000000000176, 0.061008999999999945, 1.1278439999999987, 0.5198410000000027, 3.609999999999374E-4, 0.029240999999999785, 0.08065599999999938, 0.4408959999999996, 0.24403599999999978, 0.023104000000000312, 0.17472400000000088, 0.08065599999999938, 0.3036010000000021, 3.6100000000007236E-4, 0.30250000000000077, 0.012996000000000176, 0.15840399999999974, 0.012996000000000176, 0.0702250000000003, 0.44222499999999887, 0.6052840000000035, 0.14364099999999966, 0.03609999999999981, 0.003249000000000044, 1.1278439999999987, 0.06051599999999934, 1.4737959999999968, 0.937024, 0.19009599999999996, 0.19096900000000103, 0.13032100000000046, 0.9741689999999967, 1.010025000000005, 0.30360099999999823, 0.029240999999999785, 1.1278439999999987, 0.0014440000000000195, 0.0702250000000003, 1.0506250000000008, 0.28196099999999874, 0.08122500000000007, 3.6100000000007236E-4, 0.08122500000000007, 0.24304900000000207, 0.17472399999999938, 0.051529000000000144, 0.02280099999999994) 

16 : 

x <- c(0.0702250000000003, 0.0014440000000000195, 1.7134810000000027, 1.0899359999999974, 1.9182250000000043, 0.017688999999999764, 0.12960000000000216, 0.029240999999999785, 0.3237609999999989, 1.089936000000001, 0.5760810000000005, 0.24304900000000032, 0.30360099999999823, 0.07075600000000001, 0.34574399999999905, 0.4408959999999996, 0.029241000000000395, 0.05198399999999989, 0.01768900000000024, 0.061008999999999945, 0.22467600000000018, 0.11696400000000036, 0.02310399999999977, 0.20702500000000007, 0.3918759999999993, 0.19096900000000103, 0.3249000000000003, 1.4280250000000008, 0.14440000000000058, 0.005776000000000078, 0.22562499999999966, 0.0806560000000004, 0.24403599999999978, 0.3684489999999992, 0.2621440000000005, 0.22467600000000018, 0.02310399999999977, 0.04326400000000008, 0.3931289999999986, 1.087849000000002, 0.3237609999999989, 0.017423999999999915, 0.07075600000000001, 0.17388899999999985, 0.24403599999999978, 0.8987040000000007, 0.2631689999999999, 0.0014440000000000195, 0.19096899999999947, 0.0918090000000005, 1.1299690000000013, 0.5475999999999976, 0.32376100000000096, 3.6100000000000487E-4, 0.08122500000000007, 0.0702250000000003, 0.05198399999999989, 0.26214399999999866, 0.0519840000000007, 0.01768900000000024, 0.3237609999999989, 0.012996000000000176, 0.3237609999999989, 0.44089600000000195, 0.41731599999999874, 0.02280099999999994, 0.017423999999999915, 0.15920099999999932, 0.30250000000000077, 1.4762249999999997, 0.0014440000000000195, 0.8648999999999994, 0.01768900000000024, 0.012996000000000176, 0.061008999999999945, 1.1278439999999987, 0.5198410000000027, 3.609999999999374E-4, 0.029240999999999785, 0.08065599999999938, 0.4408959999999996, 0.24403599999999978, 0.023104000000000312, 0.17472400000000088, 0.08065599999999938, 0.3036010000000021, 3.6100000000007236E-4, 0.30250000000000077, 0.012996000000000176, 0.15840399999999974, 0.012996000000000176, 0.0702250000000003, 0.44222499999999887, 0.6052840000000035, 0.14364099999999966, 0.03609999999999981, 0.003249000000000044, 1.1278439999999987, 0.06051599999999934, 1.4737959999999968, 0.937024, 0.19009599999999996, 0.19096900000000103, 0.13032100000000046, 0.9741689999999967, 1.010025000000005, 0.30360099999999823, 0.029240999999999785, 1.1278439999999987, 0.0014440000000000195, 0.0702250000000003, 1.0506250000000008, 0.28196099999999874, 0.08122500000000007, 3.6100000000007236E-4, 0.08122500000000007, 0.24304900000000207, 0.17472399999999938, 0.051529000000000144, 0.02280099999999994) 

17 : 

x <- c(0.0702250000000003, 0.0014440000000000195, 1.7134810000000027, 1.0899359999999974, 1.9182250000000043, 0.017688999999999764, 0.12960000000000216, 0.029240999999999785, 0.3237609999999989, 1.089936000000001, 0.5760810000000005, 0.24304900000000032, 0.30360099999999823, 0.07075600000000001, 0.34574399999999905, 0.4408959999999996, 0.029241000000000395, 0.05198399999999989, 0.01768900000000024, 0.061008999999999945, 0.22467600000000018, 0.11696400000000036, 0.02310399999999977, 0.20702500000000007, 0.3918759999999993, 0.19096900000000103, 0.3249000000000003, 1.4280250000000008, 0.14440000000000058, 0.005776000000000078, 0.22562499999999966, 0.0806560000000004, 0.24403599999999978, 0.3684489999999992, 0.2621440000000005, 0.22467600000000018, 0.02310399999999977, 0.04326400000000008, 0.3931289999999986, 1.087849000000002, 0.3237609999999989, 0.017423999999999915, 0.07075600000000001, 0.17388899999999985, 0.24403599999999978, 0.8987040000000007, 0.2631689999999999, 0.0014440000000000195, 0.19096899999999947, 0.0918090000000005, 1.1299690000000013, 0.5475999999999976, 0.32376100000000096, 3.6100000000000487E-4, 0.08122500000000007, 0.0702250000000003, 0.05198399999999989, 0.26214399999999866, 0.0519840000000007, 0.01768900000000024, 0.3237609999999989, 0.012996000000000176, 0.3237609999999989, 0.44089600000000195, 0.41731599999999874, 0.02280099999999994, 0.017423999999999915, 0.15920099999999932, 0.30250000000000077, 1.4762249999999997, 0.0014440000000000195, 0.8648999999999994, 0.01768900000000024, 0.012996000000000176, 0.061008999999999945, 1.1278439999999987, 0.5198410000000027, 3.609999999999374E-4, 0.029240999999999785, 0.08065599999999938, 0.4408959999999996, 0.24403599999999978, 0.023104000000000312, 0.17472400000000088, 0.08065599999999938, 0.3036010000000021, 3.6100000000007236E-4, 0.30250000000000077, 0.012996000000000176, 0.15840399999999974, 0.012996000000000176, 0.0702250000000003, 0.44222499999999887, 0.6052840000000035, 0.14364099999999966, 0.03609999999999981, 0.003249000000000044, 1.1278439999999987, 0.06051599999999934, 1.4737959999999968, 0.937024, 0.19009599999999996, 0.19096900000000103, 0.13032100000000046, 0.9741689999999967, 1.010025000000005, 0.30360099999999823, 0.029240999999999785, 1.1278439999999987, 0.0014440000000000195, 0.0702250000000003, 1.0506250000000008, 0.28196099999999874, 0.08122500000000007, 3.6100000000007236E-4, 0.08122500000000007, 0.24304900000000207, 0.17472399999999938, 0.051529000000000144, 0.02280099999999994) 

18 : 

x <- c(0.09103725495980704, 1.321205429961314E-4, 1.5909707265468738, 1.1223678743526349, 2.104617107840122, 2.7654606643415817E-7, 0.05472570307769226, 0.0038792898240173216, 0.21951527591632486, 0.9427344718396686, 0.5420734097386467, 0.25687986386662937, 0.3464396481721844, 0.040745692982518136, 0.2880193893042807, 0.41089455690082094, 0.03240333789185872, 0.06014751343412055, 0.010975201447947985, 0.05070241751821986, 0.21536570117991768, 0.12596646464827635, 0.03290552567042683, 0.2417923011470378, 0.4687464765410612, 0.2764846426762334, 0.21171275794980027, 1.2378594177780053, 0.12615235218893017, 0.006807597904284025, 0.23539057919540768, 0.10052787068192168, 0.2924078522258161, 0.45907908881473797, 0.3743060607692554, 0.3581774346629531, 0.08959348708323712, 0.0028465730629806834, 0.23268754466514113, 0.8622842365524199, 0.2548792011896955, 0.028467722628744845, 0.09553353258987084, 0.2236379545046975, 0.32489921890830925, 1.0978965215764593, 0.43360968716269144, 0.04335238094525411, 0.07020189573762549, 0.023108799454626013, 0.8586201801331537, 0.42882122949149676, 0.26988609954297677, 0.0016870570395923546, 0.09485748608528657, 0.09103725495980704, 0.07700312541306265, 0.3277354965576837, 0.09806641007063222, 0.0013584330781752875, 0.2296961908153117, 0.0026715330301218367, 0.26232899469856286, 0.4027186794416582, 0.4206818226633402, 0.03412560019540162, 0.008279549769622845, 0.1327532675385924, 0.28577722058284366, 1.5032876041041834, 0.0010009711487518368, 0.7433769807353794, 0.024332700799682236, 0.007157362561538711, 0.04977135642702029, 1.1024959661091274, 0.5778686424642343, 0.008634552160461877, 0.06043628111147987, 0.04036943122929396, 0.3535582515386098, 0.20848935155777343, 0.019158048251839248, 0.1799985803102256, 0.09635198020337694, 0.3493901582874603, 0.0022700916564011237, 0.379123252492824, 0.04253279202006413, 0.24574679574712993, 0.05331873182610307, 0.020334119870493442, 0.30843397062594385, 0.4905814629854322, 0.11485839978159677, 0.044871112934746674, 0.007741233604876325, 1.2006267674053415, 0.025950054032026368, 1.6565102034368473, 1.209028890877071, 0.3772504857165329, 0.40477384429085794, 0.019802744061960264, 0.6148427708112174, 0.7219619365855304, 0.19723830721550237, 0.06316760760703981, 0.9475614933251282, 3.6765062515085644E-7, 0.09033776066192035, 1.152043667853464, 0.39529959017108707, 0.16672348286005442, 0.02435230483937923, 0.02161844557169841, 0.13598873503222317, 0.10082185473770575, 0.021511599455629967, 0.04857279012533512) 

19 : 

x <- c(0.0702250000000003, 0.0014440000000000195, 1.7134810000000027, 1.0899359999999974, 1.9182250000000043, 0.017688999999999764, 0.12960000000000216, 0.029240999999999785, 0.3237609999999989, 1.089936000000001, 0.5760810000000005, 0.24304900000000032, 0.30360099999999823, 0.07075600000000001, 0.34574399999999905, 0.4408959999999996, 0.029241000000000395, 0.05198399999999989, 0.01768900000000024, 0.061008999999999945, 0.22467600000000018, 0.11696400000000036, 0.02310399999999977, 0.20702500000000007, 0.3918759999999993, 0.19096900000000103, 0.3249000000000003, 1.4280250000000008, 0.14440000000000058, 0.005776000000000078, 0.22562499999999966, 0.0806560000000004, 0.24403599999999978, 0.3684489999999992, 0.2621440000000005, 0.22467600000000018, 0.02310399999999977, 0.04326400000000008, 0.3931289999999986, 1.087849000000002, 0.3237609999999989, 0.017423999999999915, 0.07075600000000001, 0.17388899999999985, 0.24403599999999978, 0.8987040000000007, 0.2631689999999999, 0.0014440000000000195, 0.19096899999999947, 0.0918090000000005, 1.1299690000000013, 0.5475999999999976, 0.32376100000000096, 3.6100000000000487E-4, 0.08122500000000007, 0.0702250000000003, 0.05198399999999989, 0.26214399999999866, 0.0519840000000007, 0.01768900000000024, 0.3237609999999989, 0.012996000000000176, 0.3237609999999989, 0.44089600000000195, 0.41731599999999874, 0.02280099999999994, 0.017423999999999915, 0.15920099999999932, 0.30250000000000077, 1.4762249999999997, 0.0014440000000000195, 0.8648999999999994, 0.01768900000000024, 0.012996000000000176, 0.061008999999999945, 1.1278439999999987, 0.5198410000000027, 3.609999999999374E-4, 0.029240999999999785, 0.08065599999999938, 0.4408959999999996, 0.24403599999999978, 0.023104000000000312, 0.17472400000000088, 0.08065599999999938, 0.3036010000000021, 3.6100000000007236E-4, 0.30250000000000077, 0.012996000000000176, 0.15840399999999974, 0.012996000000000176, 0.0702250000000003, 0.44222499999999887, 0.6052840000000035, 0.14364099999999966, 0.03609999999999981, 0.003249000000000044, 1.1278439999999987, 0.06051599999999934, 1.4737959999999968, 0.937024, 0.19009599999999996, 0.19096900000000103, 0.13032100000000046, 0.9741689999999967, 1.010025000000005, 0.30360099999999823, 0.029240999999999785, 1.1278439999999987, 0.0014440000000000195, 0.0702250000000003, 1.0506250000000008, 0.28196099999999874, 0.08122500000000007, 3.6100000000007236E-4, 0.08122500000000007, 0.24304900000000207, 0.17472399999999938, 0.051529000000000144, 0.02280099999999994) 

20 : 

x <- c(0.0702250000000003, 0.0014440000000000195, 1.7134810000000027, 1.0899359999999974, 1.9182250000000043, 0.017688999999999764, 0.12960000000000216, 0.029240999999999785, 0.3237609999999989, 1.089936000000001, 0.5760810000000005, 0.24304900000000032, 0.30360099999999823, 0.07075600000000001, 0.34574399999999905, 0.4408959999999996, 0.029241000000000395, 0.05198399999999989, 0.01768900000000024, 0.061008999999999945, 0.22467600000000018, 0.11696400000000036, 0.02310399999999977, 0.20702500000000007, 0.3918759999999993, 0.19096900000000103, 0.3249000000000003, 1.4280250000000008, 0.14440000000000058, 0.005776000000000078, 0.22562499999999966, 0.0806560000000004, 0.24403599999999978, 0.3684489999999992, 0.2621440000000005, 0.22467600000000018, 0.02310399999999977, 0.04326400000000008, 0.3931289999999986, 1.087849000000002, 0.3237609999999989, 0.017423999999999915, 0.07075600000000001, 0.17388899999999985, 0.24403599999999978, 0.8987040000000007, 0.2631689999999999, 0.0014440000000000195, 0.19096899999999947, 0.0918090000000005, 1.1299690000000013, 0.5475999999999976, 0.32376100000000096, 3.6100000000000487E-4, 0.08122500000000007, 0.0702250000000003, 0.05198399999999989, 0.26214399999999866, 0.0519840000000007, 0.01768900000000024, 0.3237609999999989, 0.012996000000000176, 0.3237609999999989, 0.44089600000000195, 0.41731599999999874, 0.02280099999999994, 0.017423999999999915, 0.15920099999999932, 0.30250000000000077, 1.4762249999999997, 0.0014440000000000195, 0.8648999999999994, 0.01768900000000024, 0.012996000000000176, 0.061008999999999945, 1.1278439999999987, 0.5198410000000027, 3.609999999999374E-4, 0.029240999999999785, 0.08065599999999938, 0.4408959999999996, 0.24403599999999978, 0.023104000000000312, 0.17472400000000088, 0.08065599999999938, 0.3036010000000021, 3.6100000000007236E-4, 0.30250000000000077, 0.012996000000000176, 0.15840399999999974, 0.012996000000000176, 0.0702250000000003, 0.44222499999999887, 0.6052840000000035, 0.14364099999999966, 0.03609999999999981, 0.003249000000000044, 1.1278439999999987, 0.06051599999999934, 1.4737959999999968, 0.937024, 0.19009599999999996, 0.19096900000000103, 0.13032100000000046, 0.9741689999999967, 1.010025000000005, 0.30360099999999823, 0.029240999999999785, 1.1278439999999987, 0.0014440000000000195, 0.0702250000000003, 1.0506250000000008, 0.28196099999999874, 0.08122500000000007, 3.6100000000007236E-4, 0.08122500000000007, 0.24304900000000207, 0.17472399999999938, 0.051529000000000144, 0.02280099999999994) 

21 : 

x <- c(0.0702250000000003, 0.0014440000000000195, 1.7134810000000027, 1.0899359999999974, 1.9182250000000043, 0.017688999999999764, 0.12960000000000216, 0.029240999999999785, 0.3237609999999989, 1.089936000000001, 0.5760810000000005, 0.24304900000000032, 0.30360099999999823, 0.07075600000000001, 0.34574399999999905, 0.4408959999999996, 0.029241000000000395, 0.05198399999999989, 0.01768900000000024, 0.061008999999999945, 0.22467600000000018, 0.11696400000000036, 0.02310399999999977, 0.20702500000000007, 0.3918759999999993, 0.19096900000000103, 0.3249000000000003, 1.4280250000000008, 0.14440000000000058, 0.005776000000000078, 0.22562499999999966, 0.0806560000000004, 0.24403599999999978, 0.3684489999999992, 0.2621440000000005, 0.22467600000000018, 0.02310399999999977, 0.04326400000000008, 0.3931289999999986, 1.087849000000002, 0.3237609999999989, 0.017423999999999915, 0.07075600000000001, 0.17388899999999985, 0.24403599999999978, 0.8987040000000007, 0.2631689999999999, 0.0014440000000000195, 0.19096899999999947, 0.0918090000000005, 1.1299690000000013, 0.5475999999999976, 0.32376100000000096, 3.6100000000000487E-4, 0.08122500000000007, 0.0702250000000003, 0.05198399999999989, 0.26214399999999866, 0.0519840000000007, 0.01768900000000024, 0.3237609999999989, 0.012996000000000176, 0.3237609999999989, 0.44089600000000195, 0.41731599999999874, 0.02280099999999994, 0.017423999999999915, 0.15920099999999932, 0.30250000000000077, 1.4762249999999997, 0.0014440000000000195, 0.8648999999999994, 0.01768900000000024, 0.012996000000000176, 0.061008999999999945, 1.1278439999999987, 0.5198410000000027, 3.609999999999374E-4, 0.029240999999999785, 0.08065599999999938, 0.4408959999999996, 0.24403599999999978, 0.023104000000000312, 0.17472400000000088, 0.08065599999999938, 0.3036010000000021, 3.6100000000007236E-4, 0.30250000000000077, 0.012996000000000176, 0.15840399999999974, 0.012996000000000176, 0.0702250000000003, 0.44222499999999887, 0.6052840000000035, 0.14364099999999966, 0.03609999999999981, 0.003249000000000044, 1.1278439999999987, 0.06051599999999934, 1.4737959999999968, 0.937024, 0.19009599999999996, 0.19096900000000103, 0.13032100000000046, 0.9741689999999967, 1.010025000000005, 0.30360099999999823, 0.029240999999999785, 1.1278439999999987, 0.0014440000000000195, 0.0702250000000003, 1.0506250000000008, 0.28196099999999874, 0.08122500000000007, 3.6100000000007236E-4, 0.08122500000000007, 0.24304900000000207, 0.17472399999999938, 0.051529000000000144, 0.02280099999999994) 

22 : 

x <- c(0.0702250000000003, 0.0014440000000000195, 1.7134810000000027, 1.0899359999999974, 1.9182250000000043, 0.017688999999999764, 0.12960000000000216, 0.029240999999999785, 0.3237609999999989, 1.089936000000001, 0.5760810000000005, 0.24304900000000032, 0.30360099999999823, 0.07075600000000001, 0.34574399999999905, 0.4408959999999996, 0.029241000000000395, 0.05198399999999989, 0.01768900000000024, 0.061008999999999945, 0.22467600000000018, 0.11696400000000036, 0.02310399999999977, 0.20702500000000007, 0.3918759999999993, 0.19096900000000103, 0.3249000000000003, 1.4280250000000008, 0.14440000000000058, 0.005776000000000078, 0.22562499999999966, 0.0806560000000004, 0.24403599999999978, 0.3684489999999992, 0.2621440000000005, 0.22467600000000018, 0.02310399999999977, 0.04326400000000008, 0.3931289999999986, 1.087849000000002, 0.3237609999999989, 0.017423999999999915, 0.07075600000000001, 0.17388899999999985, 0.24403599999999978, 0.8987040000000007, 0.2631689999999999, 0.0014440000000000195, 0.19096899999999947, 0.0918090000000005, 1.1299690000000013, 0.5475999999999976, 0.32376100000000096, 3.6100000000000487E-4, 0.08122500000000007, 0.0702250000000003, 0.05198399999999989, 0.26214399999999866, 0.0519840000000007, 0.01768900000000024, 0.3237609999999989, 0.012996000000000176, 0.3237609999999989, 0.44089600000000195, 0.41731599999999874, 0.02280099999999994, 0.017423999999999915, 0.15920099999999932, 0.30250000000000077, 1.4762249999999997, 0.0014440000000000195, 0.8648999999999994, 0.01768900000000024, 0.012996000000000176, 0.061008999999999945, 1.1278439999999987, 0.5198410000000027, 3.609999999999374E-4, 0.029240999999999785, 0.08065599999999938, 0.4408959999999996, 0.24403599999999978, 0.023104000000000312, 0.17472400000000088, 0.08065599999999938, 0.3036010000000021, 3.6100000000007236E-4, 0.30250000000000077, 0.012996000000000176, 0.15840399999999974, 0.012996000000000176, 0.0702250000000003, 0.44222499999999887, 0.6052840000000035, 0.14364099999999966, 0.03609999999999981, 0.003249000000000044, 1.1278439999999987, 0.06051599999999934, 1.4737959999999968, 0.937024, 0.19009599999999996, 0.19096900000000103, 0.13032100000000046, 0.9741689999999967, 1.010025000000005, 0.30360099999999823, 0.029240999999999785, 1.1278439999999987, 0.0014440000000000195, 0.0702250000000003, 1.0506250000000008, 0.28196099999999874, 0.08122500000000007, 3.6100000000007236E-4, 0.08122500000000007, 0.24304900000000207, 0.17472399999999938, 0.051529000000000144, 0.02280099999999994) 

23 : 

x <- c(0.0702250000000003, 0.0014440000000000195, 1.7134810000000027, 1.0899359999999974, 1.9182250000000043, 0.017688999999999764, 0.12960000000000216, 0.029240999999999785, 0.3237609999999989, 1.089936000000001, 0.5760810000000005, 0.24304900000000032, 0.30360099999999823, 0.07075600000000001, 0.34574399999999905, 0.4408959999999996, 0.029241000000000395, 0.05198399999999989, 0.01768900000000024, 0.061008999999999945, 0.22467600000000018, 0.11696400000000036, 0.02310399999999977, 0.20702500000000007, 0.3918759999999993, 0.19096900000000103, 0.3249000000000003, 1.4280250000000008, 0.14440000000000058, 0.005776000000000078, 0.22562499999999966, 0.0806560000000004, 0.24403599999999978, 0.3684489999999992, 0.2621440000000005, 0.22467600000000018, 0.02310399999999977, 0.04326400000000008, 0.3931289999999986, 1.087849000000002, 0.3237609999999989, 0.017423999999999915, 0.07075600000000001, 0.17388899999999985, 0.24403599999999978, 0.8987040000000007, 0.2631689999999999, 0.0014440000000000195, 0.19096899999999947, 0.0918090000000005, 1.1299690000000013, 0.5475999999999976, 0.32376100000000096, 3.6100000000000487E-4, 0.08122500000000007, 0.0702250000000003, 0.05198399999999989, 0.26214399999999866, 0.0519840000000007, 0.01768900000000024, 0.3237609999999989, 0.012996000000000176, 0.3237609999999989, 0.44089600000000195, 0.41731599999999874, 0.02280099999999994, 0.017423999999999915, 0.15920099999999932, 0.30250000000000077, 1.4762249999999997, 0.0014440000000000195, 0.8648999999999994, 0.01768900000000024, 0.012996000000000176, 0.061008999999999945, 1.1278439999999987, 0.5198410000000027, 3.609999999999374E-4, 0.029240999999999785, 0.08065599999999938, 0.4408959999999996, 0.24403599999999978, 0.023104000000000312, 0.17472400000000088, 0.08065599999999938, 0.3036010000000021, 3.6100000000007236E-4, 0.30250000000000077, 0.012996000000000176, 0.15840399999999974, 0.012996000000000176, 0.0702250000000003, 0.44222499999999887, 0.6052840000000035, 0.14364099999999966, 0.03609999999999981, 0.003249000000000044, 1.1278439999999987, 0.06051599999999934, 1.4737959999999968, 0.937024, 0.19009599999999996, 0.19096900000000103, 0.13032100000000046, 0.9741689999999967, 1.010025000000005, 0.30360099999999823, 0.029240999999999785, 1.1278439999999987, 0.0014440000000000195, 0.0702250000000003, 1.0506250000000008, 0.28196099999999874, 0.08122500000000007, 3.6100000000007236E-4, 0.08122500000000007, 0.24304900000000207, 0.17472399999999938, 0.051529000000000144, 0.02280099999999994) 

24 : 

x <- c(0.0702250000000003, 0.0014440000000000195, 1.7134810000000027, 1.0899359999999974, 1.9182250000000043, 0.017688999999999764, 0.12960000000000216, 0.029240999999999785, 0.3237609999999989, 1.089936000000001, 0.5760810000000005, 0.24304900000000032, 0.30360099999999823, 0.07075600000000001, 0.34574399999999905, 0.4408959999999996, 0.029241000000000395, 0.05198399999999989, 0.01768900000000024, 0.061008999999999945, 0.22467600000000018, 0.11696400000000036, 0.02310399999999977, 0.20702500000000007, 0.3918759999999993, 0.19096900000000103, 0.3249000000000003, 1.4280250000000008, 0.14440000000000058, 0.005776000000000078, 0.22562499999999966, 0.0806560000000004, 0.24403599999999978, 0.3684489999999992, 0.2621440000000005, 0.22467600000000018, 0.02310399999999977, 0.04326400000000008, 0.3931289999999986, 1.087849000000002, 0.3237609999999989, 0.017423999999999915, 0.07075600000000001, 0.17388899999999985, 0.24403599999999978, 0.8987040000000007, 0.2631689999999999, 0.0014440000000000195, 0.19096899999999947, 0.0918090000000005, 1.1299690000000013, 0.5475999999999976, 0.32376100000000096, 3.6100000000000487E-4, 0.08122500000000007, 0.0702250000000003, 0.05198399999999989, 0.26214399999999866, 0.0519840000000007, 0.01768900000000024, 0.3237609999999989, 0.012996000000000176, 0.3237609999999989, 0.44089600000000195, 0.41731599999999874, 0.02280099999999994, 0.017423999999999915, 0.15920099999999932, 0.30250000000000077, 1.4762249999999997, 0.0014440000000000195, 0.8648999999999994, 0.01768900000000024, 0.012996000000000176, 0.061008999999999945, 1.1278439999999987, 0.5198410000000027, 3.609999999999374E-4, 0.029240999999999785, 0.08065599999999938, 0.4408959999999996, 0.24403599999999978, 0.023104000000000312, 0.17472400000000088, 0.08065599999999938, 0.3036010000000021, 3.6100000000007236E-4, 0.30250000000000077, 0.012996000000000176, 0.15840399999999974, 0.012996000000000176, 0.0702250000000003, 0.44222499999999887, 0.6052840000000035, 0.14364099999999966, 0.03609999999999981, 0.003249000000000044, 1.1278439999999987, 0.06051599999999934, 1.4737959999999968, 0.937024, 0.19009599999999996, 0.19096900000000103, 0.13032100000000046, 0.9741689999999967, 1.010025000000005, 0.30360099999999823, 0.029240999999999785, 1.1278439999999987, 0.0014440000000000195, 0.0702250000000003, 1.0506250000000008, 0.28196099999999874, 0.08122500000000007, 3.6100000000007236E-4, 0.08122500000000007, 0.24304900000000207, 0.17472399999999938, 0.051529000000000144, 0.02280099999999994) 

25 : 

x <- c(0.0702250000000003, 0.0014440000000000195, 1.7134810000000027, 1.0899359999999974, 1.9182250000000043, 0.017688999999999764, 0.12960000000000216, 0.029240999999999785, 0.3237609999999989, 1.089936000000001, 0.5760810000000005, 0.24304900000000032, 0.30360099999999823, 0.07075600000000001, 0.34574399999999905, 0.4408959999999996, 0.029241000000000395, 0.05198399999999989, 0.01768900000000024, 0.061008999999999945, 0.22467600000000018, 0.11696400000000036, 0.02310399999999977, 0.20702500000000007, 0.3918759999999993, 0.19096900000000103, 0.3249000000000003, 1.4280250000000008, 0.14440000000000058, 0.005776000000000078, 0.22562499999999966, 0.0806560000000004, 0.24403599999999978, 0.3684489999999992, 0.2621440000000005, 0.22467600000000018, 0.02310399999999977, 0.04326400000000008, 0.3931289999999986, 1.087849000000002, 0.3237609999999989, 0.017423999999999915, 0.07075600000000001, 0.17388899999999985, 0.24403599999999978, 0.8987040000000007, 0.2631689999999999, 0.0014440000000000195, 0.19096899999999947, 0.0918090000000005, 1.1299690000000013, 0.5475999999999976, 0.32376100000000096, 3.6100000000000487E-4, 0.08122500000000007, 0.0702250000000003, 0.05198399999999989, 0.26214399999999866, 0.0519840000000007, 0.01768900000000024, 0.3237609999999989, 0.012996000000000176, 0.3237609999999989, 0.44089600000000195, 0.41731599999999874, 0.02280099999999994, 0.017423999999999915, 0.15920099999999932, 0.30250000000000077, 1.4762249999999997, 0.0014440000000000195, 0.8648999999999994, 0.01768900000000024, 0.012996000000000176, 0.061008999999999945, 1.1278439999999987, 0.5198410000000027, 3.609999999999374E-4, 0.029240999999999785, 0.08065599999999938, 0.4408959999999996, 0.24403599999999978, 0.023104000000000312, 0.17472400000000088, 0.08065599999999938, 0.3036010000000021, 3.6100000000007236E-4, 0.30250000000000077, 0.012996000000000176, 0.15840399999999974, 0.012996000000000176, 0.0702250000000003, 0.44222499999999887, 0.6052840000000035, 0.14364099999999966, 0.03609999999999981, 0.003249000000000044, 1.1278439999999987, 0.06051599999999934, 1.4737959999999968, 0.937024, 0.19009599999999996, 0.19096900000000103, 0.13032100000000046, 0.9741689999999967, 1.010025000000005, 0.30360099999999823, 0.029240999999999785, 1.1278439999999987, 0.0014440000000000195, 0.0702250000000003, 1.0506250000000008, 0.28196099999999874, 0.08122500000000007, 3.6100000000007236E-4, 0.08122500000000007, 0.24304900000000207, 0.17472399999999938, 0.051529000000000144, 0.02280099999999994) 

26 : 

x <- c(0.0702250000000003, 0.0014440000000000195, 1.7134810000000027, 1.0899359999999974, 1.9182250000000043, 0.017688999999999764, 0.12960000000000216, 0.029240999999999785, 0.3237609999999989, 1.089936000000001, 0.5760810000000005, 0.24304900000000032, 0.30360099999999823, 0.07075600000000001, 0.34574399999999905, 0.4408959999999996, 0.029241000000000395, 0.05198399999999989, 0.01768900000000024, 0.061008999999999945, 0.22467600000000018, 0.11696400000000036, 0.02310399999999977, 0.20702500000000007, 0.3918759999999993, 0.19096900000000103, 0.3249000000000003, 1.4280250000000008, 0.14440000000000058, 0.005776000000000078, 0.22562499999999966, 0.0806560000000004, 0.24403599999999978, 0.3684489999999992, 0.2621440000000005, 0.22467600000000018, 0.02310399999999977, 0.04326400000000008, 0.3931289999999986, 1.087849000000002, 0.3237609999999989, 0.017423999999999915, 0.07075600000000001, 0.17388899999999985, 0.24403599999999978, 0.8987040000000007, 0.2631689999999999, 0.0014440000000000195, 0.19096899999999947, 0.0918090000000005, 1.1299690000000013, 0.5475999999999976, 0.32376100000000096, 3.6100000000000487E-4, 0.08122500000000007, 0.0702250000000003, 0.05198399999999989, 0.26214399999999866, 0.0519840000000007, 0.01768900000000024, 0.3237609999999989, 0.012996000000000176, 0.3237609999999989, 0.44089600000000195, 0.41731599999999874, 0.02280099999999994, 0.017423999999999915, 0.15920099999999932, 0.30250000000000077, 1.4762249999999997, 0.0014440000000000195, 0.8648999999999994, 0.01768900000000024, 0.012996000000000176, 0.061008999999999945, 1.1278439999999987, 0.5198410000000027, 3.609999999999374E-4, 0.029240999999999785, 0.08065599999999938, 0.4408959999999996, 0.24403599999999978, 0.023104000000000312, 0.17472400000000088, 0.08065599999999938, 0.3036010000000021, 3.6100000000007236E-4, 0.30250000000000077, 0.012996000000000176, 0.15840399999999974, 0.012996000000000176, 0.0702250000000003, 0.44222499999999887, 0.6052840000000035, 0.14364099999999966, 0.03609999999999981, 0.003249000000000044, 1.1278439999999987, 0.06051599999999934, 1.4737959999999968, 0.937024, 0.19009599999999996, 0.19096900000000103, 0.13032100000000046, 0.9741689999999967, 1.010025000000005, 0.30360099999999823, 0.029240999999999785, 1.1278439999999987, 0.0014440000000000195, 0.0702250000000003, 1.0506250000000008, 0.28196099999999874, 0.08122500000000007, 3.6100000000007236E-4, 0.08122500000000007, 0.24304900000000207, 0.17472399999999938, 0.051529000000000144, 0.02280099999999994) 

27 : 

x <- c(0.0702250000000003, 0.0014440000000000195, 1.7134810000000027, 1.0899359999999974, 1.9182250000000043, 0.017688999999999764, 0.12960000000000216, 0.029240999999999785, 0.3237609999999989, 1.089936000000001, 0.5760810000000005, 0.24304900000000032, 0.30360099999999823, 0.07075600000000001, 0.34574399999999905, 0.4408959999999996, 0.029241000000000395, 0.05198399999999989, 0.01768900000000024, 0.061008999999999945, 0.22467600000000018, 0.11696400000000036, 0.02310399999999977, 0.20702500000000007, 0.3918759999999993, 0.19096900000000103, 0.3249000000000003, 1.4280250000000008, 0.14440000000000058, 0.005776000000000078, 0.22562499999999966, 0.0806560000000004, 0.24403599999999978, 0.3684489999999992, 0.2621440000000005, 0.22467600000000018, 0.02310399999999977, 0.04326400000000008, 0.3931289999999986, 1.087849000000002, 0.3237609999999989, 0.017423999999999915, 0.07075600000000001, 0.17388899999999985, 0.24403599999999978, 0.8987040000000007, 0.2631689999999999, 0.0014440000000000195, 0.19096899999999947, 0.0918090000000005, 1.1299690000000013, 0.5475999999999976, 0.32376100000000096, 3.6100000000000487E-4, 0.08122500000000007, 0.0702250000000003, 0.05198399999999989, 0.26214399999999866, 0.0519840000000007, 0.01768900000000024, 0.3237609999999989, 0.012996000000000176, 0.3237609999999989, 0.44089600000000195, 0.41731599999999874, 0.02280099999999994, 0.017423999999999915, 0.15920099999999932, 0.30250000000000077, 1.4762249999999997, 0.0014440000000000195, 0.8648999999999994, 0.01768900000000024, 0.012996000000000176, 0.061008999999999945, 1.1278439999999987, 0.5198410000000027, 3.609999999999374E-4, 0.029240999999999785, 0.08065599999999938, 0.4408959999999996, 0.24403599999999978, 0.023104000000000312, 0.17472400000000088, 0.08065599999999938, 0.3036010000000021, 3.6100000000007236E-4, 0.30250000000000077, 0.012996000000000176, 0.15840399999999974, 0.012996000000000176, 0.0702250000000003, 0.44222499999999887, 0.6052840000000035, 0.14364099999999966, 0.03609999999999981, 0.003249000000000044, 1.1278439999999987, 0.06051599999999934, 1.4737959999999968, 0.937024, 0.19009599999999996, 0.19096900000000103, 0.13032100000000046, 0.9741689999999967, 1.010025000000005, 0.30360099999999823, 0.029240999999999785, 1.1278439999999987, 0.0014440000000000195, 0.0702250000000003, 1.0506250000000008, 0.28196099999999874, 0.08122500000000007, 3.6100000000007236E-4, 0.08122500000000007, 0.24304900000000207, 0.17472399999999938, 0.051529000000000144, 0.02280099999999994) 

28 : 

x <- c(0.0702250000000003, 0.0014440000000000195, 1.7134810000000027, 1.0899359999999974, 1.9182250000000043, 0.017688999999999764, 0.12960000000000216, 0.029240999999999785, 0.3237609999999989, 1.089936000000001, 0.5760810000000005, 0.24304900000000032, 0.30360099999999823, 0.07075600000000001, 0.34574399999999905, 0.4408959999999996, 0.029241000000000395, 0.05198399999999989, 0.01768900000000024, 0.061008999999999945, 0.22467600000000018, 0.11696400000000036, 0.02310399999999977, 0.20702500000000007, 0.3918759999999993, 0.19096900000000103, 0.3249000000000003, 1.4280250000000008, 0.14440000000000058, 0.005776000000000078, 0.22562499999999966, 0.0806560000000004, 0.24403599999999978, 0.3684489999999992, 0.2621440000000005, 0.22467600000000018, 0.02310399999999977, 0.04326400000000008, 0.3931289999999986, 1.087849000000002, 0.3237609999999989, 0.017423999999999915, 0.07075600000000001, 0.17388899999999985, 0.24403599999999978, 0.8987040000000007, 0.2631689999999999, 0.0014440000000000195, 0.19096899999999947, 0.0918090000000005, 1.1299690000000013, 0.5475999999999976, 0.32376100000000096, 3.6100000000000487E-4, 0.08122500000000007, 0.0702250000000003, 0.05198399999999989, 0.26214399999999866, 0.0519840000000007, 0.01768900000000024, 0.3237609999999989, 0.012996000000000176, 0.3237609999999989, 0.44089600000000195, 0.41731599999999874, 0.02280099999999994, 0.017423999999999915, 0.15920099999999932, 0.30250000000000077, 1.4762249999999997, 0.0014440000000000195, 0.8648999999999994, 0.01768900000000024, 0.012996000000000176, 0.061008999999999945, 1.1278439999999987, 0.5198410000000027, 3.609999999999374E-4, 0.029240999999999785, 0.08065599999999938, 0.4408959999999996, 0.24403599999999978, 0.023104000000000312, 0.17472400000000088, 0.08065599999999938, 0.3036010000000021, 3.6100000000007236E-4, 0.30250000000000077, 0.012996000000000176, 0.15840399999999974, 0.012996000000000176, 0.0702250000000003, 0.44222499999999887, 0.6052840000000035, 0.14364099999999966, 0.03609999999999981, 0.003249000000000044, 1.1278439999999987, 0.06051599999999934, 1.4737959999999968, 0.937024, 0.19009599999999996, 0.19096900000000103, 0.13032100000000046, 0.9741689999999967, 1.010025000000005, 0.30360099999999823, 0.029240999999999785, 1.1278439999999987, 0.0014440000000000195, 0.0702250000000003, 1.0506250000000008, 0.28196099999999874, 0.08122500000000007, 3.6100000000007236E-4, 0.08122500000000007, 0.24304900000000207, 0.17472399999999938, 0.051529000000000144, 0.02280099999999994) 

29 : 

x <- c(0.0702250000000003, 0.0014440000000000195, 1.7134810000000027, 1.0899359999999974, 1.9182250000000043, 0.017688999999999764, 0.12960000000000216, 0.029240999999999785, 0.3237609999999989, 1.089936000000001, 0.5760810000000005, 0.24304900000000032, 0.30360099999999823, 0.07075600000000001, 0.34574399999999905, 0.4408959999999996, 0.029241000000000395, 0.05198399999999989, 0.01768900000000024, 0.061008999999999945, 0.22467600000000018, 0.11696400000000036, 0.02310399999999977, 0.20702500000000007, 0.3918759999999993, 0.19096900000000103, 0.3249000000000003, 1.4280250000000008, 0.14440000000000058, 0.005776000000000078, 0.22562499999999966, 0.0806560000000004, 0.24403599999999978, 0.3684489999999992, 0.2621440000000005, 0.22467600000000018, 0.02310399999999977, 0.04326400000000008, 0.3931289999999986, 1.087849000000002, 0.3237609999999989, 0.017423999999999915, 0.07075600000000001, 0.17388899999999985, 0.24403599999999978, 0.8987040000000007, 0.2631689999999999, 0.0014440000000000195, 0.19096899999999947, 0.0918090000000005, 1.1299690000000013, 0.5475999999999976, 0.32376100000000096, 3.6100000000000487E-4, 0.08122500000000007, 0.0702250000000003, 0.05198399999999989, 0.26214399999999866, 0.0519840000000007, 0.01768900000000024, 0.3237609999999989, 0.012996000000000176, 0.3237609999999989, 0.44089600000000195, 0.41731599999999874, 0.02280099999999994, 0.017423999999999915, 0.15920099999999932, 0.30250000000000077, 1.4762249999999997, 0.0014440000000000195, 0.8648999999999994, 0.01768900000000024, 0.012996000000000176, 0.061008999999999945, 1.1278439999999987, 0.5198410000000027, 3.609999999999374E-4, 0.029240999999999785, 0.08065599999999938, 0.4408959999999996, 0.24403599999999978, 0.023104000000000312, 0.17472400000000088, 0.08065599999999938, 0.3036010000000021, 3.6100000000007236E-4, 0.30250000000000077, 0.012996000000000176, 0.15840399999999974, 0.012996000000000176, 0.0702250000000003, 0.44222499999999887, 0.6052840000000035, 0.14364099999999966, 0.03609999999999981, 0.003249000000000044, 1.1278439999999987, 0.06051599999999934, 1.4737959999999968, 0.937024, 0.19009599999999996, 0.19096900000000103, 0.13032100000000046, 0.9741689999999967, 1.010025000000005, 0.30360099999999823, 0.029240999999999785, 1.1278439999999987, 0.0014440000000000195, 0.0702250000000003, 1.0506250000000008, 0.28196099999999874, 0.08122500000000007, 3.6100000000007236E-4, 0.08122500000000007, 0.24304900000000207, 0.17472399999999938, 0.051529000000000144, 0.02280099999999994) 

30 : 

x <- c(0.0999024576548909, 9.507427489653673E-4, 1.5443348266751822, 1.13516970426767, 2.179796990356683, 0.002625323368472028, 0.034105191450316305, 3.921801506070079E-4, 0.1842677215545117, 0.8881162934878071, 0.5290661681102033, 0.2623882128097153, 0.3639466158812976, 0.03125521346191097, 0.26689527176637906, 0.39945881094912067, 0.033683118517051934, 0.06349907912151204, 0.008785112647177028, 0.04693408133024735, 0.21178126521257087, 0.1295748234564622, 0.03720511662993797, 0.25611038780675943, 0.5006526775237512, 0.3141864936303734, 0.17404610108662735, 1.1672434343368752, 0.11935693781403453, 0.007233708690431302, 0.23926265772930727, 0.1088867276092815, 0.31249655002886884, 0.49719756815108423, 0.42354616206553114, 0.4187631211818633, 0.12736843009770232, 5.004657719853244E-5, 0.18136189055660407, 0.7812585903484337, 0.23019982645263476, 0.03351590654858227, 0.10622404059829352, 0.24477551953977797, 0.35963502013931203, 1.1811434615319172, 0.5117117931785325, 0.07547229047260715, 0.03909754387119878, 0.008652580897505327, 0.7626994755598395, 0.38634951386864086, 0.2501659108773507, 0.0024699963281518554, 0.10047154058367717, 0.0999024576548909, 0.08811049280141296, 0.35535303209450314, 0.12001360613820737, 5.049975722185704E-7, 0.19731647125640356, 7.473796903333701E-4, 0.24007908918532964, 0.3882707092872501, 0.42200067901099636, 0.039168955614673026, 0.005620248330508723, 0.12307124353315715, 0.27937204682820416, 1.5139290097222216, 0.0034632019131903367, 0.69839086287187, 0.027215912654854922, 0.005345616197149729, 0.045690831099145464, 1.0926695921422045, 0.6013767977773515, 0.014836984118589112, 0.0756693157155251, 0.028378371915832392, 0.32204811507722375, 0.1953594960571391, 0.01771650831187829, 0.18208091552781372, 0.1028640528136284, 0.3681556125516847, 0.005429767979222246, 0.41141135069644685, 0.058697278848991015, 0.2850658989689791, 0.07650206352046912, 0.00898126190707663, 0.26268714047901515, 0.4490329777125823, 0.1044852083748756, 0.048557317421402194, 0.010018263585463727, 1.2296846799947443, 0.01636148188271849, 1.7308054072674086, 1.3247192959408483, 0.46763854334811383, 0.5098849144249467, 0.0029865652503670093, 0.49680524338881565, 0.6225116028273816, 0.16188579946832865, 0.07993115155435335, 0.8813799837938862, 1.9614268560475914E-4, 0.09888401592311925, 1.1929421383616485, 0.44477645630253587, 0.2083957949634991, 0.04393422368502076, 0.008671646256327216, 0.1025425869321638, 0.07743094435720839, 0.013289252850859568, 0.06125979790353233) 



